DATA_YM,TOTAL_BIDG,FAC_NEIGH_1,FAC_NEIGH_2,TOTAL_GAS,CMRC_GAS,TOTAL_ELEC,PC1
202303,538.0,266.0,88.0,13.156805383008471,13.052095407610661,1174.57,10.293526005079686
202303,765.0,72.0,174.0,12.68442259712269,12.670262532680143,571.137,-4.182696992575795
202212,343.0,74.0,161.0,13.734131290826273,13.496493293090415,1094.982,-6.039817603102448
202312,129.0,4.0,14.0,12.328714966822528,12.319195952605655,594.064,-6.276933343152721
202301,34.0,2.0,14.0,14.449361452828594,13.69478933506017,2708.273,-6.20711335129225
202407,24.0,9.0,12.0,11.8571957887502,11.721044714585323,945.607,-6.2918148135823255
202308,1.0,0.0,0.0,9.217812386814884,0.6931471805599453,0.0,-6.2918148135823255
202401,261.0,101.0,50.0,11.90821228291114,11.908219017756897,431.083,-3.9969992266279197
202208,38.0,7.0,8.0,9.636000187369866,9.632990304838447,68.201,-6.2918148135823255
202301,171.0,8.0,41.0,11.919450011675083,11.91945667126039,293.958,-6.271039005393656
202210,204.0,14.0,23.0,12.130492051138848,11.50833494463585,605.138,-6.2918148135823255
202405,13.0,6.0,4.0,12.898519580975726,12.66066436913818,950.842,-6.2918148135823255
202303,249.0,59.0,70.0,13.727424421809687,13.041979444853538,1511.289,11.606667951434202
202406,153.0,34.0,31.0,11.470059716740737,11.4700701546638,449.982,4.951992948269529
202211,145.0,53.0,41.0,9.34005197849784,9.129889247578555,201.905,-2.8707115177868396
202310,3.0,0.0,0.0,13.257243859598146,12.560549675825364,1030.212,-6.227889159480919
202303,37.0,7.0,7.0,10.37913149526554,10.350734194659248,52.043,-6.2918148135823255
202303,269.0,51.0,132.0,14.819096159973412,14.677095864959547,5589.638,-2.2429820961494142
202303,689.0,190.0,123.0,13.874236908615273,13.17860759571708,2510.212,63.689784062262795
202312,1523.0,222.0,867.0,15.949799240382324,15.668598244564603,12354.263,-1.1795127159820815
202207,155.0,31.0,58.0,13.06346014814123,12.999637395492524,1242.391,-5.234783934983064
202303,128.0,26.0,52.0,12.91098781093962,12.313028388136646,546.895,-6.174409986472073
202310,5.0,1.0,0.0,13.703795450140648,13.703796568334273,3196.212,-6.100037851278107
202409,142.0,34.0,16.0,11.372823964951898,11.36771470471244,355.565,-6.058486234900769
202210,171.0,9.0,27.0,12.789296137197631,12.063137172830357,986.165,-6.243500304121533
202406,335.0,152.0,84.0,13.589826281740311,13.132416673253449,1926.278,6.888483322731693
202409,14.0,1.0,0.0,13.290163337679262,11.255785529897711,5566.288,-5.319485397273138
202210,113.0,24.0,29.0,12.853293681697835,12.761135226189214,1114.399,-6.258381774551138
202308,20.0,13.0,5.0,8.121480374750751,8.121777419161074,69.965,-6.2918148135823255
202303,125.0,45.0,15.0,13.033009622825423,12.608991180538412,553.15,-2.0396696733299002
202310,14.0,5.0,2.0,11.745076328377726,0.6931471805599453,259.805,-4.155379018659732
202207,110.0,3.0,21.0,11.350571227792281,11.350582990491587,235.481,-6.2918148135823255
202402,98.0,19.0,44.0,13.202351314347206,13.083077702141056,1278.089,-5.319485397273138
202409,84.0,7.0,36.0,10.076894491940509,10.076936530826485,159.143,-6.2918148135823255
202404,478.0,61.0,60.0,12.427025799675075,12.427029808438231,731.545,-4.718011657272621
202208,960.0,261.0,191.0,13.22307530509987,12.994245874623886,3431.29,34.674785589346115
202212,281.0,78.0,62.0,13.927616174198565,13.639831292230824,2320.278,5.793174504363455
202303,399.0,129.0,53.0,11.333332183047432,11.30183399468016,651.955,-3.026880560068692
202303,52.0,12.0,9.0,9.301733800405394,9.301825062098361,181.785,-3.3748265646547635
202207,249.0,96.0,61.0,6.343880434126331,6.345636360828596,431.614,-3.119074589653231
202310,20.0,2.0,3.0,14.09061410137372,12.691589692038502,1156.817,-6.031766427099414
202405,106.0,23.0,25.0,13.145179107801525,12.183499784677782,1368.08,-6.258381774551138
202312,477.0,111.0,131.0,14.72839268714717,14.51086530006622,5692.837,62.39706832412114
202311,50.0,2.0,21.0,12.81342225759136,12.023597076877001,839.122,-6.227889159480919
202303,106.0,24.0,24.0,13.242178125512268,12.59175332617654,947.037,12.264191644784214
202211,94.0,36.0,37.0,11.716869886846787,11.598378127795863,553.566,-1.8471271680558905
202301,176.0,5.0,14.0,13.369474986199315,13.226234985188736,2163.548,-6.163963505379513
202303,287.0,53.0,143.0,13.686534488368997,13.633306194302936,2128.702,-5.051076191429087
202406,293.0,90.0,32.0,11.999589535109072,11.942289374749269,461.815,-0.755002172457008
202303,287.0,76.0,113.0,13.609037282270577,13.105064612826,1403.084,-5.216507096043242
202406,627.0,196.0,174.0,13.158801376243114,12.594408549559601,2375.198,19.78013693517932
202404,528.0,188.0,98.0,13.047659227572005,12.854081236798713,996.904,13.453410942262527
202207,40.0,9.0,10.0,13.255272326350973,13.139513470231561,1713.656,-5.260056291441973
202301,49.0,17.0,21.0,13.903689003664205,12.898827249041833,1331.946,-4.292947133744094
202208,28.0,3.0,6.0,14.10239781463366,13.76854472868353,4339.841,-5.828503362875808
202312,72.0,17.0,16.0,12.271897838550345,12.27190252001199,296.221,-4.347155980963951
202303,14.0,5.0,2.0,9.903337541285003,0.6931471805599453,281.686,-4.155379018659732
202403,446.0,216.0,62.0,12.066419697214947,12.066425446571737,1172.632,19.492656677780566
202406,62.0,17.0,34.0,12.583062830454274,12.409743835004564,1555.994,-6.22494873551995
202208,42.0,8.0,22.0,12.806553398491177,11.31318100708425,770.661,-6.2918148135823255
202403,247.0,97.0,61.0,9.553149630053277,9.553220604892726,497.68,-3.119074589653231
202312,94.0,36.0,37.0,12.052192762367522,11.920561548139094,587.447,-1.8471271680558905
202211,327.0,105.0,51.0,13.239308728968007,13.169220245389006,963.669,-0.39599716656381734
202303,92.0,34.0,13.0,11.50677659938335,11.356610778702432,211.954,-1.3662420779349826
202306,113.0,7.0,16.0,12.38298375890268,12.382987948165182,1259.135,-6.227889159480919
202211,257.0,26.0,90.0,14.393847716579662,13.672846157529946,4480.166,-5.319485397273138
202210,114.0,62.0,18.0,12.516299904551417,12.009558853715383,1094.179,-1.2657087436482328
202303,438.0,233.0,47.0,11.610868539300192,11.551068674748269,554.552,4.045223918935175
202207,341.0,153.0,57.0,11.932602437746567,11.9255052039638,828.035,2.918688273380301
202303,174.0,4.0,3.0,12.683123261337627,12.624197282585092,1116.978,-6.115648995918721
202306,114.0,16.0,58.0,12.699029570753682,12.348470241950476,785.407,-6.2918148135823255
202211,96.0,49.0,16.0,12.376039023808083,12.354673668746441,602.178,-6.177278301592221
202307,214.0,73.0,21.0,10.29177259143444,10.226585030208863,629.821,-3.1131802518941663
202303,28.0,2.0,3.0,14.915466610044454,10.449091343637994,14834.384,-6.2918148135823255
202407,45.0,13.0,16.0,12.020784693332617,11.740268187411703,727.753,-4.283230326862545
202409,57.0,2.0,14.0,12.514898357483911,10.289939721462362,1147.121,-6.271039005393656
202303,232.0,11.0,30.0,9.745487807887239,9.745546364467552,238.769,-4.715787417685535
202303,251.0,83.0,48.0,12.219960757690341,12.07714208141547,774.361,35.56444816749319
202310,142.0,16.0,43.0,12.375785883816096,11.85604697466789,1100.704,-0.5883429704170613
202307,144.0,18.0,62.0,13.445181389361561,11.491436216127244,2423.437,-2.3817213401569073
202211,268.0,61.0,66.0,9.488426550754516,9.435322232564033,335.564,-4.574499845833286
202208,3.0,0.0,1.0,13.744941087154645,0.6931471805599453,2905.038,-6.227889159480919
202308,94.0,1.0,0.0,14.36443568964472,8.90815361332152,2208.149,-6.00779446309766
202303,228.0,10.0,67.0,14.301055911502964,12.90143487106567,2539.92,-3.4028515413295093
202208,65.0,30.0,18.0,14.515186877233107,14.271870914583573,8031.452,-4.1061141076318695
202401,301.0,101.0,75.0,14.120747881311457,14.091879376204655,1964.822,-3.2603621615054794
202210,91.0,10.0,44.0,12.401125316677858,12.231525944335168,650.058,-5.2860523582419505
202406,488.0,182.0,117.0,12.26835236750062,12.16213120726719,1087.765,7.561896056581039
202402,161.0,61.0,32.0,12.176267863037967,12.091217195310547,379.37,-4.013870719451424
202312,210.0,35.0,57.0,13.47793631435635,13.364229757555865,1268.252,1.743522893459776
202308,164.0,32.0,14.0,12.549488575957183,12.054324909652557,435.475,-3.046314173831791
202407,67.0,7.0,20.0,13.88304303025391,13.64942291523653,3102.196,6.412393252538516
202407,685.0,215.0,213.0,14.61207541809767,14.34993043524753,5790.229,12.676842336278606
202207,8.0,1.0,2.0,14.000598285378187,13.598516807799005,5224.151,-6.227889159480919
202307,105.0,13.0,52.0,12.782773084694727,12.596187201133395,2082.549,-5.718692015211344
202301,41.0,0.0,0.0,14.67636426414764,0.6931471805599453,9174.439,-6.2918148135823255
202208,233.0,123.0,16.0,10.72192286823823,10.720620712877064,394.448,-1.332809038903795
202405,541.0,176.0,92.0,12.7816939448667,12.594561129431222,1013.619,-2.8203257914941924
202306,153.0,5.0,35.0,11.417471274796908,11.41748227632062,258.663,-6.2918148135823255
202210,88.0,5.0,6.0,10.168310330841827,10.168348697202207,243.151,-6.2918148135823255
202408,286.0,77.0,114.0,14.142982412388188,13.086647076618844,2003.828,-5.216507096043242
202409,56.0,3.0,10.0,11.140237276376,10.729678506853837,271.748,-6.271039005393656
202301,60.0,2.0,10.0,14.863836413610818,14.01017891172526,3241.803,10.711407695471562
202410,2.0,0.0,0.0,11.545412016004526,0.6931471805599453,666.476,-6.2918148135823255
202210,260.0,43.0,105.0,12.217823334962835,12.138526940677988,915.743,11.697191721435113
202303,112.0,24.0,28.0,13.285408668349609,13.205341464939568,1132.66,-6.258381774551138
202301,64.0,0.0,4.0,10.415442538332677,0.6931471805599453,562.913,-6.2918148135823255
202311,5.0,3.0,0.0,11.19978882304598,11.199802500036494,153.908,-6.27185124575107
202410,6.0,1.0,0.0,12.313477569959522,5.91350300563827,626.761,-6.276933343152721
202307,194.0,22.0,63.0,12.991131054178933,12.669555057785644,1987.317,-6.088978849970988
202402,118.0,28.0,29.0,13.10009527331647,12.320753095363127,604.381,-3.3540507564660946
202210,196.0,46.0,92.0,12.534653109583878,12.383226707122395,1174.01,-5.265276550053281
202311,49.0,2.0,3.0,15.033853022417482,13.375745887950382,7401.803,-2.402497148345576
202303,251.0,83.0,48.0,12.652801250682009,12.522473361563788,894.716,35.56444816749319
202207,574.0,221.0,202.0,14.785643433148982,14.685238682820346,7521.388,29.324729285806562
202303,85.0,27.0,25.0,12.902868162808879,12.415210574400154,879.391,-5.303653525276463
202404,410.0,115.0,63.0,11.150131840023318,11.150146213311999,667.592,2.098817624200281
202402,286.0,50.0,146.0,14.167593173285063,14.010285909987875,3501.963,-5.271170887812346
202211,334.0,153.0,79.0,13.470493114840137,13.048622107237984,1829.754,6.824557668630288
202404,60.0,15.0,23.0,13.823208849929904,13.70214811208739,4220.748,-4.076571894128723
202307,213.0,51.0,95.0,11.917076376566994,11.816365230284068,966.525,8.64136519304585
202212,164.0,40.0,26.0,12.390271605565948,10.240994967461065,1831.303,-3.2418931590503
202403,58.0,7.0,3.0,10.73491732089608,10.734939091973205,28.726,-6.275982941585651
202402,38.0,3.0,19.0,12.415299811584536,11.306270231160822,575.882,-6.094955753876456
202303,139.0,40.0,62.0,13.406224158011474,13.361761307635973,600.497,-6.0666380197974155
202307,188.0,18.0,49.0,12.283422499957506,12.272669983349472,859.883,-6.256157534964052
202409,6.0,3.0,3.0,9.665103451805633,9.665166909622071,110.78,-6.2918148135823255
202404,32.0,5.0,2.0,14.22385485057328,13.594989814081579,10795.571,-4.155379018659732
202312,43.0,0.0,0.0,14.424048202077628,0.6931471805599453,8227.327,-6.2918148135823255
202208,180.0,39.0,82.0,13.26713535725207,12.426873454765905,2189.761,22.94520111351622
202402,690.0,189.0,124.0,14.152232049233252,13.522574708563946,3193.649,63.84595310454464
202403,9.0,1.0,1.0,11.54295988224435,10.524225317577933,589.671,-6.276933343152721
202303,45.0,5.0,14.0,13.780972941973603,13.542935136631467,1853.146,-4.313722941932763
202301,171.0,9.0,27.0,13.968787713523131,12.95827380332517,1490.872,-6.243500304121533
202208,71.0,14.0,11.0,10.123586473664112,10.118881150390276,286.274,-6.2918148135823255
202303,203.0,49.0,37.0,13.004311555628192,12.645704048044347,858.535,11.497075454428684
202311,261.0,58.0,95.0,14.294353133377214,13.96731792294404,1835.764,-0.45783831572720146
202309,392.0,124.0,163.0,13.887830289310909,13.801811148088712,3051.735,17.01128474986541
202207,284.0,104.0,24.0,10.890106264243313,10.846186497686585,281.017,-3.2935744731806067
202307,143.0,62.0,68.0,11.573220620753984,11.573230035575738,925.55,-5.954397856235217
202309,19.0,13.0,2.0,10.063819091438468,2.6390573296152584,142.161,-6.2918148135823255
202211,225.0,77.0,39.0,10.346087867306553,10.346119984985732,323.603,2.7850645382767176
202301,90.0,10.0,44.0,13.447456834854256,13.010991496306564,1091.974,-5.2860523582419505
202311,87.0,30.0,12.0,9.822277497110585,9.822331725575118,75.476,-5.287821653279789
202408,116.0,14.0,63.0,14.056879022049145,13.999164559992007,2533.553,4.752514633444225
202301,6.0,2.0,2.0,10.828401001701168,10.828420829791625,502.747,-6.2918148135823255
202307,25.0,4.0,11.0,13.260442164938341,13.086804591204814,3216.5,-5.319485397273138
202210,229.0,22.0,29.0,13.930007310814691,13.909555392101776,2005.2,5.724084186713993
202303,57.0,4.0,4.0,9.710388122570295,9.490997829490999,71.818,-6.2918148135823255
202301,681.0,215.0,206.0,15.399702864935625,14.459333031512216,5539.491,12.144702312735939
202407,258.0,53.0,97.0,13.282042177550265,13.123203024801773,2381.034,-5.1969984727612335
202308,89.0,7.0,1.0,8.089789175789319,8.011355109161286,35.812,-6.256157534964052
202307,197.0,48.0,40.0,13.991325995791884,13.10976839253456,1955.221,-5.271170887812346
202303,11.0,0.0,0.0,15.342921161372367,12.987963035924508,3702.057,-6.227889159480919
202408,24.0,8.0,3.0,12.800153350230886,12.800156110576316,111.806,-6.227889159480919
202311,33.0,8.0,6.0,9.624368710744834,9.624434806782402,121.239,-4.134603210471063
202408,3.0,0.0,0.0,13.743183921366798,13.098943254854987,1398.952,-6.227889159480919
202408,75.0,21.0,33.0,12.563970840991601,12.557042848331688,1098.717,-6.276933343152721
202208,371.0,63.0,89.0,13.450309368681088,12.80685231239386,2267.914,-3.1128033205812407
202409,394.0,66.0,30.0,9.557045784877424,9.557116483735667,310.064,-6.250191088364167
202311,52.0,23.0,17.0,11.481558629220729,11.481568947807082,291.995,-0.017648922960683322
202406,370.0,124.0,144.0,12.879443048459834,12.366289176541567,981.458,8.014514142927261
202308,43.0,0.0,0.0,10.05496322915898,0.6931471805599453,0.0,-6.2918148135823255
202303,176.0,67.0,34.0,13.715674752949148,13.569337603909059,1568.31,-2.2077797620803885
202207,195.0,59.0,38.0,12.844628995538205,12.496598171533517,1122.895,26.201830624361108
202404,30.0,11.0,13.0,12.370090201526091,12.370094445152695,769.964,-6.20711335129225
202207,189.0,28.0,52.0,13.5399204158929,13.318637147816288,1515.154,15.862157224903816
202212,128.0,39.0,32.0,12.74128449349099,11.936806618599185,1082.301,2.492582972231549
202207,57.0,9.0,11.0,14.239155408575733,13.140721825120105,5891.673,1.5507461709925794
202308,28.0,2.0,1.0,12.320811051000332,11.67944786985521,1335.757,-6.143187697190844
202303,318.0,24.0,104.0,14.957912273965624,14.06381100431698,7736.667,-1.0619548661165972
202307,20.0,9.0,4.0,13.488413833554297,11.84164630844454,994.351,-6.2918148135823255
202310,63.0,4.0,52.0,11.514464280386246,11.462558057606442,225.607,-6.271039005393656
202210,207.0,23.0,59.0,12.660448545452597,12.235369277485761,1269.925,2.010899131590353
202310,28.0,12.0,5.0,11.285171301098336,11.23919889327994,800.603,-2.1438873155294784
202208,74.0,20.0,41.0,12.320088594617314,12.258361444238828,1244.276,-1.8933000040760009
202308,238.0,22.0,25.0,10.830104782127586,10.830124576464428,210.001,-2.092536326124187
202309,101.0,1.0,1.0,10.98600433403935,9.184612223403452,99.198,-5.298709589084469
202404,102.0,18.0,32.0,12.513079289851374,12.513082968073176,534.843,-1.7422130591957998
202301,188.0,42.0,21.0,11.859701576729714,11.859708646340637,580.035,-3.190542169645009
202401,16.0,5.0,2.0,11.944603979894296,11.801894209304608,624.017,-3.296019440123753
202301,114.0,12.0,15.0,9.830325286907144,9.83037908071549,357.685,7.320797014746297
202401,38.0,2.0,3.0,14.11169339630591,13.658093883912715,6886.614,-5.969246119114326
202208,131.0,12.0,23.0,12.872970815440407,9.505469645063013,1181.09,-6.271039005393656
202405,310.0,178.0,76.0,13.339910497872006,13.3287383181353,2048.039,-1.5450280345351386
202408,282.0,82.0,41.0,12.090038704315873,12.069783167167296,688.197,-4.23646438508353
202307,161.0,7.0,42.0,12.855719769594266,12.767232954364582,1750.982,-0.3631993191995164
202308,37.0,4.0,6.0,11.512745448768284,10.87115557527003,332.036,-6.2918148135823255
202401,70.0,26.0,18.0,13.708053401445854,11.499292963238933,539.606,-6.256157534964052
202303,149.0,26.0,12.0,13.29596704357856,12.968685252572035,2373.262,-6.22494873551995
202303,314.0,97.0,86.0,11.986927340565726,11.9869335656072,453.068,17.382996047448003
202405,130.0,38.0,45.0,12.57532664042573,12.146248328384507,658.516,-3.1212988292403168
202405,134.0,44.0,40.0,11.849033349508996,11.14035340016409,440.382,-4.283230326862545
202303,106.0,20.0,45.0,11.206223658681193,11.121170935845253,343.687,-6.250263197204988
202207,111.0,15.0,41.0,11.11101403506136,11.109084037978162,432.458,-6.2918148135823255
202405,17.0,8.0,1.0,11.061138892943045,11.061154603985553,233.397,-6.1171916303908676
202306,333.0,129.0,72.0,11.249818925084488,11.100224239197436,910.194,7.211725812407881
202210,84.0,4.0,10.0,10.282540236692459,9.707959168254892,222.814,-6.227889159480919
202401,366.0,74.0,70.0,12.651677915763708,12.651681117941187,606.321,8.973407295587013
202404,281.0,2.0,5.0,9.448254302193842,9.448333126140598,70.874,-6.2918148135823255
202410,192.0,37.0,76.0,13.319268081323026,12.538321691307079,1898.263,-6.19909082992963
202312,416.0,110.0,41.0,8.827468112520654,8.827614750837508,304.045,-1.2226533802796187
202303,74.0,20.0,41.0,12.743273368151424,12.68872407803826,799.238,-1.8933000040760009
202210,102.0,20.0,31.0,12.018066964667874,12.018072998851524,544.654,-1.7422130591957998
202210,62.0,21.0,28.0,12.158624580342863,12.134780704635933,1347.891,-6.2918148135823255
202301,644.0,209.0,117.0,11.320480842405289,10.805233012968248,1491.662,0.03655992425917365
202402,265.0,47.0,65.0,15.119421724606957,13.855243639834283,3621.802,-1.0229307828288094
202211,51.0,10.0,34.0,12.351405995273563,12.3214884370293,694.672,-6.266769148349419
202208,216.0,58.0,62.0,11.186266916203587,11.094223130080044,913.942,-5.047950908870839
202404,311.0,75.0,121.0,14.079733862576091,13.987902983680344,2533.374,46.90986567628593
202211,222.0,42.0,49.0,11.38293066835404,11.121052562881498,530.446,1.238768548433999
202303,532.0,76.0,50.0,13.178227509578557,12.146163392776264,1222.188,9.606859686223348
202210,56.0,18.0,10.0,12.540188536720184,12.49404842484587,854.975,-6.1222737277925185
202210,187.0,73.0,54.0,12.90477934329535,12.735909406976472,653.144,-5.319485397273138
202401,177.0,8.0,8.0,14.6676279286885,12.86789426404721,1029.277,7.320797014746297
202210,119.0,16.0,76.0,12.169963486467664,12.114313652790472,454.988,-6.255207133396982
202410,212.0,8.0,9.0,10.414423170252562,9.772923182515012,40.857,-6.214605918586714
202208,538.0,266.0,87.0,13.283013461698246,13.034567692925975,1780.657,10.293526005079686
202210,76.0,57.0,8.0,11.412873058562703,11.412884110790001,246.034,-3.3748265646547635
202408,237.0,85.0,42.0,11.376280659272636,11.375489315839916,799.354,-5.914105868137046
202405,60.0,7.0,32.0,12.890567502460971,12.847173616754283,1902.862,-1.2993759998726073
202307,27.0,17.0,7.0,10.201144708009988,10.201181835114634,149.84,-4.347155980963951
202212,35.0,2.0,17.0,13.512144803701549,13.158583439256898,2727.113,-4.072852437360835
202212,1095.0,200.0,163.0,14.201009665431561,14.026879459366773,3963.322,95.85273304677688
202303,187.0,0.0,1.0,13.422056033168548,12.763282684828688,2943.923,-6.19812621862171
202311,228.0,27.0,94.0,13.783763924163692,13.770205613355312,1910.782,8.823099383513728
202402,113.0,28.0,30.0,12.63422184643756,12.60612312093684,1054.086,-6.258381774551138
202404,51.0,12.0,9.0,9.684211512748407,9.684273769557766,159.935,-3.3748265646547635
202208,7.0,1.0,0.0,13.508801956973747,9.136155473786806,2006.167,-6.227889159480919
202210,144.0,12.0,80.0,13.37481094122238,13.264145885756122,1521.755,-6.11367068699398
202210,163.0,53.0,27.0,13.608082863090067,12.726778300648677,1475.557,10.26396913421897
202303,124.0,36.0,51.0,14.173374494770757,11.815922167531753,1476.184,9.747246737318589
202401,153.0,37.0,41.0,14.599711143833145,13.756189336352625,1685.636,-4.347155980963951
202211,82.0,19.0,37.0,12.31718906415018,12.281560379660117,320.598,-6.2918148135823255
202212,223.0,87.0,15.0,12.794284220145373,11.861982465923266,578.016,-6.1273558251941695
202409,165.0,2.0,1.0,7.811163385025279,7.81156848934518,13.135,-6.271039005393656
202404,151.0,51.0,32.0,10.386870034471961,10.38690086869178,313.007,-3.852757740977576
202410,9.0,0.0,6.0,11.37634944215948,9.722744748855389,218.897,-6.2918148135823255
202404,95.0,47.0,17.0,12.524722721008256,12.524726356651374,571.248,-6.177278301592221
202403,122.0,8.0,74.0,13.146798395844566,12.99884341701943,1013.65,-6.2918148135823255
202306,144.0,82.0,25.0,11.873964870774047,11.871983566930703,471.769,-6.227668432124859
202402,1.0,0.0,0.0,8.944680683558895,8.944811104165534,105.337,-6.227889159480919
202308,35.0,10.0,5.0,11.774681852410218,8.579980179515003,1583.799,-4.278148229460894
202306,167.0,58.0,59.0,12.792527868901715,12.29306193894263,1273.38,13.903332454424996
202301,410.0,125.0,189.0,15.656529763635126,14.218753866369076,7470.913,10.187557618035198
202309,78.0,3.0,4.0,12.19439472324992,9.640107772607312,574.509,-6.271039005393656
202207,23.0,6.0,7.0,14.620172279265613,9.61132880805727,2911.214,-6.2918148135823255
202303,171.0,25.0,81.0,15.019984736581112,13.16176099798549,2375.995,-6.2918148135823255
202312,259.0,37.0,35.0,12.974466435464656,12.903664931952324,1731.95,0.17982885910427182
202303,314.0,87.0,56.0,11.48065017641844,11.480660504382953,436.794,-1.287434953403972
202312,314.0,98.0,86.0,12.445530393694938,12.44553432895983,600.228,17.382996047448003
202303,155.0,38.0,40.0,13.525008513125245,13.015067657111992,1229.061,-4.347155980963951
202309,97.0,1.0,4.0,8.69901462316851,8.349957272040324,18.684,-6.2918148135823255
202410,185.0,16.0,8.0,10.767010218871627,10.124989757578213,46.13,-6.250263197204988
202404,149.0,26.0,12.0,13.37672183459128,13.0674995055589,2430.196,-6.22494873551995
202405,197.0,82.0,108.0,12.267511053779648,12.118546590662058,679.235,-6.2918148135823255
202303,50.0,9.0,29.0,12.596485027678709,12.569624886555129,263.031,-5.319485397273138
202405,41.0,6.0,27.0,12.968951091563786,12.91596385908333,1130.454,-5.2860523582419505
202403,36.0,18.0,10.0,13.99724444211248,13.787218073603698,4267.518,-6.00779446309766
202211,25.0,4.0,11.0,13.372999130993213,13.19145651053158,2158.014,-5.319485397273138
202310,207.0,51.0,66.0,13.438927324004396,12.848899742190103,1815.704,3.751156978612485
202211,73.0,12.0,6.0,11.985494550616766,11.606051442959712,437.829,-6.2918148135823255
202307,75.0,7.0,36.0,12.847442203908479,12.516277905900667,1108.752,11.430209376366305
202407,52.0,18.0,14.0,11.377495127633775,11.377506577862492,260.667,-5.319485397273138
202210,47.0,17.0,20.0,12.95537329069325,12.784137203534057,2715.06,-2.901204132857058
202402,771.0,75.0,188.0,12.980502533876416,12.965477961593038,825.674,-4.182696992575795
202301,324.0,81.0,94.0,14.91477996401679,14.559580864407863,2258.147,13.786739867672155
202301,149.0,30.0,91.0,14.616385948979202,14.209629541552356,4103.9,8.610579820571337
202212,142.0,19.0,31.0,12.262457704853034,12.222433080765187,467.993,-6.2168301581738
202306,196.0,45.0,93.0,12.586079764889012,12.496710345807587,1185.736,-5.265276550053281
202301,64.0,18.0,15.0,12.647384190575746,12.61098093197526,517.535,-5.266088790410695
202310,20.0,2.0,4.0,11.61549107852535,11.482631192336628,714.629,-6.20711335129225
202211,544.0,90.0,174.0,13.437390152301269,13.16907901026856,1011.951,27.62030231140698
202309,77.0,3.0,15.0,13.668580082945034,11.19672045358521,4810.914,-4.347155980963951
202303,114.0,4.0,13.0,10.545709791910783,10.545736097662537,101.322,-6.2918148135823255
202211,25.0,8.0,14.0,13.311554617133906,13.206162099339657,2321.739,-6.275982941585651
202409,90.0,6.0,7.0,10.674567524152495,8.697846691109495,214.685,-6.271039005393656
202307,39.0,6.0,17.0,12.82273826998267,12.354014087879689,987.595,-0.14038492621134857
202407,731.0,259.0,162.0,14.921045827404772,13.193570861492194,7220.931,-0.19270669774995408
202404,191.0,44.0,56.0,13.075808313536205,12.97183114309978,650.958,4.14597228587918
202406,42.0,4.0,30.0,12.14831640596921,11.921160067818333,657.437,-6.2918148135823255
202408,135.0,46.0,28.0,11.98508925937829,11.619553177394982,942.399,-3.296019440123753
202210,11.0,4.0,1.0,12.450065335180344,11.505427424792872,1610.901,-6.2918148135823255
202308,129.0,15.0,11.0,8.883778861463485,8.849083518532339,65.404,-6.055888245202392
202401,258.0,64.0,78.0,13.924173913237402,13.843259957232833,1701.27,-3.1532866614913364
202301,187.0,28.0,51.0,14.916482394042985,14.395241529387118,1696.419,14.664651014809719
202301,260.0,27.0,37.0,12.452799902141338,12.083537712471497,601.391,-4.2266590788459455
202212,154.0,4.0,8.0,10.601846130146606,10.60187099989132,73.283,-6.2918148135823255
202210,203.0,8.0,16.0,10.504409789053556,10.323512811975622,239.393,-6.275982941585651
202303,535.0,18.0,77.0,12.52855461602368,12.435746825790357,441.715,-6.204668384349104
202210,529.0,18.0,77.0,12.392050011702295,12.291364628542127,448.929,-6.204668384349104
202310,280.0,7.0,5.0,9.72728722274711,9.727346854817254,102.829,-6.2768612343119
202408,67.0,7.0,20.0,14.436952262679041,13.813365258453953,3782.52,6.412393252538516
202404,31.0,7.0,8.0,12.8283976037894,12.65803322351744,373.151,-6.1422507854609
202310,11.0,1.0,0.0,6.9726062513017535,6.97354301952014,0.314,-6.2918148135823255
202401,163.0,41.0,41.0,12.624654682684875,12.53838266068433,1112.691,-6.2620518727231165
202207,68.0,10.0,36.0,10.401015148158129,9.791941277791215,660.898,-6.27185124575107
202406,12.0,1.0,2.0,12.977933959291617,12.653466335664733,3803.812,-6.194456120449732
202210,729.0,205.0,174.0,13.77445937051466,13.188035006332726,2037.022,19.61812291373431
202208,78.0,30.0,20.0,12.287389925206991,11.878352993046857,752.543,-4.347155980963951
202408,329.0,125.0,17.0,13.412722862386184,10.943057300570455,1637.959,-2.684315090218941
202407,486.0,36.0,184.0,13.543164945162578,13.112513021553493,2922.662,-6.2918148135823255
202212,278.0,6.0,26.0,14.095748743306766,12.476576768204222,802.667,-6.227889159480919
202410,79.0,6.0,9.0,12.490480613948158,11.350359475541623,559.34,-0.43706250753853215
202207,84.0,4.0,10.0,10.586079219156558,9.524347869595513,268.492,-6.227889159480919
202307,277.0,71.0,57.0,8.20303024171486,8.203304026795282,409.186,3.8436437656013194
202212,235.0,29.0,55.0,12.329749390223771,11.925054983149373,627.033,-1.1951915652235252
202312,95.0,47.0,17.0,12.59760784810484,12.59761122819039,668.523,-6.177278301592221
202406,225.0,86.0,75.0,13.116675230526655,12.893699617737283,1779.142,10.257255902989138
202207,62.0,21.0,23.0,13.387865789654368,13.215170426990536,3053.363,-3.023940136107723
202303,336.0,104.0,71.0,11.43007632294116,11.358012828260874,547.189,2.891360483269791
202403,318.0,81.0,72.0,14.286428144423846,13.970955828019301,1755.085,58.793278658899546
202303,58.0,7.0,3.0,10.407802024686461,10.40783222020243,24.465,-6.275982941585651
202306,88.0,7.0,15.0,11.860874448208659,11.268366736900534,511.941,-6.2918148135823255
202301,323.0,57.0,77.0,12.858317099144422,12.113156597503853,1109.307,-6.2918148135823255
202212,105.0,27.0,16.0,12.234455999921943,11.629205148937306,220.688,-3.359945094225159
202303,9.0,0.0,0.0,13.793734164071726,12.925769250323652,4488.426,-6.163963505379513
202210,21.0,7.0,5.0,12.595628537172157,12.396114325339266,717.601,-6.227889159480919
202303,701.0,387.0,116.0,14.344831484261459,14.101685996012224,4096.037,43.175014108411055
202303,61.0,25.0,26.0,11.83506693347358,11.48035061903805,996.34,-6.2918148135823255
202208,28.0,12.0,6.0,11.76081626152876,11.74129533525602,1229.939,-2.1489694129311294
202207,137.0,54.0,31.0,12.275887845479044,11.902410231531954,1443.297,-2.2509296079931254
202210,163.0,39.0,26.0,11.412430869276376,9.525734882994499,1865.524,-3.2418931590503
202207,102.0,2.0,2.0,11.643067369765477,11.43209494705568,496.215,-6.2918148135823255
202301,191.0,39.0,33.0,13.540561739121365,13.314782118954358,1209.978,-1.3633016539740135
202306,131.0,27.0,47.0,12.946451633795466,12.75739989250301,986.605,26.45534001377063
202404,699.0,216.0,113.0,11.165054509087586,11.165068669482377,1880.481,11.541046640105423
202306,354.0,63.0,146.0,13.351605097036332,13.035137431941985,2406.423,4.105204558476556
202410,4.0,1.0,2.0,10.9020769071314,9.90797745780898,130.51,-6.2918148135823255
202303,3.0,0.0,1.0,13.347065713182532,0.6931471805599453,1839.732,-6.227889159480919
202307,25.0,2.0,4.0,12.63011741118956,10.91819273189521,696.593,-4.3263801727752815
202303,62.0,15.0,23.0,11.757979224991384,11.757987051585369,241.303,-6.22494873551995
202402,356.0,49.0,37.0,14.741276656428779,14.619788474394811,2620.622,-6.057721343735703
202303,87.0,9.0,24.0,13.685520316627542,12.196981445518393,827.199,-4.216364248800169
202211,61.0,22.0,21.0,13.035423270602191,12.108553527817902,798.567,-1.3504102059383083
202212,216.0,41.0,73.0,12.845895523232052,12.707287230876808,706.472,-6.2425499025544635
202210,18.0,6.0,3.0,12.88207112401692,12.655439799925468,845.482,-1.4301677320363888
202408,6.0,0.0,1.0,11.013287030594801,0.6931471805599453,230.132,-6.2918148135823255
202307,20.0,1.0,10.0,14.176356192469198,13.98291304346728,4793.331,-5.999738734184544
202408,1175.0,551.0,167.0,11.637538456618753,11.584510972669518,3148.244,17.863096643788055
202312,41.0,8.0,21.0,13.578555819774822,13.165256186307676,839.405,-3.3748265646547635
202312,5.0,1.0,0.0,12.641352186633977,0.6931471805599453,422.901,-6.163963505379513
202406,102.0,18.0,32.0,12.023993059458942,12.023999057989302,589.899,-1.7422130591957998
202210,72.0,24.0,5.0,11.116603431278344,11.056414400305043,261.662,-4.283230326862545
202210,215.0,28.0,77.0,13.170635312077954,12.93777204662122,1075.983,-5.319485397273138
202406,641.0,210.0,120.0,10.522988192927775,10.11662117122102,837.963,0.03655992425917365
202307,310.0,48.0,112.0,12.61987622508771,12.052081952904281,1371.627,11.029000819636481
202303,108.0,12.0,23.0,11.98435932095393,11.961405361667484,483.373,9.329381501466077
202410,371.0,70.0,76.0,9.598116617213263,9.584521190044581,433.312,0.11104912264987643
202301,333.0,43.0,65.0,13.122987182797281,12.401676434968369,771.2,-5.0525165420414595
202405,47.0,17.0,20.0,13.15031895341766,12.942679139824747,2240.981,-2.901204132857058
202310,27.0,2.0,10.0,13.210667252092161,13.138970709098025,2504.391,-6.077133859485882
202409,71.0,7.0,26.0,11.795748250186039,10.253298996453458,587.082,-6.2918148135823255
202307,44.0,3.0,15.0,13.458944179560662,11.472801143686059,1094.757,-6.2918148135823255
202303,99.0,0.0,11.0,9.031572493381526,9.031692060548524,40.017,-6.2620518727231165
202303,265.0,53.0,41.0,13.58819330887835,12.669023336174993,3093.735,20.03089373869583
202208,99.0,0.0,11.0,10.110257789732392,10.11029844922944,62.501,-6.2620518727231165
202403,85.0,31.0,21.0,14.667440672874973,14.422331581263375,7159.718,0.6118497937145797
202310,314.0,87.0,56.0,9.829356503193052,9.829410349139811,389.061,-1.287434953403972
202303,10.0,4.0,3.0,12.933237121067286,12.474938803724314,1229.163,-6.2918148135823255
202401,3.0,1.0,1.0,11.964274932181018,11.89206028689903,648.602,-6.2918148135823255
202311,54.0,22.0,10.0,11.317603771389255,11.31761592833543,245.286,-6.237605966362469
202401,314.0,86.0,57.0,11.767815714597019,11.767823464582488,532.441,-1.287434953403972
202312,170.0,30.0,53.0,13.738800125423188,13.651545877990394,1064.27,-3.3540507564660946
202309,179.0,21.0,52.0,10.877348835532215,10.794296360395592,426.624,-6.256157534964052
202212,11.0,1.0,0.0,8.16735198705607,8.16763571524637,0.466,-6.2918148135823255
202301,108.0,12.0,23.0,12.670790454409156,12.655273897896615,552.774,9.329381501466077
202410,429.0,91.0,133.0,13.798755980640472,13.548081991539735,2428.97,-2.2967991505107714
202303,281.0,2.0,5.0,9.403024715805683,9.250810304529896,59.465,-6.2918148135823255
202207,187.0,58.0,38.0,12.68836606991753,11.542891951087698,1783.825,-4.19852886457247
202405,30.0,1.0,10.0,11.560800925211261,11.158647645631218,257.627,-6.276933343152721
202310,223.0,87.0,15.0,11.461684800776633,10.49166303072945,419.677,-5.155026408884982
202301,95.0,22.0,45.0,14.048551369416495,13.26871918456562,2417.307,-4.3420738835623
202307,213.0,28.0,82.0,14.986033501690201,13.951277574717851,10581.015,7.561667519318224
202303,110.0,23.0,47.0,12.236994595932861,12.236999443677327,399.433,-2.7145424755049867
202212,300.0,88.0,98.0,13.923452439029766,13.448215130098527,1322.402,7.366944453122665
202307,263.0,25.0,92.0,12.85008210152857,12.803996642501513,1055.174,-5.283828118654865
202403,28.0,1.0,7.0,15.95145281808318,15.890161894910888,6186.715,-4.075621492561652
202212,110.0,23.0,20.0,13.271782882855685,12.980394200879116,1061.001,-6.256157534964052
202403,148.0,23.0,40.0,14.331167890204444,13.284852906469915,1385.277,23.408659350510625
202310,9.0,0.0,2.0,10.38458565982913,10.384616564565283,538.581,-6.163963505379513
202403,1.0,1.0,0.0,13.72780657754389,13.727807669208213,1953.198,-6.2918148135823255
202405,162.0,28.0,39.0,12.881086404893976,12.820677034646284,293.492,-4.311360541136021
202307,57.0,4.0,4.0,9.300638009956963,9.1801903950253,71.801,-6.2918148135823255
202410,11.0,7.0,2.0,8.435983135990694,0.6931471805599453,83.835,-6.2918148135823255
202212,74.0,11.0,21.0,11.378673813021223,11.378685249761752,159.422,-6.2918148135823255
202211,405.0,77.0,49.0,13.308459468339795,12.473696132931384,432.646,-4.203081007905964
202401,31.0,4.0,10.0,13.523714702163588,12.908826038335329,2085.784,-2.3815831789472504
202208,40.0,10.0,14.0,11.950593126718395,10.964951645568732,727.529,-6.2425499025544635
202405,160.0,39.0,58.0,13.965172033518435,12.478969706371448,1577.299,18.891896460945645
202402,97.0,21.0,24.0,13.0529382696596,13.052940413440867,1100.44,-6.115648995918721
202404,143.0,36.0,52.0,12.960065599921233,12.782669155759555,1058.335,-4.2505269620423665
202401,248.0,12.0,65.0,12.680211463087394,12.680214575186769,621.95,-6.2918148135823255
202404,162.0,28.0,39.0,13.21363997871199,13.063678622828201,318.962,-4.311360541136021
202407,145.0,41.0,47.0,12.19968227050816,11.586594054895428,998.598,0.6267312641441842
202301,209.0,28.0,47.0,13.366331778465316,13.293140216318692,2767.829,-6.076321619128469
202404,181.0,122.0,26.0,13.298150296550942,13.291532147619982,1005.295,-5.999504516991357
202303,412.0,218.0,119.0,15.19652425086569,14.96902161680686,6728.663,19.013610032581006
202409,159.0,17.0,13.0,10.96242302405134,10.296846340649244,196.326,-6.271039005393656
202307,284.0,88.0,103.0,13.075590377390634,12.945392281332895,2484.746,7.814416221925754
202406,74.0,14.0,40.0,12.181206017800045,12.041911191356409,912.082,-6.275982941585651
202404,217.0,101.0,55.0,10.816151716354584,10.816171788816172,427.998,-3.9992099763778794
202303,168.0,28.0,83.0,14.195536141279248,13.662411824647222,7407.301,-4.3856767973271635
202402,9.0,1.0,1.0,11.640588421960384,10.694691138568423,630.404,-6.276933343152721
202409,60.0,7.0,25.0,12.477076404929141,11.676480357672771,912.503,-6.276933343152721
202404,37.0,7.0,7.0,10.224302131023784,10.224338408254384,49.34,-6.2918148135823255
202311,553.0,232.0,162.0,14.088848239806707,13.808872575224088,4844.15,16.827354839181382
202407,224.0,72.0,41.0,10.382419951415045,10.382450923153336,306.821,-2.8305867621847476
202406,145.0,98.0,19.0,11.218326190409364,11.218339616201654,333.512,-3.906966588197433
202211,48.0,6.0,13.0,12.291190146935717,11.925048360742458,250.205,3.431479349509548
202303,202.0,23.0,50.0,13.17242891841105,13.045361375429318,758.779,25.362498833797865
202211,46.0,17.0,20.0,12.835318435275244,12.744350971770618,1441.775,-4.1062854763920225
202210,474.0,198.0,94.0,11.19741988378385,10.46384592183261,1270.494,10.461203517475537
202407,373.0,35.0,189.0,14.602199537482582,13.763195689315802,5376.577,-5.283828118654865
202211,376.0,111.0,73.0,10.080042514435746,10.080084421193217,738.736,2.6501433395606853
202409,106.0,5.0,2.0,11.053648103084814,11.053663932256395,502.287,-6.276933343152721
202405,202.0,21.0,79.0,14.570862757913092,14.294794120129364,2916.11,15.263233689445178
202211,101.0,10.0,17.0,13.133384421967648,12.86148161348965,541.137,7.335678485175901
202308,90.0,2.0,1.0,10.769200523441311,6.856461984594587,125.368,-6.2918148135823255
202208,159.0,23.0,29.0,11.45318607621936,11.415863752127096,581.042,-6.1833971191426125
202404,71.0,13.0,11.0,11.589201086074521,11.589210351639512,490.639,8.108932412098886
202309,139.0,10.0,1.0,11.208937843310503,9.701432566051784,260.933,-6.2918148135823255
202309,1304.0,109.0,460.0,14.794948092985626,13.753027522867114,5588.398,-6.210336061542477
202406,229.0,19.0,60.0,12.40860524294026,12.136979769042888,1263.229,-4.296617231916073
202312,194.0,62.0,54.0,12.897330542517311,12.733799633171293,648.766,0.38078647207735816
202406,283.0,100.0,26.0,10.976132249506655,10.937383526484547,214.394,-3.2935744731806067
202408,373.0,35.0,189.0,14.672511901201288,13.735075690072637,6465.06,-5.283828118654865
202211,344.0,184.0,41.0,11.54405584716679,11.210143290995802,548.133,-0.9845702769134288
202306,47.0,9.0,8.0,13.630610078606349,11.428521594569496,2049.712,-5.304603926843534
202402,95.0,14.0,57.0,13.297586466248921,13.29758814478705,749.045,-6.271039005393656
202309,8.0,4.0,0.0,11.299657984326226,0.6931471805599453,90.642,-6.2918148135823255
202308,102.0,14.0,7.0,10.994823432233462,10.911792128172705,287.94,-6.2918148135823255
202403,35.0,10.0,12.0,12.950732471418492,12.765191166991972,1457.51,-5.160920746644047
202210,92.0,11.0,25.0,11.9502832193653,11.64253166409219,592.747,-5.319485397273138
202208,183.0,34.0,96.0,11.593860082466227,11.124228974437301,2490.798,16.884190246438756
202401,93.0,9.0,23.0,14.90278751043529,13.399062861408344,3571.649,-4.347155980963951
202311,44.0,11.0,21.0,12.392527315897315,12.392531465369606,2517.106,-4.999857126766107
202310,60.0,15.0,19.0,10.778477008386329,10.763525342859484,278.967,-5.099390700889879
202310,25.0,4.0,11.0,13.329881484831198,13.175033623358805,2288.991,-5.319485397273138
202211,17.0,8.0,1.0,11.952386120336351,11.952392564154312,291.827,-6.1171916303908676
202312,454.0,181.0,130.0,14.954197361859585,13.822144504600315,3349.844,3.833854928671535
202312,469.0,85.0,122.0,8.74257423767064,0.6931471805599453,1699.645,34.694754837107745
202406,278.0,75.0,65.0,13.545063112434047,13.378410809552797,2405.386,5.85710015846486
202402,5.0,1.0,0.0,13.776393359453168,13.776394399344976,2654.863,-6.100037851278107
202310,551.0,85.0,166.0,14.398307014685132,14.132596809053501,4317.91,-3.197489618068028
202311,57.0,8.0,12.0,14.009058858372695,13.316629973966153,3862.505,1.5507461709925794
202307,61.0,7.0,5.0,7.614805364711073,7.615298339825815,53.438,-6.276933343152721
202210,16.0,6.0,4.0,13.17628321939376,12.90184138679507,1647.823,-6.258381774551138
202410,15.0,4.0,6.0,12.382723990346623,11.65143444880753,1561.447,-5.319485397273138
202307,114.0,62.0,18.0,13.035608694738618,12.48109112205193,1408.892,-1.2657087436482328
202306,1177.0,549.0,168.0,11.984534055576166,11.939427732144193,2307.04,16.890767227478868
202210,99.0,32.0,49.0,13.875644706577214,13.087386765299593,1792.687,1.1747751897317622
202303,99.0,8.0,32.0,13.665424605926717,12.52805106671502,2559.065,-6.276933343152721
202301,54.0,23.0,19.0,11.247943778039224,11.214074586292245,160.176,-6.2918148135823255
202303,25.0,4.0,11.0,12.485743967426224,12.078239274020289,1924.069,-6.097097427317138
202210,190.0,12.0,13.0,12.32879899839191,11.745139752486836,1366.756,-6.227889159480919
202301,72.0,15.0,20.0,12.502094842256955,12.024772566849768,585.952,-6.222586334723208
202307,131.0,12.0,24.0,13.063519544042506,9.546169544733285,941.439,-6.2918148135823255
202406,55.0,16.0,2.0,10.367158673708655,10.367190121732936,145.046,2.492582972231549
202307,174.0,66.0,91.0,13.566613206198973,13.542116589329769,2576.237,3.528838042642141
202309,69.0,5.0,2.0,10.169958756585515,9.601030194502194,152.161,-6.2918148135823255
202307,103.0,14.0,44.0,12.187236351183879,11.877839375222745,1419.007,14.199091803569493
202303,185.0,13.0,46.0,15.294196069938565,13.075112428035782,5064.196,-6.240325662967377
202311,89.0,30.0,11.0,13.301028256694739,12.46055593654679,3502.121,-4.934760343741571
202406,177.0,68.0,35.0,13.596286814156873,13.507684279885076,1934.211,-2.2077797620803885
202208,87.0,9.0,23.0,12.034358629322327,11.413469704106666,1010.126,-4.216364248800169
202401,231.0,8.0,13.0,10.36482877120321,10.309918860389617,194.802,-6.2918148135823255
202404,52.0,24.0,17.0,12.337070205710884,12.337074591800837,304.969,-0.9899783392698707
202211,150.0,12.0,9.0,12.483643774231226,11.16926545810899,104.84,-6.2620518727231165
202303,105.0,13.0,52.0,13.20434144183544,13.085535479184658,1683.095,-5.718692015211344
202405,36.0,12.0,11.0,13.571061650822728,13.192079720455938,2163.391,-6.067334486457929
202404,140.0,43.0,62.0,13.734610649665903,12.761545577964005,1421.103,-4.871956459967388
202404,31.0,4.0,11.0,13.454935159992168,13.018013462029081,1464.018,-2.3815831789472504
202310,106.0,24.0,24.0,12.98892112366396,12.370327816887345,997.606,11.291862228475027
202301,27.0,10.0,3.0,12.986878077144933,12.481277196470842,1625.747,-6.258381774551138
202401,344.0,156.0,60.0,13.16294278250215,13.138177669698687,911.524,2.918688273380301
202308,73.0,24.0,31.0,8.85352256068954,0.6931471805599453,523.496,-5.319485397273138
202401,43.0,9.0,19.0,12.786638861170541,12.749071127642159,3286.095,-3.2950690385566825
202301,4.0,0.0,0.0,12.182128252953381,12.182133374107075,803.83,-6.036112197176701
202406,90.0,22.0,15.0,12.402202592836087,12.285299635981476,432.555,-2.3690641093143885
202309,1.0,0.0,0.0,9.552084402526495,0.6931471805599453,0.0,-6.2918148135823255
202311,212.0,45.0,84.0,14.087342172997747,13.645894740317805,1833.609,22.07218727016616
202310,223.0,42.0,146.0,11.110296331681273,11.11031128909005,635.874,-6.250125035995331
202211,486.0,186.0,113.0,12.842120234049546,12.649918370419716,1066.254,6.589566640271851
202405,553.0,231.0,161.0,14.144881209343556,13.819470706215911,5610.18,18.019778951873825
202211,62.0,21.0,28.0,11.770385415232424,11.718043528939205,1280.011,-6.2918148135823255
202409,2.0,0.0,0.0,11.153933553219133,0.6931471805599453,207.771,-6.2918148135823255
202408,17.0,5.0,5.0,12.06666114174424,11.471530389603842,938.86,-4.347155980963951
202402,54.0,11.0,13.0,14.876205656856566,12.220951405758642,4437.479,-5.005702105929265
202311,259.0,57.0,144.0,11.756067702791126,11.756075544360069,772.855,-6.271039005393656
202212,16.0,0.0,1.0,11.838329531903465,0.6931471805599453,1508.866,-6.227889159480919
202208,188.0,18.0,49.0,12.413318495391579,12.382916728315761,966.564,-6.256157534964052
202312,91.0,39.0,17.0,12.660064391024145,11.238738588023676,693.467,-6.023405607738274
202309,26.0,0.0,0.0,10.551166545048927,0.6931471805599453,0.066,-6.2918148135823255
202303,27.0,0.0,0.0,13.963044826105754,0.6931471805599453,11211.023,-6.2918148135823255
202212,149.0,30.0,91.0,14.59675423489214,14.200525309044641,3767.913,8.610579820571337
202207,72.0,12.0,6.0,11.868373656756138,11.661948736362667,549.473,-6.2918148135823255
202212,13.0,0.0,1.0,15.048631303440866,13.344173239750653,4752.918,-4.2193046727611385
202301,242.0,21.0,51.0,13.972787773651968,13.346172307305102,1588.828,-6.2918148135823255
202208,211.0,34.0,55.0,12.568658088008617,12.567961970921463,1471.226,17.226151333260837
202403,16.0,5.0,2.0,11.583682113421029,11.399431966082213,529.4,-3.296019440123753
202303,46.0,17.0,20.0,12.495666639095406,12.398736370590408,1406.474,-4.1062854763920225
202307,63.0,11.0,37.0,13.832120840243046,13.827252352494654,3649.598,1.5227211943178336
202310,177.0,8.0,8.0,13.062698295082594,11.692484877219453,876.303,7.320797014746297
202307,344.0,185.0,41.0,11.684977806739528,11.01173659154304,642.636,-1.2046649732966879
202405,254.0,57.0,30.0,12.585888266723048,12.530862623805836,518.437,26.84236999633857
202312,758.0,250.0,132.0,14.255753833408313,13.975921316831108,2726.182,22.619294298792227
202303,36.0,18.0,10.0,13.91176120448202,13.704000058754712,3729.948,-6.00779446309766
202211,142.0,30.0,65.0,12.545519026424968,12.262259198377292,361.578,-6.276933343152721
202211,645.0,60.0,222.0,14.718805205383223,13.71940266006746,2500.855,32.537189771194676
202409,344.0,99.0,49.0,13.120138905099342,13.041025331141887,1182.545,27.63050539369116
202210,159.0,15.0,33.0,13.885215709053204,13.825973628631044,2789.48,72.65139570128
202403,101.0,9.0,28.0,13.370766014978742,12.160651549671227,656.881,-6.220500256345779
202406,120.0,1.0,15.0,10.374896443938328,10.374927649567825,75.599,-6.2918148135823255
202307,268.0,89.0,78.0,12.106644498525455,12.04304770567781,802.972,-2.7010878658506288
202210,309.0,17.0,32.0,13.485953158654683,13.388091209499784,2532.401,-2.4705601782119366
202307,79.0,30.0,20.0,12.738461111211112,11.930352081477636,1012.424,-4.347155980963951
202210,383.0,81.0,95.0,12.929724782528329,12.662069257937485,1772.144,32.12883872481879
202407,145.0,23.0,60.0,12.197430408748785,11.456460927989102,1049.87,0.04627673114072284
202407,775.0,75.0,194.0,12.579221152161795,12.579224594970714,979.163,-4.182696992575795
202210,163.0,32.0,17.0,12.361836309513071,12.300209409879058,969.746,0.698045821380731
202406,24.0,9.0,12.0,11.889606936984592,11.731595022884992,771.271,-6.2918148135823255
202210,241.0,30.0,90.0,9.276128112514186,9.276221741089696,424.915,-5.807709751409733
202210,106.0,23.0,28.0,11.171209504025962,10.864388295328752,477.847,-4.80048887997561
202309,53.0,5.0,19.0,12.076214498271947,11.636381268897146,680.553,-6.213655517019644
202307,125.0,44.0,15.0,10.976388793518188,10.066881099444563,790.72,-2.335631070283201
202211,122.0,58.0,45.0,12.874237859140813,12.745036645734725,737.128,-2.6433266354602556
202309,67.0,16.0,15.0,11.197200507360451,9.247057954911346,584.045,-5.234783934983064
202207,2.0,0.0,0.0,13.726715409181082,13.636896918341089,1051.64,-6.2867327161806745
202210,879.0,408.0,166.0,12.865249306518965,12.858194685937187,2115.221,17.273846156439312
202310,817.0,391.0,199.0,13.465183991794255,13.26970694129861,1885.158,15.768547392856354
202312,194.0,22.0,63.0,13.256376653904164,12.997869876856457,1639.828,-6.088978849970988
202207,688.0,216.0,211.0,14.26220205881271,13.907289966470573,4843.602,12.144702312735939
202311,345.0,30.0,113.0,13.32984247934117,13.32541033821941,1015.242,-3.184647831885944
202303,171.0,9.0,27.0,13.10261770848599,12.505065509127821,894.663,-6.243500304121533
202301,54.0,13.0,20.0,12.108999913342583,12.109005423029991,393.891,-6.227668432124859
202303,180.0,20.0,26.0,12.718414119814026,11.879601233536802,566.378,-6.222807062079268
202404,51.0,18.0,16.0,13.187636004020526,11.80251571569131,492.381,-6.2918148135823255
202402,60.0,2.0,10.0,14.410621997750853,13.814670204966582,2105.346,10.711407695471562
202211,145.0,58.0,16.0,10.395772352596852,10.375457996333441,142.784,-5.255339015815672
202208,106.0,33.0,34.0,11.847460111389614,11.756185319869262,804.885,-1.3551830766278634
202211,48.0,6.0,22.0,13.10868221564845,12.019417713211947,1904.892,-6.179574650020127
202312,5.0,3.0,0.0,11.540229299497573,11.540239030105688,181.055,-6.27185124575107
202308,31.0,6.0,8.0,12.212079567793575,12.17600511390778,1803.737,4.035893513471036
202405,11.0,1.0,0.0,6.844815479208263,6.84587987526405,0.405,-6.2918148135823255
202402,14.0,2.0,1.0,15.947118106857019,15.866288701408724,6733.424,-5.111876562972245
202407,4.0,1.0,3.0,11.243148796387281,11.243161893020792,370.47,-6.2918148135823255
202403,67.0,5.0,16.0,14.279200548070046,13.770838452938007,2078.63,13.636451673312243
202211,310.0,180.0,93.0,12.932146736290399,12.831505601071957,1602.38,-3.383827957864139
202310,114.0,7.0,5.0,12.709779994384117,12.706308393978025,1308.05,-6.2918148135823255
202406,30.0,1.0,10.0,11.670057410690523,11.227760222642722,311.944,-6.276933343152721
202311,36.0,12.0,11.0,13.347629474523597,12.99145026836752,2241.509,-6.084935653492442
202303,203.0,49.0,37.0,12.652385347830919,12.368756811375672,781.711,11.497075454428684
202408,197.0,82.0,108.0,11.989631582275637,11.874501379508667,1140.445,-6.2918148135823255
202301,115.0,2.0,3.0,8.756682421266532,8.756839814829462,76.546,-6.256157534964052
202208,203.0,83.0,40.0,10.924678694235652,10.666184116368278,468.746,-3.0700304059814294
202311,31.0,6.0,13.0,10.33084460706039,10.31158253283031,171.37,-1.1942411636564554
202401,142.0,9.0,31.0,13.826066645903627,13.679893563411804,2737.08,-4.313722941932763
202405,84.0,6.0,12.0,12.542341289999339,12.18504306583565,1095.951,-6.2867327161806745
202405,47.0,16.0,17.0,10.505587952077706,10.505615334708905,285.221,-4.347155980963951
202403,466.0,134.0,190.0,15.716332332763619,15.606694695053863,9460.891,48.394478597619255
202410,26.0,10.0,14.0,9.722624930978418,9.722684841711443,219.523,-6.227889159480919
202408,462.0,100.0,109.0,13.529045078496377,13.394588098160876,3762.371,47.171246440999965
202301,158.0,36.0,64.0,13.149281803715372,12.524002603139673,962.134,-3.278197545733179
202212,287.0,106.0,123.0,14.228196201815669,13.972520289662024,5373.744,-5.9039151188966015
202307,188.0,28.0,53.0,13.583385543792682,13.250072101146003,1748.75,13.692321598500532
202301,159.0,8.0,38.0,14.092199425959196,13.914233090881915,1725.604,-0.3631993191995164
202408,85.0,14.0,32.0,13.567349153674773,12.899724698620531,4338.708,10.015849461160967
202309,4.0,1.0,2.0,9.75666826558467,9.125653563808989,335.288,-6.2918148135823255
202303,59.0,5.0,14.0,11.611584576292795,11.035808596518118,269.97,-6.2918148135823255
202408,47.0,17.0,20.0,12.994416363073707,12.80575494267868,3933.708,-2.901204132857058
202410,140.0,34.0,15.0,10.06475570013225,9.24483841238375,375.747,-5.171587955092667
202310,29.0,4.0,10.0,13.563465863103625,13.231985200780006,1440.366,-4.029702591448098
202403,14.0,9.0,0.0,10.700093441464304,0.6931471805599453,2520.281,-6.2918148135823255
202301,97.0,26.0,35.0,13.35948083728389,12.68012432037247,707.628,-4.265408432471971
202403,14.0,5.0,2.0,11.326764547253553,0.6931471805599453,338.305,-4.155379018659732
202311,383.0,78.0,101.0,13.344259751316022,13.02588331355244,1773.779,29.211850475891232
202309,142.0,21.0,7.0,11.22273357890289,10.166428573724405,429.539,-6.2918148135823255
202210,25.0,4.0,11.0,13.342794453280968,13.160498886552071,2332.187,-5.319485397273138
202301,55.0,8.0,6.0,12.766428159800595,12.341486016122692,1284.293,-6.194456120449732
202308,3.0,0.0,2.0,6.115892125483034,6.118097198041348,2.051,-5.319485397273138
202211,2.0,0.0,0.0,12.827025406541633,12.709084823676607,0.0,-6.227889159480919
202311,15.0,1.0,1.0,13.639849172905928,12.777057841817467,1415.887,-5.319485397273138
202303,88.0,14.0,10.0,12.503254452282237,12.059496539384842,565.771,-6.1915156964887625
202310,274.0,74.0,92.0,14.528061266583048,14.207605347054262,4364.174,19.895191277890547
202401,202.0,22.0,78.0,15.213749300101137,14.745246101933128,3854.574,15.263233689445178
202307,54.0,10.0,13.0,14.79048105694452,12.168209810043589,6356.36,-5.005702105929265
202405,156.0,14.0,35.0,14.643925248224972,13.858639968351843,14984.692,3.019648708279318
202211,345.0,65.0,59.0,13.157514281647307,12.869554118134362,803.013,6.344672656934748
202210,770.0,71.0,165.0,12.541819619211791,12.533212181953703,602.717,-4.182696992575795
202308,104.0,1.0,4.0,8.63141433550626,8.631592731724734,40.143,-6.275982941585651
202402,62.0,24.0,21.0,13.867743360875446,13.665055042599928,2550.837,-3.023940136107723
202401,216.0,40.0,74.0,12.737576983304521,12.672228255637567,870.968,-6.2425499025544635
202311,75.0,18.0,26.0,12.89678185665626,12.28478215720042,478.391,-6.213007689051315
202408,143.0,14.0,77.0,13.483261989087255,13.293664430914818,2374.321,-6.097838814997305
202303,207.0,51.0,66.0,13.546243222029103,13.072176838757688,1801.422,3.751156978612485
202403,29.0,11.0,7.0,11.932188278762764,11.927872147217611,233.401,-3.0908062141700983
202303,302.0,58.0,61.0,11.46918254202231,11.457846064953165,588.872,3.2472853305529483
202210,34.0,2.0,14.0,13.38645845084973,12.8143370910248,2044.827,-6.20711335129225
202210,689.0,189.0,123.0,12.863830962016944,12.526208597285466,2299.721,63.689784062262795
202410,200.0,6.0,22.0,11.988811757374119,11.367645325311157,622.321,1.9407572767163437
202409,133.0,28.0,17.0,7.870547844507712,7.8709295967551425,63.173,2.5007015495776983
202407,75.0,56.0,8.0,11.309768347588136,11.309780600162707,305.719,-3.3748265646547635
202301,175.0,36.0,25.0,13.680213035221133,13.24313571840988,1018.053,-5.092051156350646
202406,410.0,115.0,63.0,10.53683164872532,10.536858189059995,575.857,2.098817624200281
202210,18.0,2.0,5.0,11.52990056917619,10.05371626578282,374.693,-6.2918148135823255
202310,27.0,10.0,3.0,12.58414942754168,12.009589282055124,1458.976,-6.258381774551138
202311,556.0,207.0,94.0,15.287924586118619,15.226146250470324,1050.754,27.94024569250825
202408,296.0,124.0,97.0,11.322031267871516,11.282757298719055,795.359,-6.241276064534448
202403,339.0,16.0,41.0,14.611252683514408,12.347355170364063,1113.362,-6.092648948142966
202210,85.0,9.0,18.0,10.262734186842678,10.079371767366077,397.212,-6.243500304121533
202311,14.0,5.0,2.0,10.155374039382549,0.6931471805599453,303.032,-4.155379018659732
202311,154.0,61.0,19.0,11.38049061378148,11.380502029762713,383.117,6.4282251245351905
202301,53.0,10.0,35.0,13.301341016197776,13.132406773233749,761.154,-6.258381774551138
202303,347.0,42.0,110.0,12.66356394605717,12.587248476364008,622.531,-2.1624388841310616
202310,103.0,44.0,12.0,11.51769407704533,11.399801558694568,365.7,-6.227889159480919
202405,905.0,19.0,76.0,11.82685260287019,11.80727277529077,486.097,-5.184245185935185
202211,27.0,13.0,7.0,12.599778888372255,12.456060638929609,334.83,-5.265276550053281
202306,334.0,155.0,81.0,13.505976800330345,13.095312786967991,2097.785,6.824557668630288
202210,192.0,65.0,38.0,8.618485442898109,8.449128460502108,583.715,-5.185519023955201
202210,502.0,170.0,263.0,14.450337709093573,14.18914094255242,5573.412,-4.777110945824491
202306,171.0,35.0,68.0,15.04949487757572,13.118801039807538,7508.237,-2.053654744498136
202212,457.0,191.0,56.0,13.434999491685513,13.189477952663506,691.196,15.6608680320287
202207,31.0,12.0,12.0,13.459312643086228,13.30582428489171,4932.193,-6.161023081418544
202303,125.0,44.0,15.0,11.520139381988423,10.54702423254274,612.964,-2.335631070283201
202310,174.0,4.0,3.0,12.441196149788786,12.429967914234057,1072.403,-6.115648995918721
202404,495.0,16.0,11.0,12.68225713385099,12.43296914571369,1526.519,-1.5809287119617998
202402,266.0,60.0,66.0,11.059519332071725,10.646329250119924,455.202,-4.574499845833286
202405,214.0,19.0,64.0,13.149953252288665,12.036191386354531,1096.537,-0.5778139231780983
202303,241.0,30.0,90.0,10.692899003066138,10.69292170840757,399.642,-5.807709751409733
202306,153.0,3.0,9.0,9.98216009118743,9.98220630724752,89.306,-6.2918148135823255
202208,27.0,2.0,10.0,13.14652706965319,12.843738828130604,3553.768,-6.1410595135872885
202208,180.0,123.0,24.0,12.967065372985186,12.67104174778607,1473.316,-5.999504516991357
202403,104.0,16.0,31.0,12.700033861203162,12.6723976418951,558.89,-4.211915769625998
202212,156.0,73.0,35.0,12.66990728563038,12.59387264023077,725.021,-1.2478148192094247
202409,179.0,3.0,9.0,10.313044278547546,9.617271072245957,183.097,-6.2620518727231165
202309,133.0,21.0,10.0,12.993936648074323,12.985119960878775,418.094,-6.258381774551138
202303,325.0,81.0,95.0,14.183267568339422,13.9175327074735,1563.9,13.786739867672155
202311,228.0,19.0,56.0,12.76150254197587,12.506499408300304,1161.356,-4.296617231916073
202212,63.0,10.0,32.0,13.898402126853311,13.751010436089441,3263.135,-6.097097427317138
202406,14.0,0.0,6.0,12.672993402605059,12.558548284717633,389.787,-3.307960486592388
202307,159.0,23.0,29.0,10.81001073685123,10.810030932955403,505.515,-6.1833971191426125
202307,108.0,12.0,23.0,12.413647633236259,12.411072592608093,490.035,9.329381501466077
202212,105.0,31.0,36.0,14.355061238444328,14.090381669359038,2124.999,-4.150296921258081
202301,222.0,42.0,49.0,12.600655421940612,12.079057121310184,772.893,1.238768548433999
202407,88.0,32.0,19.0,9.944869390314897,9.944917362299268,387.069,1.8350592788815394
202208,66.0,15.0,21.0,13.004154000877591,12.45609568477152,2307.502,-4.177849112367331
202212,23.0,8.0,3.0,11.057834093258894,11.05784985630873,107.364,-6.2918148135823255
202309,1185.0,129.0,90.0,12.417426976269407,12.021987534588344,1287.938,12.517142930473844
202310,39.0,5.0,8.0,13.938647237262362,13.773633840752876,2128.034,-3.341393525623576
202407,181.0,24.0,38.0,12.94706430514507,12.841296708173818,1076.169,-3.9502639488928804
202405,497.0,16.0,11.0,12.65995324445187,12.3802528176741,1537.237,-1.5474956729306122
202403,108.0,10.0,15.0,10.427061569124286,10.427091188661334,440.86,-4.682144187396456
202208,343.0,74.0,160.0,13.205720586045695,12.788212843544269,1573.491,-6.039817603102448
202208,249.0,96.0,61.0,6.259581464064923,6.261491684321042,523.51,-3.119074589653231
202402,829.0,346.0,372.0,14.391479332542469,14.005987932144382,7172.415,1.9491852544417316
202307,61.0,10.0,11.0,12.465648410359185,11.14794469438261,679.667,-3.119074589653231
202401,628.0,199.0,169.0,14.70998135714928,13.93953187281002,3309.382,19.78013693517932
202402,539.0,19.0,77.0,13.233503956265794,13.142732510872248,557.519,-6.204668384349104
202211,63.0,10.0,32.0,13.726402803291489,13.632728895337863,2817.945,-6.097097427317138
202301,156.0,39.0,59.0,13.9175868865788,13.580783931094413,1846.086,-6.276933343152721
202301,5.0,0.0,0.0,11.942640811412936,0.6931471805599453,167.199,-6.2918148135823255
202403,170.0,32.0,109.0,14.170052127878044,13.855926710141665,2656.625,-0.017648922960683322
202210,217.0,100.0,57.0,11.088904252333467,11.088919533156798,306.714,-4.971539392687067
202210,148.0,26.0,12.0,13.073093298094046,12.694523817693158,2448.812,-6.22494873551995
202210,92.0,11.0,25.0,11.9502832193653,11.64253166409219,592.747,-5.319485397273138
202410,71.0,7.0,26.0,11.700765102448088,10.179489173338517,437.406,-6.2918148135823255
202311,815.0,390.0,199.0,13.547193108402015,13.519984468156101,1767.023,15.768547392856354
202306,34.0,10.0,7.0,9.48417703760591,8.189522110748094,49.469,-6.2918148135823255
202312,425.0,148.0,69.0,12.89407159666947,12.879460897839122,963.668,3.147520303791616
202403,278.0,6.0,26.0,13.807881530799783,12.520065532771751,882.43,-6.227889159480919
202301,465.0,133.0,192.0,15.909914724177227,15.84487674747426,10012.609,48.330552943517844
202301,367.0,74.0,70.0,12.623192901092581,12.60798143743556,638.25,8.973407295587013
202210,105.0,26.0,17.0,10.599580390384643,10.476498931856092,171.287,-3.359945094225159
202301,110.0,22.0,33.0,13.076708891852087,13.076710985275286,690.651,-6.235381726775383
202408,177.0,68.0,35.0,13.651227720754406,13.597068437583633,2738.396,-2.2077797620803885
202311,343.0,74.0,161.0,13.05689215476925,13.055141793403921,859.314,-6.039817603102448
202404,388.0,75.0,82.0,14.320952515772296,13.598152736986318,1981.467,-1.0280128802304604
202311,106.0,24.0,24.0,13.543844869058299,12.656170079616764,982.927,11.291862228475027
202306,28.0,1.0,7.0,15.377987252686253,15.283512317314269,7737.105,-4.075621492561652
202406,54.0,22.0,10.0,11.01105958257571,11.011076100443914,278.015,-6.237605966362469
202311,698.0,384.0,119.0,14.674790206321306,14.361129415739066,4124.082,43.16993201100941
202310,150.0,15.0,21.0,13.609016383359226,13.609017612719043,1261.655,-5.224846400745453
202208,11.0,0.0,0.0,15.201399837049514,13.635324718900735,5652.586,-6.227889159480919
202208,206.0,51.0,52.0,9.80659111529043,9.688560155993258,348.459,-2.620853880544372
202403,118.0,25.0,20.0,12.570812976614532,12.247478469588792,302.677,0.7680188359964326
202406,74.0,26.0,20.0,9.76543165404016,9.765489054378838,127.063,-5.319485397273138
202311,164.0,40.0,26.0,11.824651158975444,9.914674741926692,1726.056,-3.2418931590503
202210,258.0,26.0,90.0,14.570399383296978,13.407946749123557,4395.465,-5.319485397273138
202303,759.0,147.0,332.0,13.825304440936547,13.785176084967937,2454.743,-6.12830622676124
202309,31.0,3.0,4.0,3.58351893845611,3.6109179126442243,44.309,-4.332274510534346
202303,45.0,17.0,16.0,11.099770868377684,10.883222456966818,315.747,-4.347155980963951
202402,190.0,40.0,39.0,12.777405237132818,12.289871367465503,489.656,-4.255065615538735
202409,265.0,16.0,31.0,12.280043108229904,12.0072008865666,1617.886,-5.55736876668702
202404,29.0,11.0,2.0,13.142399310815854,12.953781398832778,2027.142,-5.031079416047335
202409,70.0,1.0,1.0,8.458716261657262,6.948897222313312,29.511,-6.2918148135823255
202303,121.0,27.0,47.0,11.780430339983193,11.780437992819907,413.13,-6.276933343152721
202210,62.0,17.0,34.0,12.802306862513845,12.399338263685985,1584.138,-6.22494873551995
202406,110.0,20.0,37.0,13.412863475489463,12.979831602582507,1931.581,-6.2918148135823255
202210,81.0,9.0,6.0,12.73289365824939,12.28775861768938,896.697,-6.271039005393656
202406,246.0,49.0,64.0,12.964443268865304,12.584604967064186,1289.717,-2.290256984783378
202301,67.0,20.0,10.0,10.570393421890847,10.35666287680037,86.292,-6.271039005393656
202207,48.0,7.0,21.0,13.913612292297518,13.418544728441963,2914.573,-6.179574650020127
202303,386.0,76.0,81.0,14.529850575501547,13.754922622974869,2066.537,-1.0280128802304604
202404,296.0,124.0,97.0,12.064221021289931,12.010519941887075,452.156,-6.241276064534448
202403,236.0,85.0,41.0,11.709527896256425,11.672089272335144,610.125,-5.914105868137046
202408,51.0,9.0,18.0,11.3710046940006,11.224069370290637,597.788,-6.161023081418544
202405,732.0,259.0,163.0,15.348009109027238,13.392764490481225,5844.454,-0.19270669774995408
202406,214.0,71.0,22.0,10.462760424539745,10.398945699170996,525.932,-3.1131802518941663
202307,488.0,138.0,93.0,11.681452310741994,11.64525989151659,668.449,38.44912294820756
202207,39.0,6.0,20.0,12.103846102734064,11.691456513522866,923.752,-0.3939126616257953
202212,25.0,1.0,7.0,11.527735256623709,10.732061203925053,489.131,-6.276933343152721
202310,80.0,21.0,30.0,10.643041105910228,10.475314197859518,140.37,-6.271039005393656
202309,436.0,34.0,73.0,12.307925014832112,11.992860860540377,519.407,-5.283828118654865
202407,505.0,172.0,266.0,14.452763348998243,14.15278747074677,7808.738,-4.777110945824491
202311,156.0,73.0,35.0,12.220695212784811,12.154400331955504,680.528,-1.2478148192094247
202208,493.0,15.0,11.0,12.282857745263595,12.042547327440298,2085.535,-1.5809287119617998
202307,387.0,76.0,81.0,13.339941068013186,12.825979554298609,2343.283,-1.0280128802304604
202303,261.0,102.0,49.0,11.2528844995522,11.195814581827635,331.358,-3.9969992266279197
202303,89.0,39.0,21.0,11.483125833731709,11.188579408146856,382.931,-5.2860523582419505
202402,147.0,22.0,62.0,13.27724350540528,11.732253747393278,1035.643,0.04627673114072284
202301,112.0,14.0,42.0,12.735140856833445,12.715318021361833,443.604,-6.2918148135823255
202210,180.0,29.0,38.0,11.260507570952024,11.254258357586972,287.842,-3.3242878156068856
202312,99.0,15.0,25.0,12.268244305360085,12.26824900395685,1142.86,-6.2918148135823255
202407,4.0,0.0,2.0,13.708033359268205,13.635145086786821,152.447,-6.227889159480919
202410,142.0,30.0,19.0,10.1616893196654,10.161727940887767,132.02,-6.271039005393656
202207,261.0,64.0,93.0,13.73528916766128,13.080505429803264,2904.782,-4.347155980963951
202303,98.0,23.0,22.0,14.637309934705664,14.346092925620876,9660.282,-0.08600471023133949
202207,12.0,4.0,6.0,11.735244676609831,11.619112638851973,449.105,-6.2918148135823255
202401,22.0,5.0,1.0,14.167505266668556,13.264845096093364,2592.281,-6.100037851278107
202402,38.0,2.0,3.0,14.00623917617556,13.654127453760895,6125.283,-5.969246119114326
202210,583.0,248.0,166.0,12.301605527807189,12.246465748089419,1307.27,9.03226385190365
202403,270.0,39.0,94.0,15.194425004379116,14.258988598870525,6623.238,-2.3690641093143885
202307,843.0,343.0,141.0,8.754476306284166,8.754634047431272,1255.624,4.945783181653843
202301,70.0,18.0,44.0,13.102992976684783,12.838176522888864,1658.546,-6.2918148135823255
202410,99.0,0.0,6.0,8.398860004454372,8.399085102935908,18.596,-6.275982941585651
202404,183.0,44.0,26.0,11.78190625342459,11.359261333425822,364.414,-0.902336453018826
202405,62.0,11.0,37.0,13.927309502385516,13.922076247108706,2520.064,0.5503917780086462
202404,268.0,24.0,97.0,13.410849626419443,13.278698526682756,729.037,-5.283828118654865
202402,176.0,21.0,27.0,13.4333111912913,13.134598225472622,1787.773,-6.227889159480919
202403,86.0,27.0,26.0,13.44254942537704,12.847700190299811,1088.608,-5.303653525276463
202310,5.0,0.0,0.0,11.432409311905774,0.6931471805599453,731.339,-6.2918148135823255
202409,488.0,76.0,89.0,12.239749171889558,12.06825206748722,654.394,-1.2466130112376437
202303,465.0,133.0,192.0,15.696462593103373,15.634508177638187,8835.225,48.330552943517844
202210,69.0,6.0,17.0,14.093582349239442,12.121119149649989,2512.876,0.003126885227985987
202310,296.0,125.0,96.0,11.529290819056493,11.47609549171951,440.477,-6.241276064534448
202211,74.0,18.0,17.0,11.868296559266325,11.828057321130109,214.158,-4.347155980963951
202401,106.0,20.0,45.0,12.030796213462857,11.981096165427848,468.745,-6.250263197204988
202308,378.0,170.0,110.0,12.043506656101568,11.997910066976393,7087.841,14.889861016145124
202403,269.0,45.0,38.0,12.40859299296731,11.934349220433958,554.142,-4.221715142653951
202312,403.0,152.0,66.0,12.92536504167831,12.231238316942282,2145.99,43.6705958103643
202212,73.0,15.0,11.0,13.98156044628333,12.257511679297226,2013.232,-3.2135422174207635
202403,27.0,2.0,3.0,15.570990132257798,10.596159620247837,10837.922,-6.2918148135823255
202306,110.0,21.0,37.0,13.313210157658881,12.898547099860561,2049.185,-6.2918148135823255
202311,366.0,74.0,70.0,12.092187005152486,12.092192608256605,455.788,8.973407295587013
202210,14.0,5.0,3.0,11.873414127430918,11.594569966010608,709.617,-6.163963505379513
202301,105.0,27.0,16.0,12.121891804246545,11.332613886815139,239.635,-3.359945094225159
202301,216.0,41.0,73.0,12.837211434806173,12.703685362023863,985.869,-6.2425499025544635
202308,76.0,11.0,7.0,11.89775920246932,11.441826806440648,109.073,-6.256157534964052
202208,316.0,82.0,72.0,12.796791119587798,12.787092019439623,1867.366,58.793278658899546
202405,461.0,176.0,88.0,11.053632273662666,11.053648103084814,758.172,9.904324830167928
202210,251.0,46.0,109.0,12.46887143096437,12.312983458855328,898.201,-6.276933343152721
202306,17.0,3.0,7.0,11.662982061176908,11.66299066773252,188.947,-6.213007689051315
202306,472.0,181.0,90.0,10.921431938136783,10.916796096289781,887.924,11.848983662786301
202301,163.0,42.0,41.0,12.842048765111372,12.78285172643949,1216.551,-6.2620518727231165
202405,153.0,34.0,31.0,11.544705100306254,11.544714787459636,406.035,4.951992948269529
202406,146.0,0.0,10.0,7.400620577371135,7.357556200910353,58.94,-6.256157534964052
202306,101.0,10.0,17.0,12.432327352177762,12.112058625347917,631.68,7.335678485175901
202409,256.0,9.0,17.0,8.997270906233448,8.305731144875866,62.424,-6.2918148135823255
202208,14.0,2.0,1.0,15.185187359071659,15.096097398782746,10252.647,-5.111876562972245
202309,209.0,10.0,27.0,6.75343791859778,6.754604099487962,61.559,-6.224493790970703
202210,35.0,7.0,11.0,12.944931446880112,12.25197292371293,2144.474,0.5144911005819859
202306,393.0,134.0,120.0,14.08181167822017,14.029096581268178,3079.927,2.5677199985905794
202311,257.0,37.0,15.0,13.062401036231647,12.54758928061036,1875.176,-6.256157534964052
202212,319.0,59.0,103.0,14.210348059253006,13.999097147600002,2387.295,32.91132266100655
202307,391.0,72.0,145.0,14.381256659925924,14.116268270418635,5330.661,16.171416803089485
202408,63.0,4.0,52.0,11.31366932410936,11.252235797582049,423.5,-6.271039005393656
202306,98.0,23.0,22.0,14.55258036112519,14.20286532605007,12161.384,-0.08600471023133949
202208,83.0,27.0,22.0,11.822004481355027,11.781080622113786,458.757,-6.2918148135823255
202409,57.0,3.0,26.0,11.684826246936266,11.205543959897515,789.324,1.6481048641251732
202408,335.0,151.0,85.0,13.499659437115554,12.960065599921233,2950.032,6.888483322731693
202402,89.0,30.0,15.0,12.441010371327089,12.441014324419692,252.753,-6.271039005393656
202210,176.0,66.0,35.0,13.31842181638175,13.23634185155283,1634.129,-1.2354503457712012
202306,532.0,76.0,50.0,13.733724414723111,10.412321193621326,1432.316,9.606859686223348
202207,93.0,0.0,15.0,12.122076717501,8.503905297089302,96.422,-6.2918148135823255
202207,20.0,1.0,10.0,14.199160094161956,13.967693302676826,5095.311,-5.999738734184544
202309,16.0,2.0,2.0,10.764181004307874,10.76420214752143,110.951,0.5144911005819859
202405,295.0,44.0,67.0,12.029538310417822,12.029544275776981,388.926,-6.2918148135823255
202312,357.0,59.0,39.0,13.11173711816303,12.10612523035045,574.339,-6.2263945941048435
202308,70.0,11.0,7.0,11.784005482824389,6.693323668269949,365.323,-6.275982941585651
202301,230.0,113.0,39.0,14.146439602300575,13.909015472894442,1781.097,4.736143625764191
202306,188.0,18.0,49.0,12.54117608863797,12.513016758010693,755.191,-6.256157534964052
202402,183.0,36.0,95.0,12.169854619795531,11.361730412968603,2193.948,16.664095550055492
202307,67.0,32.0,6.0,12.199123556441966,12.190390318128067,276.077,-6.100037851278107
202303,279.0,25.0,28.0,12.867143332120929,12.813988681727459,611.182,-5.947218290822283
202402,98.0,7.0,66.0,12.880319841289602,12.824959534644096,887.476,-6.271039005393656
202310,55.0,8.0,19.0,11.363473727799436,11.363485339706285,459.142,-1.3069511333134747
202310,59.0,12.0,17.0,11.725226447505369,11.624493672974605,292.66,3.431479349509548
202312,197.0,59.0,38.0,13.778679547196418,13.467275611122151,1050.505,26.201830624361108
202210,123.0,17.0,24.0,11.496460660938983,11.439741681007623,305.505,-1.3633016539740135
202405,202.0,24.0,50.0,12.338595404654905,12.318172898051058,532.288,25.362498833797865
202403,189.0,1.0,0.0,9.679718805828,9.679781342959442,1.916,-6.250263197204988
202212,31.0,5.0,7.0,13.374105269864959,12.750948909857545,1966.413,-1.4092537626380626
202307,350.0,158.0,60.0,12.703426936986208,12.662595186879502,1570.573,20.607095087914622
202409,91.0,3.0,12.0,14.305025718220207,14.059846358837547,3586.944,-6.079262043089438
202208,108.0,20.0,15.0,11.23740908941732,11.237422261437313,235.864,-6.271039005393656
202306,556.0,212.0,153.0,12.846230357169413,12.4654169699502,1875.353,12.996205058739077
202207,731.0,206.0,173.0,12.953198885579523,12.456449968198072,2639.884,19.61812291373431
202405,85.0,14.0,17.0,13.663245931752524,13.15015168119924,2068.129,5.294931646016421
202207,62.0,17.0,34.0,12.462175037641096,12.371133591364993,2013.035,-6.22494873551995
202406,191.0,44.0,56.0,12.505006182191892,12.322241045029553,699.8,4.14597228587918
202303,181.0,50.0,50.0,10.927250568714278,10.91091613578162,397.079,-4.5469611445611635
202402,27.0,17.0,7.0,11.76408099173807,11.764088770721589,122.816,-4.347155980963951
202309,113.0,6.0,7.0,12.468559979347399,9.721545923560459,680.633,-6.2918148135823255
202301,16.0,6.0,4.0,13.407886621261639,13.14712037816564,2024.803,-6.258381774551138
202405,402.0,75.0,48.0,12.765816996629571,12.027597681104794,402.526,-4.244632624283302
202308,32.0,3.0,8.0,11.389231242623897,6.675823221634848,392.54,-6.2867327161806745
202407,46.0,9.0,30.0,11.253973372417226,11.253532780980898,698.38,-6.271039005393656
202406,103.0,15.0,31.0,12.097752198037453,12.0970331484896,532.978,-4.211915769625998
202301,114.0,12.0,15.0,9.770927116951647,9.770984202723035,365.839,7.320797014746297
202210,515.0,129.0,105.0,12.280419160658829,12.011419364615591,2812.564,39.67171885567251
202310,9.0,1.0,1.0,11.22090064308431,9.918129829272997,558.169,-6.276933343152721
202405,306.0,179.0,93.0,12.823062062240387,12.796583374576047,1394.656,-3.4172609968953265
202307,5.0,0.0,0.0,11.506031757879363,0.6931471805599453,1125.958,-6.2918148135823255
202308,32.0,6.0,13.0,9.928862858867356,9.928911604876287,138.948,-6.227889159480919
202407,25.0,13.0,11.0,12.821242068272706,12.814756110145277,1396.962,-6.2918148135823255
202410,52.0,5.0,6.0,10.417418350255533,8.914357274485015,186.906,-6.2918148135823255
202301,543.0,167.0,88.0,14.0299079730918,13.50920412378872,1833.131,36.01560806221079
202301,85.0,13.0,16.0,13.475387866533058,13.475389271652048,734.424,32.89616510643222
202310,173.0,17.0,31.0,13.207200726239707,12.61242735782317,2236.984,-3.193496083443104
202410,162.0,31.0,56.0,12.166333397961157,10.830836911767017,688.996,-6.2918148135823255
202208,18.0,6.0,3.0,12.547841544323207,12.258252296987214,1263.986,-1.4301677320363888
202406,446.0,216.0,62.0,10.464844680601267,10.46487320191382,906.726,19.492656677780566
202207,125.0,45.0,15.0,10.362209026944724,9.517236663351769,825.541,-2.335631070283201
202308,214.0,1.0,5.0,8.244071270295786,8.244334047856094,17.503,-6.250263197204988
202211,115.0,2.0,3.0,6.71901315438526,6.720220155135295,46.889,-6.256157534964052
202308,185.0,16.0,8.0,10.433939317437297,9.40351943877092,118.593,-6.250263197204988
202301,651.0,289.0,156.0,9.606024468229242,9.464517365870565,2112.325,12.779100144912695
202307,213.0,45.0,84.0,13.325913015640031,13.06175525545177,2526.583,22.07218727016616
202401,27.0,0.0,0.0,14.237647252982631,0.6931471805599453,11757.973,-6.2918148135823255
202410,38.0,6.0,5.0,8.164794804244766,8.165079258805068,163.248,-6.2918148135823255
202210,89.0,9.0,31.0,12.441721676364667,11.655708924916691,250.531,-6.2263945941048435
202303,181.0,31.0,90.0,11.93400142059254,11.93400798397347,628.499,-3.0338369711504742
202307,84.0,14.0,17.0,13.699518168144282,12.8715531077284,2886.42,5.294931646016421
202307,218.0,56.0,53.0,13.297284283479769,13.107901303929875,2865.111,5.6986736690454265
202312,94.0,8.0,47.0,11.903121254792055,11.903128024012409,392.112,-5.567605070331143
202401,49.0,7.0,25.0,13.65791595463445,12.974510491443581,1461.071,-5.109886540578346
202403,207.0,23.0,60.0,13.540247054885963,13.086769359833138,1692.798,2.005817034188702
202309,130.0,11.0,17.0,9.437635294412868,9.437714959818209,118.057,-6.271039005393656
202405,258.0,56.0,95.0,13.57003192539756,13.217473537205986,1820.975,-0.45783831572720146
202301,47.0,10.0,31.0,12.552912381988788,12.552664929860674,767.941,-6.2918148135823255
202308,2.0,0.0,0.0,14.83056296093341,0.6931471805599453,3341.733,-6.2918148135823255
202403,31.0,7.0,8.0,13.177006853660435,13.003296017356341,421.711,-6.1422507854609
202405,113.0,14.0,43.0,11.540472536299529,11.532708484231035,350.617,-6.2918148135823255
202301,187.0,0.0,6.0,10.93793458372845,10.513551992534897,92.168,-6.2918148135823255
202210,85.0,9.0,18.0,10.262734186842678,10.079371767366077,397.212,-6.243500304121533
202303,627.0,240.0,145.0,13.605323951719335,13.341158287067511,3100.739,26.541312162652197
202405,217.0,101.0,55.0,10.268269545368758,10.268304262166483,292.743,-3.9992099763778794
202208,17.0,7.0,9.0,10.401835654791006,10.005773346076879,384.843,-6.2918148135823255
202207,153.0,23.0,44.0,13.051998851343495,12.348808422542133,1554.217,26.54574229582144
202402,237.0,85.0,42.0,11.880190139263089,11.841502329292473,696.211,-5.914105868137046
202308,53.0,3.0,3.0,6.680854678790215,6.682108597449809,11.033,-6.276933343152721
202308,361.0,20.0,31.0,12.246864239588339,12.021909393856848,1701.719,-5.55736876668702
202401,697.0,214.0,113.0,11.845633482944345,11.84564065271373,2331.941,11.541046640105423
202303,105.0,31.0,37.0,13.535140355187865,13.329876609228146,1936.481,-4.150296921258081
202310,39.0,4.0,20.0,13.345375720111067,13.058784395761457,2254.509,-5.094275395937732
202409,30.0,4.0,13.0,7.4489161025442,7.449498005382849,117.931,-6.227889159480919
202303,179.0,28.0,38.0,12.394525368254369,12.190110932469908,389.81,-3.3242878156068856
202301,95.0,34.0,20.0,13.462500319354005,12.063529338744631,361.767,-4.02752771045692
202401,44.0,11.0,21.0,12.76281860515908,12.762821470509119,3616.474,-4.999857126766107
202410,46.0,7.0,6.0,11.9992391098306,8.587092318795905,457.881,-6.256157534964052
202207,165.0,15.0,8.0,13.042430163736105,12.452061250089065,2000.275,-6.20711335129225
202311,115.0,15.0,62.0,14.120534880523875,14.051507943655027,1645.574,4.752514633444225
202404,482.0,11.0,19.0,10.74795999661981,10.670071051169256,99.143,-6.241276064534448
202303,66.0,3.0,16.0,14.32304115910073,13.857708565344458,2054.548,13.636451673312243
202403,51.0,5.0,12.0,12.13416302446182,11.764384327264485,819.335,-6.2918148135823255
202301,70.0,27.0,18.0,13.78577583024875,11.476085116499686,572.651,-6.256157534964052
202301,325.0,125.0,93.0,14.13682637123361,12.69945094609236,2154.354,-2.3875435690751505
202408,160.0,39.0,58.0,13.387940935248993,11.937735579342169,2348.341,18.891896460945645
202312,28.0,0.0,0.0,15.40384658342977,14.781878625247414,10837.081,-6.100037851278107
202402,282.0,77.0,64.0,14.159166217626062,13.797947221583685,2537.729,5.85710015846486
202308,232.0,85.0,23.0,11.301216291281682,11.235840378931302,398.818,3.5466599370327145
202311,34.0,15.0,9.0,9.984237702221238,9.984283822364217,73.556,-6.194456120449732
202404,31.0,5.0,14.0,11.316411673155438,11.267114436593754,183.71,-1.1942411636564554
202309,8.0,0.0,5.0,10.961156311521107,10.754834347769618,250.425,-6.276933343152721
202212,69.0,6.0,17.0,14.317177569385272,12.735885858656792,3365.298,0.003126885227985987
202407,66.0,7.0,19.0,14.118601058521174,13.488326452792572,12138.925,-5.1708582808816566
202303,20.0,1.0,10.0,13.405754255838868,13.13262257144544,3015.893,-5.999738734184544
202210,469.0,9.0,3.0,12.394678580853713,11.836739350215423,920.138,-6.204172927331281
202303,45.0,17.0,13.0,8.017307507688582,8.017637159908478,183.233,-5.319485397273138
202410,65.0,0.0,0.0,10.814263103722173,10.814283214128304,0.0,-6.227889159480919
202211,4.0,0.0,3.0,12.572699900518133,12.572703365851801,1011.375,-6.227889159480919
202401,418.0,68.0,153.0,13.81852301595298,13.552145092462254,1941.192,-5.214820367151807
202403,41.0,4.0,18.0,13.759750460142286,13.488085075777152,1577.935,0.5479241396131735
202208,142.0,19.0,31.0,11.662654957163523,11.615409848522553,561.404,-6.2168301581738
202409,35.0,4.0,5.0,11.151898206292632,10.503477234609823,323.926,-6.2918148135823255
202409,15.0,4.0,2.0,6.343880434126331,6.345636360828596,20.825,-6.256157534964052
202311,225.0,72.0,39.0,10.26500077311511,10.265035603577836,318.823,4.261509001453829
202410,60.0,7.0,31.0,10.726785417561118,10.612409652211436,223.845,-6.210067265090346
202303,14.0,5.0,5.0,11.611602697158974,11.429717753953536,208.305,-6.258381774551138
202303,14.0,2.0,1.0,15.17621810056081,15.137683111109602,8391.779,-5.111876562972245
202307,326.0,77.0,57.0,12.446073313910807,12.436092500783815,780.055,-6.164693179590523
202408,220.0,30.0,79.0,13.004370069642315,12.881335856991559,1496.823,-5.319485397273138
202408,191.0,44.0,56.0,12.430103802805638,12.256299871869059,1109.72,4.14597228587918
202402,52.0,18.0,14.0,12.433483080734137,12.43348706369503,255.957,-5.319485397273138
202401,559.0,125.0,101.0,13.06857645018134,13.038531667184893,768.006,3.1271340288944938
202301,119.0,25.0,20.0,12.759543880017173,12.30915256259886,408.314,0.7680188359964326
202306,113.0,25.0,28.0,12.93186125080588,12.836519614226187,1241.172,-6.258381774551138
202404,333.0,75.0,76.0,14.384807333552548,14.047003952112929,2175.581,7.535137108019555
202210,193.0,47.0,30.0,10.443162989406174,10.286945605381202,218.228,-2.2694811765947094
202401,88.0,7.0,15.0,12.988802270052613,12.60854661798231,623.481,-6.2918148135823255
202402,216.0,40.0,74.0,12.730925427100507,12.668154354057235,864.464,-6.2425499025544635
202208,352.0,126.0,88.0,13.955457700580114,12.968354020923789,3800.932,13.744617309542521
202303,4.0,1.0,3.0,11.537579052408885,11.537588808839592,261.243,-6.2918148135823255
202312,81.0,17.0,26.0,14.701064105577426,13.061423705964973,3935.524,-3.3109009105533573
202311,461.0,58.0,158.0,14.101739324878965,14.01807010478664,2235.944,-6.2867327161806745
202310,54.0,8.0,5.0,12.399762669061289,11.887690786828754,835.249,-6.194456120449732
202408,4.0,0.0,3.0,13.200569938854194,13.200571788399252,1956.857,-6.227889159480919
202312,159.0,35.0,45.0,12.516490539255576,11.923974951372294,669.925,0.6230611659722047
202301,116.0,23.0,69.0,13.239945503990947,13.018235435149048,653.787,-6.2918148135823255
202301,118.0,30.0,29.0,12.844161558339914,12.844164199841872,885.544,-3.038106073968169
202308,122.0,35.0,36.0,11.015246378874124,11.015262827730519,664.488,-3.341393525623576
202303,39.0,5.0,8.0,14.204186174719345,13.717194063721772,1925.657,-3.341393525623576
202312,49.0,16.0,22.0,13.758848138745712,12.852180628084334,1030.798,-4.292947133744094
202208,481.0,107.0,35.0,12.86694970153392,12.781030145264795,1410.295,-6.2127869616952545
202303,77.0,11.0,42.0,13.251855372637083,12.948821565605076,1182.744,-5.155260626078169
202303,546.0,28.0,60.0,12.554152255193102,12.29841022972855,603.431,-6.203717982782034
202405,422.0,141.0,74.0,9.122492281402987,9.057771773331575,188.834,-0.1664290621073956
202402,147.0,53.0,43.0,9.748294663130427,9.748353055586138,301.774,-2.8707115177868396
202311,101.0,9.0,28.0,12.68588117426237,11.79834497976775,610.856,-6.220500256345779
202307,325.0,77.0,125.0,13.356888314332142,13.31568586809027,2061.178,9.570472733394066
202301,56.0,8.0,19.0,12.655028184712867,12.65503137618016,496.985,-1.3069511333134747
202301,36.0,18.0,10.0,14.016545914202329,13.835566094452698,4733.323,-6.00779446309766
202301,257.0,41.0,16.0,13.689697870768741,13.149737270196827,2768.406,-6.256157534964052
202407,86.0,14.0,34.0,13.262572176445913,13.205273355142868,3706.224,2.969893848206155
202208,226.0,13.0,90.0,11.910311357263819,11.826808767574002,934.185,7.807344037147072
202402,57.0,8.0,12.0,13.933332703966949,13.389464099433765,4785.182,1.5507461709925794
202210,58.0,7.0,3.0,10.047198210202428,10.047241516180824,28.229,-6.275982941585651
202402,99.0,9.0,10.0,11.735684942537558,11.431531010765534,146.082,-6.271039005393656
202301,169.0,15.0,75.0,13.96363741667106,13.810774359863833,2302.152,-6.163963505379513
202207,9.0,0.0,2.0,10.433762800123432,10.433792221839603,1352.811,-6.163963505379513
202403,179.0,51.0,56.0,13.404408089758698,12.546675624589819,967.214,-0.25500235211586375
202404,118.0,25.0,55.0,13.941110076280935,13.476873379546827,2018.294,-6.11447786699559
202311,87.0,8.0,41.0,11.320141366165364,11.320153492301433,250.801,-6.186337543103582
202402,160.0,39.0,59.0,14.961709429645659,13.302074864260646,2150.67,18.82797080684424
202303,421.0,17.0,23.0,11.456788881824606,11.167741390246988,836.136,6.568562294820367
202212,45.0,7.0,36.0,10.716659698193956,10.716681870405523,201.422,-6.2918148135823255
202404,101.0,15.0,16.0,10.813156408101396,10.813176540775721,108.298,-5.271170887812346
202312,556.0,212.0,154.0,13.734682208421637,13.432050062766217,2254.914,12.996205058739077
202210,46.0,15.0,16.0,12.36691091350725,11.866718259503722,561.889,-4.283230326862545
202301,205.0,16.0,13.0,10.714417768752456,10.265418658620565,329.335,-6.265956907992005
202403,302.0,59.0,61.0,12.050914792007058,12.028302714354208,488.776,3.2472853305529483
202307,104.0,26.0,14.0,11.902904615542944,10.87674445755095,857.147,-3.3748265646547635
202308,40.0,10.0,6.0,8.869257522797287,8.650499558724462,80.662,-6.2918148135823255
202408,877.0,406.0,174.0,13.230686699612917,13.22749426670004,2716.628,17.306108066547367
202301,324.0,36.0,94.0,13.934770724347926,12.808580968650599,1719.0,1.7233822769379934
202309,253.0,32.0,40.0,12.776803573642278,11.915700290845505,1413.718,-6.025782870080591
202303,301.0,103.0,50.0,11.43807260006816,11.141760329157709,674.21,2.1954191155017426
202406,318.0,72.0,103.0,14.098716125803413,12.860091708649723,3564.041,24.90548162687338
202403,264.0,38.0,132.0,14.34632173347122,13.943238643931831,2646.902,-5.2860523582419505
202303,361.0,62.0,127.0,12.192825285444544,11.982128774045195,914.411,-3.269349294176019
202210,20.0,1.0,10.0,14.278312064072267,14.109012661132674,3367.589,-5.999738734184544
202207,227.0,74.0,83.0,11.836804452733828,11.836297988063382,1023.52,-1.196546395950537
202301,879.0,408.0,167.0,13.72145808691261,13.711469171872345,3958.131,17.337771810540715
202303,35.0,2.0,17.0,13.647139242497044,13.393615717947638,2825.793,-4.072852437360835
202408,22.0,6.0,7.0,12.117143066330094,11.394063097044278,1695.703,-6.2918148135823255
202303,54.0,22.0,12.0,12.877424013719661,12.663117673611517,1021.678,-5.035244319432413
202301,40.0,26.0,8.0,12.761961497057962,12.701868891895499,1477.09,-6.227889159480919
202407,583.0,121.0,172.0,12.953842945451996,12.469812885985288,2479.514,6.864439025423993
202410,48.0,4.0,29.0,12.440788973197,12.28880864610899,1240.663,-6.27185124575107
202408,343.0,168.0,50.0,9.74899514766085,9.607302767592598,691.824,-0.4441403072644565
202303,67.0,32.0,6.0,12.31111711124948,12.303548660038517,216.183,-6.100037851278107
202310,202.0,24.0,50.0,12.359497347613635,12.336785068590897,612.779,25.362498833797865
202402,246.0,54.0,24.0,12.810771052905006,12.585111639401815,541.707,-6.256157534964052
202210,17.0,5.0,5.0,12.318186307280632,11.709437525283521,567.373,-4.347155980963951
202401,106.0,27.0,16.0,12.268389951595035,11.5886913477446,259.738,-3.359945094225159
202301,74.0,3.0,12.0,15.36821154419062,13.732488666927676,3575.837,1.5536865949535485
202310,62.0,23.0,21.0,12.343427344993552,11.5587588813134,752.621,-1.4143358600397145
202303,46.0,11.0,16.0,12.98788296317265,12.338231847131064,677.221,-6.178624248453057
202310,68.0,12.0,26.0,11.753201415024739,11.753209279102027,325.195,6.026219188993528
202404,54.0,8.0,19.0,12.547877069311488,12.547880621740905,375.006,-2.279280549622662
202208,272.0,39.0,188.0,12.597736283324657,12.512479558792535,2501.797,7.264747061396806
202301,94.0,36.0,37.0,12.158965314602272,12.025659267005521,826.151,-1.8471271680558905
202408,101.0,14.0,30.0,12.19603746107704,12.195264446813571,781.252,-4.211915769625998
202401,39.0,5.0,9.0,14.29522129541764,12.366020773347236,788.278,0.5303229725786602
202311,177.0,21.0,63.0,13.412764749207998,12.822511553005455,1460.181,22.17414746522816
202409,15.0,1.0,1.0,14.420928649495455,13.982650792762565,4078.475,-5.239727871175058
202401,51.0,5.0,12.0,12.196168763598237,11.815973868302475,1016.373,-6.2918148135823255
202307,60.0,2.0,10.0,13.483100260487012,12.549463748640038,3171.276,10.711407695471562
202301,44.0,11.0,21.0,12.580631710942455,12.580635148898521,3639.136,-5.0637827808675135
202207,64.0,0.0,4.0,9.668650902630873,0.6931471805599453,528.482,-6.2918148135823255
202306,27.0,0.0,0.0,13.96848740626365,0.6931471805599453,12689.729,-6.2918148135823255
202306,99.0,8.0,32.0,13.605457204936425,12.40356602594135,3111.225,-6.276933343152721
202301,89.0,31.0,10.0,14.583790257079558,13.213729425701475,3980.332,-4.934760343741571
202210,124.0,36.0,51.0,13.02066503667938,11.206549750071193,1486.784,9.747246737318589
202311,248.0,43.0,73.0,11.512865463170156,11.500296048570087,293.681,-6.251075437562401
202312,610.0,196.0,76.0,11.413237717582938,0.6931471805599453,1012.265,5.61243555092158
202211,103.0,8.0,31.0,13.76563310290828,12.68836606991753,2663.143,-6.276933343152721
202402,425.0,17.0,24.0,11.993343426314793,11.6916739793774,1013.386,6.568562294820367
202208,67.0,20.0,10.0,9.630168502920114,9.597845154707354,81.441,-6.271039005393656
202403,36.0,5.0,15.0,13.374826479040655,12.876467954043935,1143.406,-4.313722941932763
202312,60.0,15.0,19.0,11.099801099494575,11.062614653070211,259.804,-5.099390700889879
202402,61.0,7.0,5.0,10.524762720858279,10.524789583442729,70.979,-6.276933343152721
202301,420.0,72.0,151.0,13.900320346569064,13.63418290708216,2051.469,-5.214820367151807
202405,62.0,8.0,24.0,12.105008443043152,11.643892321982587,710.398,-6.2918148135823255
202308,3.0,0.0,0.0,12.2572694352613,12.151326026855072,597.225,-6.227889159480919
202309,2.0,0.0,0.0,13.180339789925448,0.6931471805599453,2082.057,-6.2918148135823255
202404,56.0,5.0,23.0,13.974029397759962,13.496395608288923,1906.656,3.8436437656013194
202405,17.0,4.0,7.0,12.75428653531247,12.45003399495477,1258.246,-6.275982941585651
202405,556.0,212.0,153.0,12.833347081939412,12.588961483348282,1510.482,13.060130712840484
202406,139.0,39.0,64.0,13.010906539098118,12.995704316122213,783.605,-6.0666380197974155
202303,133.0,24.0,30.0,12.93804142114483,12.588859194812692,446.508,0.8958701441992449
202207,110.0,23.0,47.0,11.251495763662513,11.251508751434526,567.372,-2.7145424755049867
202303,229.0,10.0,68.0,13.644302219963569,12.624338802808733,2601.989,-3.4028515413295093
202303,176.0,21.0,63.0,14.301025142953833,13.570178911386224,1618.258,21.201818048918973
202210,182.0,51.0,50.0,10.934409692234288,10.884816680589505,420.294,-4.5469611445611635
202407,87.0,8.0,41.0,10.828975856764325,10.825979020051888,313.321,-6.186337543103582
202407,501.0,111.0,175.0,13.456259441397679,13.169830762325013,4473.598,30.009938502751872
202301,32.0,12.0,9.0,9.496646498248033,8.489821994620105,145.774,-6.0717201171990665
202407,28.0,0.0,0.0,14.899829177124952,14.43747908710269,14669.543,-6.100037851278107
202208,25.0,4.0,11.0,13.236350774284649,13.065757046432703,3588.512,-5.319485397273138
202303,57.0,4.0,4.0,9.467846701917901,9.260177606823355,63.698,-6.2918148135823255
202301,334.0,130.0,72.0,11.366094596505182,11.316959241660811,1344.425,7.211725812407881
202401,316.0,42.0,115.0,14.061399852337885,14.021883058108285,2527.229,4.824704801685369
202407,310.0,131.0,33.0,11.295154952992526,10.957259366731083,558.086,-3.8281594636664225
202407,202.0,7.0,35.0,11.624082150335052,11.580135414662958,195.307,-6.256157534964052
202306,27.0,11.0,2.0,13.048863220493491,12.910792602442735,2158.233,-5.04596088647694
202401,162.0,50.0,30.0,15.066552904180616,13.723881992692563,2059.9,9.270863909721115
202402,15.0,9.0,0.0,14.524604411763887,0.6931471805599453,2467.855,-6.227889159480919
202403,582.0,121.0,172.0,14.043194983884533,13.381164377903502,2232.778,6.864439025423993
202208,16.0,6.0,4.0,13.164253601164514,12.884491900685507,2206.361,-6.258381774551138
202311,230.0,112.0,39.0,13.289525610065443,13.122681326853046,1060.529,4.736143625764191
202303,937.0,456.0,205.0,13.403543356990978,13.250383611454321,2540.787,30.91923306882817
202208,21.0,9.0,8.0,5.043425116919247,5.049856007249537,105.336,-6.227889159480919
202410,54.0,3.0,8.0,12.275920484761356,0.6931471805599453,330.214,-6.250263197204988
202404,50.0,6.0,22.0,13.803355989563482,13.557117995834792,4486.716,1.740348252305619
202211,163.0,46.0,70.0,12.434291296711132,12.216512955333949,702.459,-5.2050209941238545
202408,189.0,82.0,41.0,12.311378159675444,12.311382659912832,1350.481,0.9654245880131533
202307,50.0,2.0,21.0,13.54040243437434,12.210572505955065,1100.43,-6.227889159480919
202405,15.0,9.0,0.0,13.77081126476026,0.6931471805599453,2142.743,-6.227889159480919
202307,109.0,24.0,26.0,13.372044472522557,12.134802182299165,1860.574,-6.237605966362469
202211,219.0,68.0,84.0,13.675950745159557,13.55495585525189,1353.916,-2.134087942501525
202406,113.0,15.0,26.0,14.033542668092197,13.081803848436977,2510.562,1.6324937194845592
202301,71.0,8.0,46.0,12.685491190042502,12.685494285754167,857.123,4.403808765818736
202406,4.0,1.0,3.0,11.271592484455809,11.271605213823095,282.12,-6.2918148135823255
202303,161.0,8.0,41.0,13.133560455497545,13.027038997499183,1294.426,-0.3631993191995164
202303,549.0,28.0,60.0,12.964551001744079,12.749271553766196,604.777,-6.203717982782034
202311,32.0,12.0,12.0,13.56368457028774,13.398336162946352,3017.123,-6.161023081418544
202306,54.0,21.0,13.0,9.56043370454936,9.560504164299259,202.689,-5.030349741836326
202404,671.0,265.0,60.0,7.244941546337007,0.6931471805599453,672.402,10.48406383060223
202403,134.0,37.0,47.0,12.63823485995319,12.204195885517313,522.681,-5.319485397273138
202211,25.0,5.0,9.0,13.190775013339954,12.769919469993413,804.021,-4.313722941932763
202309,326.0,48.0,13.0,10.58961011815911,9.812358619125026,627.13,-6.079262043089438
202310,126.0,16.0,89.0,11.390949902944504,11.390961200145622,319.5,-6.256157534964052
202402,102.0,2.0,2.0,12.433327732884097,12.170227827624787,589.769,-6.2918148135823255
202406,134.0,44.0,40.0,11.663162783291332,11.017004873924424,507.141,-4.283230326862545
202301,309.0,48.0,112.0,13.43003041346919,13.10931866388352,1626.701,11.029000819636481
202401,1.0,0.0,0.0,15.069829172956789,15.06982945822691,8970.828,-6.227889159480919
202406,35.0,7.0,11.0,12.786028731317105,12.271200055738534,2022.477,0.5144911005819859
202311,639.0,209.0,119.0,10.986647736645317,10.506983511143426,849.835,0.03655992425917365
202208,15.0,8.0,3.0,13.035599969667782,11.431465920724287,1243.469,-6.2918148135823255
202307,120.0,15.0,41.0,12.65892375783324,12.386642669285322,904.499,-5.319485397273138
202401,191.0,52.0,102.0,12.218129666643385,12.205002072671498,849.848,-6.2918148135823255
202303,37.0,7.0,7.0,9.84845041660622,9.83649268371185,45.718,-6.2918148135823255
202409,145.0,26.0,79.0,13.06136843702844,11.749664181798746,2352.012,-6.209116863523276
202210,216.0,39.0,80.0,13.177512329182612,13.04300193761512,1620.289,4.864773966773923
202212,49.0,26.0,13.0,10.871991155857218,10.658176581190668,346.493,-6.276933343152721
202210,81.0,16.0,26.0,13.569228872731438,12.800222356580877,3335.153,-4.283230326862545
202303,17.0,8.0,1.0,11.846471997318094,11.846479161078065,279.677,-6.1171916303908676
202306,215.0,98.0,46.0,12.385456558336786,12.361100083749584,652.174,-0.9199376200533393
202307,95.0,34.0,20.0,11.333511676517343,10.099670922267554,274.766,-4.02752771045692
202301,160.0,8.0,38.0,13.994591034795011,13.794481999521489,1903.026,-0.3631993191995164
202403,534.0,90.0,175.0,13.611549343566722,13.445140838624619,1272.428,25.642210439757427
202211,205.0,70.0,41.0,12.936920153272945,12.881893081265842,1019.535,-6.235381726775383
202306,202.0,6.0,26.0,11.58729983020959,11.19244468076706,392.799,-6.256157534964052
202309,2.0,2.0,0.0,7.608374474380783,0.6931471805599453,137.046,-6.2918148135823255
202410,5.0,0.0,1.0,12.36505733695969,11.804654338067623,490.445,-5.303653525276463
202212,185.0,13.0,46.0,14.664010124584653,13.101603371967913,6021.58,-6.240325662967377
202210,74.0,21.0,33.0,12.437370857039625,12.413225016746301,622.535,-6.276933343152721
202312,171.0,46.0,46.0,11.799712136670376,11.662534418181933,345.421,-4.375180957638697
202212,46.0,17.0,20.0,12.920474829549796,12.845024957784418,1667.024,-4.1062854763920225
202401,265.0,113.0,71.0,14.737613168107458,13.578771251805582,2154.319,-1.0822217274503174
202406,894.0,185.0,183.0,13.693571146532891,13.659748747629658,4071.827,6.241062330234923
202307,211.0,40.0,16.0,11.762056400052822,11.548427734812725,463.089,1.3029192553388693
202211,87.0,22.0,18.0,12.507350623368612,12.118426521676826,321.703,-6.2918148135823255
202402,63.0,15.0,2.0,9.440419814291506,9.440499258184298,213.668,-6.271039005393656
202408,116.0,23.0,70.0,12.959126543215813,12.77041154769473,855.53,-6.2918148135823255
202311,125.0,46.0,15.0,12.729871748599876,12.332330777000672,556.586,-2.0396696733299002
202402,96.0,9.0,51.0,13.156759007003409,12.7754973115991,797.778,-6.2918148135823255
202211,44.0,11.0,21.0,12.65682337135387,12.656826557097032,2569.161,-5.0637827808675135
202208,59.0,14.0,17.0,10.440302508763368,10.177019989383467,343.874,-5.0659576618586915
202303,6.0,3.0,1.0,11.243148796387281,11.243161893020792,145.6,-6.27185124575107
202303,367.0,213.0,52.0,13.378252879611429,12.692484667778583,850.21,-2.73774490463188
202404,152.0,31.0,58.0,13.476250238249026,13.47178709462887,881.143,-6.20711335129225
202301,88.0,32.0,19.0,10.855415662001414,10.855434961618318,534.286,1.8350592788815394
202403,93.0,0.0,16.0,13.18704563821086,10.285649915074456,89.809,-6.2918148135823255
202409,513.0,143.0,98.0,11.939721443780222,11.512585407157124,1269.318,10.860467382708991
202210,43.0,15.0,21.0,12.271635641713933,12.17224178101127,876.541,-6.258381774551138
202403,417.0,111.0,41.0,8.744488113852924,8.744647438317532,324.442,-1.2226533802796187
202303,170.0,14.0,69.0,13.742840935504882,13.436271520245196,1911.262,12.740767990380013
202312,137.0,60.0,34.0,12.091710626517745,12.091716232291692,441.091,-1.8983821014776519
202310,38.0,2.0,15.0,10.198654046697536,10.198691266386755,125.906,-6.163963505379513
202210,246.0,56.0,24.0,11.75943391858917,11.480412603789821,392.179,-6.256157534964052
202403,188.0,18.0,49.0,13.264919672805519,13.134888608177336,669.253,-6.256157534964052
202307,83.0,22.0,16.0,11.918670533885708,11.697294923381483,435.474,-6.2918148135823255
202303,38.0,5.0,9.0,13.219166986941667,11.397615618458733,638.943,0.5303229725786602
202210,17.0,7.0,5.0,10.949928968875328,10.50457426724686,664.1,-6.163963505379513
202303,58.0,5.0,19.0,12.60007901904938,12.457515954394509,562.006,-6.246220000726442
202306,53.0,24.0,17.0,11.556061579847363,11.556071157611626,322.922,-0.017648922960683322
202410,366.0,43.0,47.0,11.388710538983055,11.333547571345502,335.036,-2.8199520413829013
202410,29.0,6.0,7.0,12.09897172736124,12.098977292578631,1401.459,3.063564097161848
202309,93.0,3.0,15.0,14.5892381477642,14.076503112837408,11549.912,-6.079262043089438
202404,263.0,43.0,106.0,13.066192945937262,12.87145800830445,933.547,11.697191721435113
202211,61.0,10.0,11.0,11.60042339024271,11.574048785944976,524.196,-3.119074589653231
202308,8.0,0.0,5.0,11.187306122066783,11.044264933364916,249.012,-6.276933343152721
202207,125.0,38.0,40.0,11.87343504727653,11.820763043625574,608.204,-0.37903953233485055
202402,316.0,42.0,116.0,13.929572010446108,13.900855797717808,2557.401,4.824704801685369
202207,366.0,73.0,104.0,10.058138107405037,10.039896052315676,390.416,1.2817470255865828
202402,76.0,42.0,18.0,14.221685414141678,14.036490971381738,6227.058,-5.183611567707706
202403,16.0,2.0,4.0,12.431162301952817,11.81889431050915,657.015,-4.246856863870388
202311,61.0,4.0,26.0,13.766740393594844,13.586204306160115,2433.275,1.7541048009794729
202407,1087.0,196.0,167.0,13.448186253193551,13.29073136774603,4016.924,95.63263835039362
202306,23.0,7.0,11.0,13.412779708362027,13.380745879011203,2069.896,-6.173680312261062
202312,144.0,19.0,34.0,12.517003605976496,12.511326918548257,468.209,-6.2168301581738
202303,134.0,44.0,40.0,12.071798119707704,11.329879645961704,437.669,-4.283230326862545
202212,627.0,194.0,224.0,14.009651984063527,13.986524254545566,1673.783,25.408809831027632
202406,172.0,8.0,31.0,12.984986887573543,12.45174842871143,1076.306,-6.179574650020127
202310,18.0,6.0,3.0,12.482328435948522,12.234752420763956,829.568,-1.4301677320363888
202301,320.0,60.0,103.0,14.598556941726974,14.281782232120332,3065.217,32.91132266100655
202309,134.0,19.0,16.0,8.37655086161377,8.376781037699493,64.896,-6.2918148135823255
202210,179.0,21.0,61.0,13.66386058210219,12.935219009530533,1934.611,-3.256692063333501
202303,28.0,0.0,0.0,15.412496869976986,14.863444450875214,9098.758,-6.100037851278107
202211,52.0,3.0,3.0,14.70395557143053,13.061793504089167,6990.572,-1.4301677320363888
202310,11.0,4.0,1.0,12.662465314486864,11.829508356249645,1603.006,-6.2918148135823255
202303,4.0,0.0,0.0,13.455892716518878,11.208992051932396,4768.748,-6.275982941585651
202407,18.0,6.0,3.0,12.288187051907096,12.208110567555739,1010.924,-1.4301677320363888
202303,171.0,8.0,41.0,11.280892519810102,11.28090513134335,199.186,-6.271039005393656
202301,490.0,138.0,87.0,12.67609502460013,11.373755347432198,1773.944,3.159282693807498
202409,4.0,0.0,2.0,8.790725628263576,8.790877754224164,89.78,-6.2918148135823255
202309,517.0,98.0,60.0,7.43307534889858,7.433666540166168,500.645,1.5568612361077045
202210,187.0,58.0,38.0,12.729839173428966,11.39844571744522,1451.309,-4.19852886457247
202303,94.0,8.0,46.0,12.090454140586065,12.090459753407997,338.649,-5.503679416229737
202402,39.0,6.0,9.0,13.52195258953144,13.137764173980353,3500.469,-6.213007689051315
202309,177.0,49.0,43.0,13.674583887556688,13.01236322637577,3052.78,6.118470387080725
202401,114.0,10.0,46.0,11.552136562692667,11.55214617812351,587.96,-6.227889159480919
202401,6.0,3.0,2.0,10.575666426659877,10.575691956076149,513.224,-6.2918148135823255
202409,30.0,2.0,4.0,3.58351893845611,3.6109179126442243,41.507,-4.332274510534346
202303,314.0,87.0,56.0,10.716726213353894,10.716748384090739,419.318,-1.287434953403972
202401,430.0,7.0,31.0,10.92680141715401,10.755495730510303,226.161,-6.271039005393656
202407,189.0,83.0,41.0,12.394140162630574,12.394144305415809,1093.129,0.9014989339117472
202401,118.0,28.0,29.0,13.20744689727103,12.450441341294873,613.671,-3.3540507564660946
202402,135.0,6.0,11.0,13.071453167525274,13.040365593146783,1196.632,-6.192231880862646
202306,702.0,216.0,112.0,10.448424705930886,10.168041725095886,1690.913,11.541046640105423
202401,52.0,23.0,17.0,12.613392698829923,12.613396025980302,398.637,-0.017648922960683322
202404,62.0,34.0,5.0,11.104490952541536,11.090064929932883,216.484,-6.119471465041206
202405,240.0,22.0,51.0,12.817697899912135,12.287827732399093,999.021,-6.2918148135823255
202410,11.0,4.0,4.0,12.198881853644592,12.02592272901762,1198.307,-6.212057287484245
202401,189.0,1.0,0.0,10.251747186873514,10.251782482029256,2.428,-6.250263197204988
202409,112.0,4.0,4.0,11.400193401648927,7.265429723253953,305.098,-6.250263197204988
202210,15.0,8.0,3.0,12.718222392258296,11.343204190152012,892.632,-6.2918148135823255
202303,387.0,76.0,81.0,14.210058961764153,13.534451835953627,1943.306,-1.0280128802304604
202408,651.0,289.0,155.0,9.754059039044199,7.520234556474628,1929.355,12.779100144912695
202310,12.0,6.0,1.0,9.69424690639091,7.774015077250727,77.246,-5.319485397273138
202301,179.0,28.0,38.0,12.638734545226766,12.454119518941265,600.395,-3.3242878156068856
202306,58.0,7.0,3.0,10.427712996365136,10.42774259661378,28.238,-6.275982941585651
202309,3.0,0.0,0.0,12.45313582783461,0.6931471805599453,348.796,-6.2918148135823255
202208,283.0,76.0,58.0,11.27428749269737,11.274300187805311,472.549,-5.219902464553458
202301,645.0,60.0,222.0,15.16177193612907,14.025699357669808,3415.768,32.537189771194676
202210,353.0,126.0,88.0,13.237893209837146,13.041300816523924,2661.209,13.744617309542521
202402,64.0,9.0,22.0,13.835153368568879,13.45478456244232,1744.803,-5.265138388843624
202207,85.0,20.0,39.0,13.889771661249968,13.59509453356436,3274.144,1.6866200005580119
202208,260.0,43.0,105.0,11.911748563689848,11.91175527476144,1325.408,11.697191721435113
202406,232.0,57.0,78.0,12.575865669978292,12.568849435285372,869.513,-6.260874810590354
202308,62.0,9.0,17.0,11.67015995638754,11.59248497900144,367.358,-6.2918148135823255
202309,10.0,1.0,1.0,6.688354713946762,6.6895992691789665,7.133,-6.2918148135823255
202208,188.0,28.0,52.0,13.440760379641084,13.227787691027022,1820.8,15.642062528520556
202306,178.0,28.0,37.0,11.52215276222036,11.365063304227844,271.769,-3.3242878156068856
202311,110.0,20.0,37.0,13.6257377091169,13.042453994176027,1729.704,-6.2918148135823255
202408,270.0,46.0,38.0,11.188773027022535,10.962058791667054,716.681,-4.221715142653951
202306,391.0,72.0,145.0,14.396424772697314,14.203104252781474,4471.041,16.171416803089485
202404,38.0,3.0,19.0,12.017928168393427,11.183768407068236,406.718,-6.094955753876456
202210,375.0,139.0,69.0,11.263104207069658,10.737787012851957,722.755,-1.1104901029334506
202401,253.0,79.0,68.0,12.598297149099857,12.567157352157604,854.84,5.9703627536423625
202408,337.0,103.0,74.0,11.996708717624335,11.994907070975371,787.456,2.891360483269791
202303,171.0,25.0,81.0,14.537309819138311,13.015388225589499,2141.487,-6.2918148135823255
202212,182.0,43.0,54.0,13.93070357575156,13.538231519160814,1102.455,20.104104962802445
202408,441.0,174.0,106.0,11.835385704757885,11.83174276635272,1407.498,29.513462811795208
202401,139.0,40.0,63.0,13.529087692378656,13.472283357861578,756.072,-6.0666380197974155
202404,142.0,15.0,43.0,12.940558487115245,12.640196474552786,1060.596,0.38398644589212516
202301,66.0,3.0,16.0,14.639806607692423,14.05632819833377,2732.237,13.636451673312243
202403,54.0,14.0,25.0,11.536515030403315,11.336104750761594,384.525,-6.00779446309766
202405,265.0,54.0,41.0,13.554753401406783,12.72432462552429,3084.457,20.03089373869583
202303,17.0,4.0,7.0,12.732926134073356,12.439879145012636,1327.731,-6.275982941585651
202402,141.0,43.0,60.0,14.36890934605726,14.132936124338904,5646.497,11.284530493842547
202309,25.0,1.0,4.0,11.630361773857166,8.80071662871916,46.818,-6.2918148135823255
202210,310.0,180.0,93.0,12.79778216153628,12.763540413836655,1901.636,-3.383827957864139
202404,326.0,44.0,80.0,12.227540552145415,12.001247777874957,1293.851,-6.194456120449732
202310,25.0,13.0,11.0,12.814157457639725,12.806630192242398,1000.933,-6.2918148135823255
202212,31.0,7.0,8.0,12.888131072479593,12.384294141885237,481.766,-6.1422507854609
202404,10.0,4.0,3.0,12.812563840486943,12.367596079686844,1125.489,-6.2918148135823255
202212,420.0,72.0,151.0,13.505835060169805,13.27891061177072,1655.71,-5.214820367151807
202402,136.0,47.0,27.0,13.698161802994381,13.152221164071788,849.545,-2.3236900238145655
202303,905.0,394.0,171.0,12.57517455390203,11.959314962356126,1657.365,21.00997528848415
202306,214.0,73.0,21.0,10.60826681732578,10.52613179345847,555.758,-3.1131802518941663
202306,73.0,3.0,17.0,14.079160918132954,12.768601329718145,4139.333,-3.2135422174207635
202311,337.0,104.0,73.0,11.601018756479217,11.570675370511132,547.949,2.891360483269791
202303,110.0,22.0,21.0,12.78483258070604,12.555094378215125,845.251,-6.256157534964052
202210,14.0,7.0,2.0,12.794034295121579,12.544849367640948,1217.78,-6.143187697190844
202212,139.0,53.0,62.0,14.557402187363007,14.422389903220763,4760.771,-6.149082034949909
202301,426.0,148.0,68.0,13.086947576383295,13.061047391650915,1307.467,3.147520303791616
202404,47.0,18.0,8.0,12.863877581942829,11.874118188357784,646.98,-4.216292139959348
202306,70.0,22.0,33.0,12.995027609342038,12.576173063131371,1082.72,-4.165095825541282
202309,18.0,6.0,4.0,6.363028103540465,6.364750756851911,123.368,-6.2918148135823255
202310,235.0,36.0,98.0,13.698882355231587,13.496169933672231,2882.045,21.58341781989229
202403,301.0,103.0,50.0,11.545808831804939,11.034341126511256,714.23,2.1954191155017426
202303,47.0,17.0,20.0,13.030340189518252,12.891288455763839,2256.317,-2.901204132857058
202410,155.0,22.0,58.0,13.2170006035534,13.031297975768446,2038.011,22.194923273416826
202408,461.0,176.0,88.0,10.523472467467089,10.523499364732984,1105.816,9.904324830167928
202212,553.0,70.0,96.0,13.109257874225849,12.959882094256745,2183.469,-5.007106295252184
202301,300.0,47.0,60.0,13.127776698904968,12.704186820061576,688.041,-4.296617231916073
202307,373.0,66.0,156.0,14.903510736851837,14.77348703921503,6425.964,-3.261415272169434
202410,58.0,8.0,10.0,10.100697721823833,9.786110684382555,92.359,-6.2918148135823255
202210,106.0,31.0,36.0,13.321281447005548,13.10274213365716,1937.828,-4.150296921258081
202409,53.0,8.0,24.0,11.084723829888194,9.8853744971092,427.426,-6.2918148135823255
202303,105.0,35.0,12.0,11.181653682515929,11.181667609801572,212.07,13.884065353254256
202409,74.0,9.0,15.0,9.915959454031448,9.857391256643155,111.445,-5.255559743171732
202407,29.0,11.0,2.0,12.83412915254446,12.712576945812604,2787.159,-5.031079416047335
202303,149.0,56.0,23.0,11.574189882074002,11.498664255617959,449.177,4.3250920173408804
202406,46.0,26.0,8.0,12.477861588630038,10.802611779488373,556.834,-2.402497148345576
202307,14.0,3.0,1.0,12.164995410105396,11.46029443410683,12457.743,-6.276933343152721
202306,278.0,6.0,26.0,12.967079388958725,12.404091190785428,850.351,-6.227889159480919
202311,124.0,35.0,52.0,13.573891123839058,11.68443882304758,1503.052,9.747246737318589
202403,313.0,76.0,122.0,14.577359767720653,14.45281357832155,2811.028,46.90986567628593
202312,20.0,2.0,4.0,10.89488575689709,10.574619159038393,725.406,-6.20711335129225
202210,729.0,205.0,174.0,13.77445937051466,13.188035006332726,2037.022,19.61812291373431
202301,54.0,14.0,25.0,11.867062190355956,11.689069647683029,521.41,-6.00779446309766
202405,47.0,11.0,16.0,12.410180155645985,11.82228340909987,638.575,-6.178624248453057
202210,202.0,23.0,50.0,12.496755211994193,12.313010416666355,626.686,25.362498833797865
202311,51.0,9.0,18.0,11.624404225936138,11.472467987338952,374.753,-6.161023081418544
202311,48.0,6.0,22.0,12.967436729925362,11.887071889820966,1872.326,-6.179574650020127
202307,22.0,5.0,14.0,11.905784786287503,11.569267990508262,662.725,-6.2918148135823255
202310,52.0,12.0,9.0,9.608915129379593,9.608982254736222,119.058,-3.3748265646547635
202405,243.0,72.0,73.0,12.128251634726105,11.789139530480886,539.198,6.825899863055858
202208,22.0,0.0,0.0,13.567801479733966,10.102993934084184,25768.68,-5.319485397273138
202301,63.0,10.0,32.0,14.371291573980118,14.153781176526866,3722.927,-6.097097427317138
202210,276.0,71.0,56.0,8.451053388911692,8.45126704130007,360.009,3.8436437656013194
202210,252.0,90.0,34.0,13.078185759070712,12.197238741240884,1479.37,-1.6575115969057244
202211,40.0,10.0,14.0,12.432702113969203,11.788873967542807,434.253,-6.2425499025544635
202311,181.0,42.0,55.0,13.532261312667288,13.138187512751214,974.514,20.104104962802445
202312,22.0,5.0,9.0,12.96540074774926,12.589244427124468,1287.001,-6.163963505379513
202303,104.0,33.0,19.0,10.300987690989995,10.301021290318012,86.67,-5.287821653279789
202303,194.0,54.0,28.0,12.406962407904507,12.2899679225192,591.59,-1.1045957651743858
202409,24.0,8.0,9.0,10.224882408848067,10.224918665034282,92.084,-6.2263945941048435
202404,300.0,37.0,113.0,14.744564295075184,14.358908109848187,5427.386,54.42601334803218
202407,122.0,10.0,13.0,12.022654487689014,11.841106279701888,591.974,-6.2918148135823255
202405,103.0,42.0,25.0,9.37007543009734,9.370160663423624,139.577,-5.319485397273138
202208,105.0,14.0,50.0,12.922889964912788,12.749930643346389,2455.19,-5.654766361109939
202303,367.0,212.0,52.0,13.684761576555301,12.981539171026489,880.147,-2.73774490463188
202308,127.0,16.0,30.0,12.191573032366373,12.129666650327549,682.364,-5.266088790410695
202403,11.0,0.0,0.0,15.27473864851324,12.818974597910689,3727.552,-6.227889159480919
202309,171.0,14.0,5.0,10.057238152342046,9.144841389743487,115.038,-6.2918148135823255
202409,95.0,17.0,18.0,9.57073837671504,9.57080811415361,156.114,-6.2918148135823255
202210,300.0,46.0,60.0,11.765876331333438,11.493487771077753,530.859,-4.296617231916073
202303,14.0,7.0,2.0,13.130051746008082,12.883514642793157,1144.021,-6.143187697190844
202410,114.0,52.0,21.0,10.061559107106623,9.663007081568642,148.934,-6.258381774551138
202312,14.0,5.0,2.0,10.559503834757866,0.6931471805599453,359.701,-4.155379018659732
202405,204.0,15.0,22.0,12.385861831912438,11.747127643641171,530.733,-6.2918148135823255
202303,352.0,127.0,88.0,13.265592346169962,12.933406253851421,2506.996,13.744617309542521
202311,92.0,16.0,25.0,11.311286523131027,11.003165939386236,350.518,-6.152904504072394
202207,48.0,12.0,36.0,12.806355901761576,12.80635864503883,821.19,-6.2918148135823255
202212,253.0,149.0,45.0,11.690510823663743,11.690519196523953,358.365,-2.9746752250798605
202405,671.0,265.0,60.0,7.260522598089852,0.6931471805599453,600.494,10.48406383060223
202303,34.0,11.0,7.0,13.72630987710597,13.459690962396518,578.412,-2.33857149424417
202309,567.0,305.0,111.0,13.228976707961742,13.228007252911961,1519.028,5.933327972844751
202403,193.0,45.0,22.0,11.850197381762007,10.427712996365136,188.041,-3.2849604388166336
202403,65.0,20.0,30.0,12.788458641929381,12.560591767353399,1477.669,-6.258381774551138
202409,76.0,11.0,7.0,11.808263158232887,11.300152948080235,120.524,-6.256157534964052
202403,106.0,30.0,39.0,13.940893970774741,13.638979802071688,1877.515,-4.150296921258081
202408,96.0,17.0,30.0,12.518061890446164,12.272487530196152,1279.357,-5.265276550053281
202210,153.0,38.0,44.0,13.516546414954187,13.514717578630044,1773.841,10.74701561549393
202303,68.0,11.0,22.0,13.372335794479776,12.602436462249136,3053.198,-5.138237482207883
202301,249.0,13.0,65.0,12.775420918809976,12.768401891563256,655.951,-6.2918148135823255
202303,62.0,17.0,34.0,12.73651264357974,12.446560903967338,1380.278,-6.22494873551995
202409,185.0,24.0,35.0,9.545454543987825,9.54552606707193,281.555,-6.276933343152721
202407,325.0,104.0,53.0,12.206077645517674,12.200859078477286,1047.22,-0.3320715124624112
202212,276.0,38.0,93.0,14.797714490670755,14.096664870877966,7391.711,-1.3967346930052011
202303,11.0,0.0,0.0,14.89358198690969,12.134265102282816,3469.649,-6.227889159480919
202207,6.0,2.0,4.0,12.957297678228214,12.957300037166643,2239.844,-6.2918148135823255
202403,32.0,8.0,7.0,6.7357800142423265,6.736966958001855,27.546,-6.2918148135823255
202301,61.0,8.0,23.0,13.978299251072574,13.545732579708543,1380.214,-5.2809702608402995
202307,333.0,129.0,72.0,10.813840691743529,10.639742114130007,1038.384,7.211725812407881
202301,112.0,24.0,28.0,13.565489007841817,13.46761694503288,1623.326,-6.258381774551138
202407,73.0,23.0,39.0,12.252044556437657,12.252049331770198,531.83,-6.271039005393656
202301,335.0,127.0,16.0,13.212487405066739,11.239961218672063,1454.245,-2.684315090218941
202303,313.0,76.0,122.0,13.938822282217535,13.850297417639156,2580.066,46.90986567628593
202303,488.0,110.0,135.0,14.190827750337611,13.94521162424593,5005.028,69.20337423828546
202208,135.0,48.0,27.0,11.911265248135804,11.581387528937125,903.351,-2.3236900238145655
202308,201.0,39.0,18.0,11.225843212590416,10.770314893674692,483.633,-3.2602900526646583
202303,166.0,45.0,25.0,8.897682313454224,8.897819009510757,244.66,-0.685182180596537
202405,483.0,114.0,83.0,11.031108330238945,11.031124520244854,588.551,2.4191832582522537
202212,171.0,30.0,51.0,13.801447129912175,13.650823397198112,1101.476,-3.3540507564660946
202404,98.0,23.0,22.0,14.540618992372272,14.302332586712758,9660.445,-0.08600471023133949
202403,221.0,7.0,10.0,15.073086212599083,12.006901935638084,1629.467,-4.211282151398518
202310,105.0,32.0,34.0,11.954876781648803,11.91465025346267,574.8,-1.3551830766278634
202211,229.0,10.0,66.0,13.763131411094347,12.730561500775297,2793.039,-3.4028515413295093
202410,121.0,20.0,20.0,11.513555266603538,11.513565260257568,383.587,-6.276933343152721
202407,200.0,12.0,21.0,12.683864616749123,11.205924648132047,374.142,-6.271039005393656
202308,26.0,3.0,5.0,10.675284162916334,5.736572297479192,350.478,-6.163963505379513
202308,10.0,0.0,5.0,12.581339680439983,9.14569517848265,868.866,-6.2867327161806745
202410,115.0,8.0,42.0,11.170139337625617,11.168009681726108,371.407,1.5227211943178336
202405,210.0,22.0,76.0,13.746509829303598,13.010638205781808,1668.521,-0.17381796524253623
202303,136.0,47.0,28.0,12.472133913803477,11.912640741097785,649.155,-2.3236900238145655
202311,207.0,23.0,60.0,12.912375410664506,12.492104607297849,1503.698,2.005817034188702
202312,39.0,5.0,9.0,13.910057719471434,11.984047218881534,714.726,0.5303229725786602
202312,56.0,19.0,28.0,13.829462771582278,13.821126757549804,1819.583,-6.19812621862171
202303,98.0,9.0,53.0,12.829215729201346,12.532948988477939,616.014,-6.2918148135823255
202410,3.0,0.0,0.0,12.353526666995053,0.6931471805599453,50.713,-6.2918148135823255
202404,96.0,35.0,20.0,12.51318595279107,11.156536194508657,226.064,-4.02752771045692
202309,4.0,1.0,0.0,11.744251448691996,0.6931471805599453,1027.251,-6.2918148135823255
202404,134.0,37.0,47.0,12.273231168962306,11.999743191674657,473.753,-5.319485397273138
202210,395.0,136.0,119.0,14.01511768804122,13.926676191274426,2942.231,3.5400494148997677
202312,11.0,4.0,1.0,12.623683692181894,9.192888978362427,510.603,-6.227889159480919
202303,77.0,19.0,27.0,13.10085165042899,12.356894935264577,490.821,-6.213007689051315
202405,1.0,0.0,0.0,13.46645083023752,13.46645224797038,8817.51,-6.227889159480919
202404,33.0,0.0,4.0,13.213411761371411,11.816785958149472,3119.203,-2.33857149424417
202303,215.0,35.0,80.0,11.802583084742743,0.6931471805599453,897.05,8.768923743844367
202404,270.0,89.0,80.0,12.992933277256034,12.959326666822237,593.31,-2.7010878658506288
202210,54.0,22.0,10.0,10.859902435494437,10.85969106572145,358.471,-6.237605966362469
202312,136.0,55.0,29.0,13.823178087187552,13.252831834025903,1206.345,-2.2509296079931254
202301,27.0,7.0,11.0,13.852559684159232,13.674495230430006,2809.586,-3.359945094225159
202211,97.0,12.0,34.0,12.363392583662964,12.017831603100124,604.447,-6.276933343152721
202303,179.0,14.0,46.0,12.962645227940218,12.61088420678978,1035.769,-5.972137184479387
202404,17.0,5.0,6.0,12.27045959268099,10.766018793563921,345.084,-3.3748265646547635
202312,48.0,20.0,11.0,12.727116880990492,12.720759803965047,783.393,-6.163963505379513
202402,51.0,5.0,12.0,12.243122735353461,11.877526911023391,1014.883,-6.2918148135823255
202210,59.0,11.0,30.0,12.94473558763063,12.476237177884242,775.458,-5.2860523582419505
202410,22.0,10.0,5.0,9.510741216835738,8.18004072349016,44.504,-6.2918148135823255
202208,92.0,12.0,28.0,11.268851901099827,10.989757318005852,495.831,-5.180575087763207
202306,176.0,21.0,63.0,12.909590860514337,12.455328289301228,1542.253,21.201818048918973
202310,29.0,11.0,7.0,11.480081974040464,11.479606502177372,279.493,-3.0908062141700983
202210,29.0,5.0,15.0,11.850218792975058,11.850225929944202,554.045,0.734585796965245
202401,568.0,131.0,274.0,14.508279667064212,14.341593199260949,4715.471,18.15919705144531
202303,191.0,12.0,13.0,12.536347144362432,11.940321652566508,1444.922,-6.227889159480919
202303,82.0,11.0,32.0,12.779813911778254,12.426376167776956,508.212,-5.319485397273138
202309,42.0,15.0,17.0,12.683228759662164,8.404696160189092,1087.644,-4.1112294125840165
202406,171.0,68.0,27.0,7.869783902530146,7.870165946469845,190.053,2.372314607376355
202312,11.0,4.0,1.0,12.431713077042971,10.863814308399895,1916.006,-6.2918148135823255
202404,225.0,73.0,40.0,10.963757408916045,10.96377472688257,362.707,3.289179585144643
202210,13.0,7.0,1.0,9.876681458115621,8.045908742270779,81.908,-5.319485397273138
202303,103.0,10.0,19.0,13.293259916528816,12.123006204311864,741.51,-6.1429669698347835
202208,376.0,251.0,54.0,10.240709508047887,9.778887584302797,438.613,-3.325561653626901
202301,202.0,6.0,26.0,13.19912439853779,12.09183394628606,576.817,-6.256157534964052
202303,67.0,20.0,10.0,10.228212487576084,10.072977130514705,48.96,-6.271039005393656
202307,192.0,65.0,38.0,7.503840746698951,7.29641326877392,691.351,-5.185519023955201
202210,51.0,10.0,34.0,12.26804224481172,12.235427543489507,758.131,-6.266769148349419
202303,60.0,6.0,14.0,14.659494648160523,13.794044808446706,11528.099,-6.227889159480919
202210,334.0,43.0,64.0,11.822187995205333,11.35700822569525,707.041,-5.0525165420414595
202407,9.0,0.0,0.0,13.809359680039753,12.798752872955859,6355.887,-6.163963505379513
202410,546.0,189.0,64.0,8.97449144816442,5.902633333401366,411.81,-3.153691090651278
202303,106.0,20.0,45.0,11.554911581637288,11.474319762659004,373.154,-6.250263197204988
202309,224.0,27.0,57.0,9.873852747406437,9.803501457660202,197.597,-6.120917323626099
202303,164.0,73.0,33.0,11.090217550427058,10.897202181375087,193.06,-2.934637171888246
202407,145.0,97.0,20.0,11.245686337643221,11.24569940108583,408.83,-3.906966588197433
202403,90.0,9.0,45.0,13.05937458814508,12.638575581539902,880.9,-5.2860523582419505
202212,231.0,8.0,13.0,10.027341014703126,9.898826707653933,158.494,-6.2918148135823255
202408,104.0,26.0,14.0,12.098364932915109,10.876687778383364,1156.506,-3.3748265646547635
202402,139.0,40.0,63.0,13.366311406935624,13.309720567421886,685.996,-6.0666380197974155
202402,350.0,102.0,77.0,13.00730712070482,12.480988576452281,1121.917,1.6012849200404569
202306,85.0,8.0,25.0,12.045798253994892,11.557191123268215,846.79,-4.216364248800169
202303,187.0,0.0,6.0,10.547155581629395,10.124789408970967,64.087,-6.2918148135823255
202210,345.0,119.0,81.0,12.156682801588765,11.593850859883812,767.177,-2.679289547254068
202405,143.0,69.0,28.0,12.121097376084185,12.12110281952008,799.626,0.255875587835515
202308,176.0,7.0,20.0,13.221071414311997,13.170370377838228,1098.423,1.5893438735718224
202309,131.0,27.0,28.0,11.726002518684174,10.310451536768028,559.595,-3.141425877132386
202207,6.0,2.0,2.0,9.921032731751877,9.921081860937079,536.955,-6.2918148135823255
202409,592.0,129.0,214.0,13.622446304478236,12.748771866060608,5203.885,7.37431120701963
202311,375.0,124.0,144.0,12.893272173820217,12.553788577097169,903.325,9.427032952002968
202211,99.0,0.0,11.0,8.835064935031076,8.835210463664092,50.213,-6.2620518727231165
202308,453.0,140.0,167.0,13.40780243618069,12.713486455673612,6501.219,14.642448345845805
202405,470.0,196.0,93.0,11.890813805308158,11.395064926310566,1166.587,11.213438237401467
202303,61.0,4.0,26.0,13.739783275434903,13.516298267294268,2245.368,2.726434217288661
202402,262.0,91.0,78.0,13.124014014353296,12.777537949822745,858.252,-5.112826964539315
202312,235.0,36.0,98.0,14.51987904352567,14.17913023134921,3506.915,21.58341781989229
202208,729.0,205.0,173.0,12.954976146344974,12.500066009814477,2815.367,19.61812291373431
202212,237.0,64.0,125.0,13.321512552304542,13.267917210006068,2297.979,-5.262101908899125
202407,249.0,43.0,74.0,11.359506184272073,11.354339965852857,408.021,-6.251075437562401
202208,101.0,33.0,50.0,13.76138272374596,13.017220615814143,2851.488,1.1747751897317622
202301,119.0,30.0,29.0,13.23786470082295,12.527315211503915,660.131,-3.3540507564660946
202211,63.0,17.0,19.0,12.024916409486172,12.024922402480362,503.342,-5.2777956196861435
202208,419.0,12.0,40.0,9.953610161939338,9.942948621417042,1115.025,3.9823106763028644
202312,299.0,88.0,99.0,13.867115803689947,13.41710100081455,1275.924,7.366944453122665
202406,63.0,17.0,20.0,12.010325365697723,12.01033144677675,579.71,-5.2777956196861435
202301,52.0,3.0,3.0,15.602407055422157,13.687016741135658,8725.913,-1.4301677320363888
202409,144.0,6.0,19.0,12.522808538372692,10.141007269794844,568.322,-6.256157534964052
202208,54.0,22.0,10.0,10.568312416091485,10.568029476085739,522.029,-6.237605966362469
202402,101.0,8.0,32.0,15.146056980644182,13.047532066781326,3309.741,-6.276933343152721
202410,128.0,19.0,7.0,11.374995842870499,11.030962608389315,187.209,-6.2620518727231165
202212,86.0,4.0,22.0,12.285295016819807,11.679871082212555,836.731,-5.595873445814275
202407,350.0,203.0,50.0,12.683293914832326,12.13099882247722,1161.807,-2.73774490463188
202406,63.0,17.0,29.0,12.616110615483473,12.546198912329999,1333.278,-6.1783150217409615
202207,215.0,45.0,87.0,14.995323345345595,12.901165432170535,6392.849,-5.2070245063548795
202409,1.0,0.0,0.0,9.783351751296147,9.783408132205587,143.769,-5.319485397273138
202404,198.0,48.0,40.0,13.764925433817607,13.282297870120551,1196.961,-5.271170887812346
202406,85.0,15.0,21.0,12.230618905948173,11.138755514842774,1023.279,0.578416754683392
202301,20.0,2.0,3.0,15.264512076798974,12.917963068907254,1541.368,-6.031766427099414
202404,416.0,216.0,119.0,15.47163967138022,15.28587925803037,7430.391,22.12237524381279
202303,275.0,91.0,73.0,13.85720896831995,13.465872227461952,1221.731,-4.795373575023463
202303,2.0,0.0,0.0,12.930255692275235,12.930258115874304,701.372,-6.163963505379513
202408,376.0,110.0,74.0,8.911125383710678,8.911260254572033,825.281,2.634311467564011
202406,132.0,27.0,28.0,10.118316634246252,10.118356967398093,124.807,-5.298709589084469
202207,186.0,33.0,98.0,14.031264473046573,13.954050014277314,4887.213,-5.623970452537256
202405,340.0,20.0,36.0,14.067652754661465,13.016367104139901,2838.743,-2.799396960550293
202404,319.0,24.0,105.0,15.578992973160476,14.241643278638097,7641.035,-1.0619548661165972
202405,442.0,175.0,106.0,12.18986704118324,12.188254847157198,1018.903,29.513462811795208
202301,84.0,9.0,13.0,12.217724498270622,12.127078138302553,447.547,-5.319485397273138
202407,195.0,1.0,3.0,9.760771250334534,9.54852542660107,87.235,-6.208711580827649
202401,253.0,26.0,90.0,15.441420852696906,14.015523036849414,6314.879,-5.2860523582419505
202311,456.0,130.0,74.0,11.060038506124684,11.000732239796932,580.293,0.5145814766351418
202312,336.0,129.0,72.0,12.091043314945408,12.052746625577472,1172.106,7.275651466509288
202409,1.0,0.0,0.0,10.075842945018232,0.6931471805599453,0.0,-6.2918148135823255
202308,2.0,0.0,0.0,13.611207161113908,0.6931471805599453,2548.18,-6.2918148135823255
202410,134.0,10.0,24.0,10.643828385423177,10.242741630531896,212.454,-6.2918148135823255
202404,212.0,30.0,100.0,14.348099239068281,13.730919522311313,2831.929,23.139852149663547
202307,84.0,9.0,13.0,11.274465209544125,11.017628642821865,351.556,-5.319485397273138
202405,98.0,17.0,27.0,14.347264058049175,12.000025858081022,9348.086,-6.2918148135823255
202312,113.0,28.0,30.0,12.520120320587685,12.490164530966219,978.893,-6.258381774551138
202211,3.0,0.0,0.0,12.17210212595902,11.570543217742339,996.633,-6.227889159480919
202402,181.0,31.0,90.0,12.26616065280654,12.266165361203733,836.276,-3.0338369711504742
202207,259.0,56.0,145.0,11.315705475634307,11.31571765567974,1093.555,-6.271039005393656
202407,318.0,79.0,73.0,12.87241629958784,12.712845066155054,1841.559,58.793278658899546
202403,754.0,145.0,332.0,13.82700227452932,13.817354856200257,2525.8,-6.064380572659834
202207,74.0,2.0,13.0,13.788886255862463,12.884469066594207,3432.34,1.5536865949535485
202312,207.0,51.0,66.0,14.486906894686017,13.82125800967538,2297.147,3.751156978612485
202401,60.0,5.0,14.0,11.834588585937734,11.34558315695652,317.412,-6.2918148135823255
202210,146.0,0.0,10.0,7.706162970199576,7.685243607975833,61.754,-6.256157534964052
202211,281.0,78.0,62.0,13.464486759041513,13.179100924914689,2112.044,5.793174504363455
202212,213.0,49.0,96.0,12.795807411650308,12.73178294089545,896.144,8.64136519304585
202306,13.0,6.0,2.0,12.901322613681822,12.720051293287568,1391.341,-6.143187697190844
202208,11.0,4.0,1.0,12.322921912026466,12.1239728234469,1997.398,-6.2918148135823255
202307,66.0,15.0,21.0,13.294807983986024,12.383176446815881,2740.041,-4.177849112367331
202309,49.0,8.0,3.0,9.71153981234754,8.497806477616047,83.789,-6.2918148135823255
202407,381.0,6.0,21.0,10.982917021787463,10.901671586369744,757.442,-5.772818296284798
202210,536.0,162.0,91.0,11.103151085273966,11.033598508263609,426.974,-4.156756520839071
202307,13.0,6.0,2.0,12.870483360636976,12.615908189355872,1650.801,-6.143187697190844
202312,181.0,25.0,37.0,13.769800595100408,13.378882902302248,958.817,-3.9502639488928804
202210,746.0,467.0,130.0,12.751409834875526,12.750699515941465,1756.708,15.014042226175958
202306,150.0,12.0,9.0,10.951841099202072,9.862613473326157,110.819,-6.2620518727231165
202310,78.0,18.0,42.0,13.09828582562527,13.098287874362684,656.671,-6.163963505379513
202210,324.0,81.0,94.0,13.995191965963853,13.777128293214872,1585.199,13.786739867672155
202211,211.0,23.0,75.0,14.195599052940356,13.402003701500087,1707.531,-0.17381796524253623
202301,69.0,6.0,17.0,15.19326102373675,13.4397751112868,3409.505,0.003126885227985987
202210,14.0,1.0,1.0,13.15416819914396,12.552265342173266,1366.062,-5.319485397273138
202303,27.0,13.0,8.0,11.022506860981878,11.022523190845115,136.339,-6.2918148135823255
202207,460.0,99.0,107.0,13.71710469146253,13.539473748792782,3229.777,47.171246440999965
202310,286.0,76.0,113.0,13.236097337719178,12.857842990173841,1498.196,-5.216507096043242
202407,14.0,4.0,3.0,12.240672120267552,11.93270102175172,911.818,-6.163963505379513
202402,147.0,28.0,69.0,14.238845053314684,13.700471130171442,3708.644,-2.3049177278569215
202404,259.0,65.0,98.0,12.757958635403655,12.654948394720085,822.388,-6.121565151594428
202212,25.0,4.0,11.0,13.613849594570866,13.487436953885346,2737.562,-5.319485397273138
202208,209.0,14.0,82.0,15.14358055496809,13.989199964722856,9188.022,2.1471046060409495
202211,163.0,32.0,17.0,12.906786129287504,12.863911250537672,937.336,0.698045821380731
202303,139.0,40.0,62.0,13.218320620545285,13.188357089238151,612.052,-6.0666380197974155
202303,105.0,13.0,52.0,13.16941107197402,13.026970794204937,1529.233,-5.718692015211344
202212,18.0,3.0,0.0,13.76412041678196,13.104172929847735,2317.631,-6.0682030417823185
202404,324.0,21.0,22.0,11.631881146142364,11.631890024574432,206.919,-6.2918148135823255
202309,27.0,2.0,9.0,11.390961200145622,11.369816928992277,354.348,-4.347155980963951
202303,30.0,14.0,10.0,11.895428961441047,11.895435782932838,256.954,-2.182402451962317
202407,65.0,21.0,29.0,12.855200015669066,12.835656828974226,1861.766,-6.258381774551138
202210,315.0,82.0,72.0,13.124299501905083,13.081860082094085,1344.123,58.793278658899546
202307,29.0,5.0,15.0,11.621115972421109,11.621124946946917,646.28,0.734585796965245
202307,232.0,11.0,30.0,7.798933310041217,7.79934339821592,313.604,-4.715787417685535
202310,341.0,170.0,36.0,11.990227396697076,11.984334356372427,1346.233,-5.158201050039138
202307,247.0,96.0,60.0,6.052089168924417,6.054439346269371,440.023,-3.119074589653231
202402,412.0,176.0,152.0,14.497078962473605,13.209362754321958,2562.669,7.651948412724895
202306,41.0,8.0,21.0,12.706002121298944,12.547976532565226,847.42,-3.3748265646547635
202311,101.0,33.0,48.0,14.235495737756963,13.364559470849596,1751.27,0.20244577342257486
202407,312.0,75.0,122.0,13.727829502244436,13.700691001861493,3352.931,46.90986567628593
202310,4.0,0.0,0.0,15.935225383650282,15.781004682962323,16172.165,-5.239727871175058
202310,62.0,10.0,11.0,11.948641692247563,11.612218611312768,550.548,-3.055148935551825
202303,646.0,107.0,148.0,14.084809185603854,14.019665358694782,1426.882,-4.284828556397944
202301,49.0,22.0,21.0,13.721364700074044,13.683555065813204,3050.854,-6.1915156964887625
202211,252.0,90.0,34.0,13.6791947209414,12.579902597264724,1346.319,-1.6575115969057244
202405,45.0,1.0,9.0,12.373094421979127,12.373098652876099,467.393,-1.3551830766278634
202408,521.0,185.0,172.0,13.3236260794142,13.00357083236477,4237.78,22.66765500065197
202406,258.0,56.0,95.0,13.42698810898642,13.07797252206952,2196.132,-0.45783831572720146
202301,170.0,30.0,110.0,14.382859227099742,13.908841507656993,3212.831,-0.9899783392698707
202408,279.0,25.0,28.0,12.498563138974259,12.498346658865323,1074.005,-5.947218290822283
202210,60.0,14.0,18.0,10.598408159645215,10.109281465515226,261.603,-5.0659576618586915
202210,271.0,52.0,129.0,14.97740808273626,14.633873968304389,5864.317,-2.2429820961494142
202208,333.0,115.0,74.0,13.826097319915567,13.818317614492113,2870.357,-2.7667429543260225
202409,39.0,8.0,15.0,8.878915376576483,8.87905466204227,103.737,-6.178948639968441
202212,11.0,4.0,1.0,12.445735006937277,11.060683165303136,2015.491,-6.2918148135823255
202210,62.0,15.0,24.0,11.393837828692401,11.393849093315291,287.154,-6.22494873551995
202307,254.0,79.0,68.0,11.623070516460208,11.615084862512147,758.402,6.942692169951551
202410,507.0,123.0,72.0,12.282042454817553,11.82636299962172,492.548,-4.7618684271514535
202402,167.0,41.0,44.0,7.826842098158293,7.827240901752812,405.042,-4.2193046727611385
202210,148.0,26.0,12.0,13.073093298094046,12.694523817693158,2448.812,-6.22494873551995
202309,143.0,28.0,15.0,12.856411485089257,11.298258386636848,659.235,-6.221240387862371
202303,32.0,3.0,9.0,11.763053634368648,11.61557230193037,109.935,-6.2918148135823255
202211,321.0,17.0,12.0,13.762541122795168,13.604209111326652,3010.356,-4.091453364558326
202210,211.0,45.0,81.0,13.70863222433665,13.349780981926477,1928.403,23.01108364744416
202212,29.0,8.0,10.0,10.976115144232244,10.976132249506655,117.275,-6.2918148135823255
202210,17.0,4.0,7.0,12.035610487248666,10.464702061835247,332.329,-3.3748265646547635
202306,122.0,57.0,45.0,12.622543632814871,12.509169054327666,866.527,-2.423231939076997
202401,75.0,7.0,36.0,13.525265203109328,12.986083067108158,1262.417,10.677974656440375
202408,95.0,14.0,57.0,12.54897771845048,12.548981266972078,996.961,-6.271039005393656
202303,171.0,35.0,68.0,14.841557530127181,13.356927860875661,6306.024,-2.053654744498136
202301,106.0,26.0,46.0,12.183469099320321,12.183474213611953,1103.114,6.4928026435630475
202409,7.0,0.0,0.0,12.80127342450462,10.656176415804389,1442.632,-6.276933343152721
202307,338.0,116.0,54.0,11.282883171964862,11.209357883288224,632.42,0.910225478562376
202405,34.0,7.0,12.0,10.298464518529904,10.298498202740433,52.338,-5.319485397273138
202403,72.0,24.0,5.0,11.69188303657203,11.541279658466756,248.613,-4.283230326862545
202303,101.0,49.0,28.0,10.080670931473959,9.655538882302947,181.344,-4.387617461125155
202303,81.0,13.0,35.0,13.541567011623007,13.38505374254137,989.7,10.271290411545868
202303,115.0,15.0,62.0,13.905263506742571,13.84500430954638,1507.918,4.752514633444225
202401,455.0,189.0,58.0,13.462259744992236,13.254427944766482,741.833,16.63319744833789
202410,9.0,3.0,0.0,12.400137479343716,8.643649615368796,21.079,-6.2918148135823255
202403,353.0,62.0,146.0,14.299924236935,13.603847107402432,2474.588,4.105204558476556
202308,97.0,10.0,12.0,12.770775472514153,12.173167149350611,1859.714,-5.289722456413929
202211,182.0,43.0,54.0,13.356294928431144,13.010434671668452,1011.474,20.104104962802445
202402,72.0,17.0,16.0,12.50844133963358,12.508445034954379,342.223,-4.347155980963951
202309,1.0,0.0,0.0,12.296347441769957,0.6931471805599453,248.074,-6.2918148135823255
202208,1.0,0.0,0.0,12.394351422798255,0.6931471805599453,21.105,-6.2918148135823255
202407,142.0,9.0,31.0,13.37972437716025,13.153204851815724,3022.985,-4.313722941932763
202401,348.0,78.0,91.0,14.090263913571489,12.896824459488853,1340.485,3.6664555163224097
202208,42.0,0.0,0.0,13.88867737308291,0.6931471805599453,8842.954,-6.2918148135823255
202410,62.0,11.0,6.0,11.030120243887284,11.030136449898094,287.326,-6.2918148135823255
202410,91.0,3.0,12.0,14.167134567382673,13.766273043748729,2869.884,-6.079262043089438
202303,17.0,1.0,1.0,8.532081803909987,8.134760782418645,77.201,-6.2918148135823255
202210,461.0,58.0,159.0,14.029748168859715,13.957397198091453,2291.056,-6.2867327161806745
202404,282.0,82.0,41.0,12.048430042696726,11.944071315194122,528.677,-4.23646438508353
202212,109.0,24.0,24.0,13.6288242896604,12.759627244372634,1730.774,-6.237605966362469
202402,250.0,62.0,97.0,13.66525843554359,12.8623457574117,1733.068,13.08523394510152
202208,258.0,81.0,24.0,12.617042574272784,12.452233260144258,967.32,23.270505720617678
202303,106.0,42.0,25.0,10.250899729195675,10.250935054274718,169.16,-5.319485397273138
202310,234.0,81.0,50.0,12.654236386171446,12.59279995920636,547.475,-5.298709589084469
202210,447.0,217.0,63.0,10.240709508047887,10.240745194931177,1013.198,19.492656677780566
202310,110.0,3.0,21.0,11.641327474774709,11.641336269733438,188.873,-6.2918148135823255
202405,90.0,22.0,15.0,12.6057275738532,12.47228334911072,358.531,-2.3690641093143885
202311,67.0,25.0,21.0,14.35592197389884,12.462828906809314,4133.292,-4.3263801727752815
202405,349.0,158.0,59.0,12.958603678470421,12.935387807472564,1249.528,20.607095087914622
202207,25.0,4.0,11.0,13.22513113476741,13.026906986911742,3358.314,-5.319485397273138
202410,11.0,0.0,4.0,11.049714711812085,11.049730603368106,49.374,-6.2867327161806745
202303,333.0,43.0,65.0,12.90306243380757,12.153799924292276,656.485,-5.0525165420414595
202303,522.0,188.0,168.0,14.309476045059283,14.059565141674554,3104.395,22.66765500065197
202408,165.0,3.0,9.0,11.36896271153046,11.368974259874717,146.237,-6.271039005393656
202211,110.0,22.0,33.0,12.727063428557207,12.727066398211791,476.153,-6.235381726775383
202310,120.0,1.0,14.0,10.285615795279854,10.085183913936165,62.969,-6.2918148135823255
202303,73.0,3.0,17.0,15.166154425107013,13.485965671749984,3732.789,-3.2135422174207635
202212,20.0,9.0,4.0,14.392468245004862,12.134023322135013,827.666,-6.2918148135823255
202310,233.0,10.0,69.0,13.884129492878992,12.178850461269354,2320.198,-4.375180957638697
202407,101.0,10.0,50.0,12.883659387972063,12.869185785940926,923.925,20.75215524807929
202211,148.0,66.0,20.0,11.699902833300378,11.694413341015606,115.6,-2.635735350973976
202210,20.0,3.0,4.0,11.162459775080668,10.995830228190643,788.187,-6.20711335129225
202207,891.0,190.0,173.0,13.3409847189239,13.24019441190875,4320.36,6.241062330234923
202402,86.0,14.0,32.0,14.844232429614781,13.492744165676724,3354.39,12.1806029901626
202409,95.0,18.0,15.0,8.145259566516865,8.145549631783584,130.816,-6.260151069588976
202212,316.0,23.0,102.0,15.622865614679306,14.47279840958371,9328.385,-1.0619548661165972
202207,580.0,120.0,170.0,12.8700510227891,12.362246990650611,2669.925,5.892109609114804
202303,21.0,5.0,7.0,13.583671812782816,12.886365056435137,1102.404,-5.158201050039138
202303,259.0,81.0,28.0,12.813209765797376,12.762500500259158,787.811,23.23707268158649
202408,217.0,101.0,55.0,9.399554785027307,9.399637542506563,501.733,-3.9992099763778794
202403,46.0,17.0,20.0,12.911052048440506,12.85100861929252,1638.341,-4.1062854763920225
202309,18.0,1.0,2.0,11.674525472388405,10.814061977414173,408.215,-6.22494873551995
202407,312.0,47.0,114.0,12.176180287665137,12.14740485786433,1404.79,11.029000819636481
202309,204.0,6.0,21.0,12.035788349346722,11.377769896943771,762.656,2.913086693025532
202306,16.0,0.0,1.0,11.329975710901676,0.6931471805599453,1422.099,-6.227889159480919
202210,53.0,12.0,17.0,14.039166777841496,12.546252286939708,2856.348,-5.298709589084469
202307,156.0,18.0,32.0,13.883727928828334,13.122497368427132,3438.829,13.01530144295439
202212,256.0,50.0,93.0,13.860754441507046,13.77918157971253,2527.326,-5.1969984727612335
202301,165.0,32.0,18.0,13.408438158855693,13.381840400876985,1555.344,0.698045821380731
202404,905.0,393.0,172.0,13.2040041920398,12.709248081085532,1815.562,21.00997528848415
202212,1107.0,389.0,202.0,13.85459857000546,13.252800236896324,2618.237,56.34459515546639
202212,191.0,12.0,13.0,12.639191830420154,12.035551192851969,1601.785,-6.227889159480919
202408,84.0,22.0,16.0,12.147150323978131,11.994999700448282,569.277,-6.2918148135823255
202405,99.0,15.0,25.0,11.93645967253927,11.936466219805624,1000.573,-6.2918148135823255
202303,343.0,74.0,161.0,13.295925011195125,13.150297559694383,1006.619,-6.039817603102448
202406,516.0,132.0,107.0,12.740291501471964,12.601840890659474,2625.482,38.665956400332135
202403,173.0,17.0,33.0,13.491452149945824,13.161016621885407,2462.214,-3.290854776575698
202311,39.0,5.0,8.0,14.240321326229939,14.019692264425665,2159.059,-3.341393525623576
202308,22.0,7.0,3.0,14.561952503632302,14.529282086938636,3091.25,-6.173680312261062
202310,37.0,10.0,13.0,12.892547616322055,12.728392951578996,1570.145,-5.153036386491083
202404,469.0,83.0,124.0,9.291274989472182,0.6931471805599453,1624.082,34.694754837107745
202402,37.0,6.0,11.0,13.075965449554515,10.308519233394938,730.279,-6.2425499025544635
202210,28.0,7.0,14.0,12.60801154386178,12.602399459660631,843.971,-6.036112197176701
202405,533.0,262.0,88.0,13.060456058283334,12.925971293393593,1176.35,10.105095052689775
202207,13.0,6.0,4.0,13.117955677752501,12.422992872067647,1237.916,-6.2918148135823255
202408,337.0,128.0,74.0,10.977892527503975,10.97471151510758,1171.054,7.275651466509288
202402,31.0,4.0,10.0,13.563526333991735,12.996484912001545,1890.416,-2.3815831789472504
202308,231.0,22.0,34.0,12.285863013676462,12.040678999756867,877.19,-6.194456120449732
202402,119.0,17.0,27.0,15.322459162209924,14.02841951402602,2949.755,4.54948196841212
202409,36.0,0.0,0.0,11.675588384101,0.6931471805599453,297.62,-6.2918148135823255
202303,171.0,46.0,46.0,11.817538398081991,11.681173452032823,339.519,-4.375180957638697
202212,7.0,1.0,0.0,12.455273731163674,10.127031023871664,1532.693,-6.227889159480919
202210,88.0,7.0,15.0,12.071460669285406,11.515023263052374,490.289,-6.2918148135823255
202401,17.0,3.0,3.0,12.931837053374196,11.62466360030872,1114.662,-6.143187697190844
202301,265.0,53.0,42.0,14.481143674380176,14.125200178029024,3454.844,20.03089373869583
202210,74.0,26.0,20.0,9.927692241232945,9.917291833512525,126.013,-5.319485397273138
202301,122.0,7.0,75.0,13.435296443108346,13.250839262458172,1438.459,-6.2918148135823255
202208,118.0,18.0,58.0,11.586259566334606,11.586157339176479,989.842,-6.2867327161806745
202311,481.0,104.0,37.0,13.228768147638508,13.077991338928172,928.343,-6.2127869616952545
202312,87.0,14.0,32.0,14.536628873321554,13.278854174163762,3059.146,13.15293240647179
202303,229.0,22.0,29.0,13.081995446448277,13.010441382244656,2080.257,5.724084186713993
202210,68.0,10.0,36.0,10.450336475478775,9.75417514934912,526.941,-6.27185124575107
202408,13.0,5.0,0.0,12.037364011035839,11.361299927618816,979.745,-6.258381774551138
202310,84.0,8.0,25.0,12.437378792036133,11.716625204606235,762.715,-4.216364248800169
202208,431.0,232.0,97.0,11.790670831476021,11.283059367895191,1275.425,-3.303245858364916
202301,86.0,4.0,22.0,12.75532636071551,12.148199858939703,1016.003,-5.595873445814275
202303,130.0,36.0,12.0,10.667745360554026,10.667768644254274,135.993,-5.255559743171732
202408,153.0,45.0,55.0,11.115562446115039,11.115577324964011,939.154,-4.3313241089672765
202307,293.0,91.0,32.0,12.00410332944737,11.930622128342288,561.982,-0.755002172457008
202303,28.0,8.0,10.0,12.36630621558227,12.325347900606493,1389.987,-3.3109009105533573
202401,454.0,181.0,130.0,15.06181442559319,13.86209734409724,3712.818,3.833854928671535
202407,335.0,151.0,85.0,13.349737965246355,12.742794060216132,2349.419,6.888483322731693
202407,146.0,27.0,70.0,13.429206695040161,12.978437578196749,3000.168,-2.3049177278569215
202306,16.0,4.0,2.0,11.872521139419938,10.992116843150836,837.771,-1.4152862616067843
202409,215.0,27.0,32.0,9.454462329675584,9.440658127038393,373.399,6.848182872922045
202311,36.0,12.0,8.0,8.662331957082475,8.662504922576291,28.447,-6.2918148135823255
202307,281.0,77.0,64.0,13.55958164215047,13.382597682810976,2720.809,5.793174504363455
202408,118.0,25.0,20.0,11.117479992244311,11.00519504611154,404.304,0.7680188359964326
202404,103.0,15.0,31.0,12.251528686253542,12.238544675927017,488.157,-4.211915769625998
202410,66.0,21.0,19.0,10.33292957002574,10.332962113104644,105.62,-6.276933343152721
202210,347.0,77.0,90.0,12.80698665742775,12.118300979594135,1094.196,3.6664555163224097
202407,215.0,63.0,56.0,9.346006983397716,9.346094292953802,508.321,3.1907485795866837
202405,358.0,60.0,39.0,12.221734358119797,11.944935128300505,505.866,-6.2263945941048435
202405,689.0,188.0,124.0,13.280318809971453,12.828263420989288,2193.958,64.0660478009279
202306,41.0,4.0,18.0,13.17507346766245,12.958971125495054,1561.777,0.5479241396131735
202210,7.0,0.0,0.0,13.47256803410769,13.307615635494859,1387.126,-5.319485397273138
202211,184.0,44.0,25.0,11.928763256972182,11.535704051859568,315.134,-0.902336453018826
202301,34.0,11.0,7.0,14.588966410826028,14.232696046624662,874.294,-2.33857149424417
202311,175.0,70.0,27.0,7.586803535162581,7.587310506022615,202.296,2.372314607376355
202410,140.0,25.0,35.0,12.710142500392093,11.159687465109705,1459.829,-4.347155980963951
202303,90.0,10.0,44.0,12.372755892210664,12.186053594816135,647.527,-5.2860523582419505
202303,60.0,10.0,31.0,12.764504876195074,12.401265181420653,733.789,-5.2860523582419505
202406,279.0,25.0,28.0,12.637111278924172,12.636305160179539,675.452,-5.947218290822283
202301,33.0,4.0,10.0,14.928489812418912,14.587413464545877,2472.121,-5.20629483214387
202408,257.0,29.0,100.0,14.274617533734798,13.507489714516963,3648.159,-4.274891022160334
202407,192.0,13.0,13.0,12.285003966611592,11.863328783314724,1496.262,-6.227889159480919
202210,229.0,22.0,29.0,13.930007310814691,13.909555392101776,2005.2,5.724084186713993
202301,63.0,33.0,14.0,9.401704256754366,9.401786836547139,529.594,1.4868205168911732
202211,78.0,30.0,20.0,13.401684595116233,12.352607253714476,722.07,-4.347155980963951
202401,163.0,46.0,71.0,13.337119855341445,12.750360124319439,963.561,-5.2050209941238545
202404,35.0,1.0,13.0,12.118879433827797,12.049424683420915,905.806,-2.602636618036239
202301,71.0,13.0,11.0,12.535617370829451,12.535620967078563,668.67,8.108932412098886
202309,100.0,13.0,5.0,8.97259066827261,8.941283763647567,30.765,-6.036112197176701
202308,215.0,26.0,22.0,9.217315985712608,9.217415285648144,99.699,-1.962307755579058
202406,1.0,0.0,0.0,12.560047948715788,0.6931471805599453,14.819,-6.2918148135823255
202405,162.0,50.0,30.0,13.958024362664634,12.844919383181347,1423.193,9.270863909721115
202407,22.0,5.0,9.0,12.526466311938696,12.09367073063877,1341.374,-6.163963505379513
202406,174.0,66.0,91.0,13.503023366593522,13.502975526734025,1905.497,3.5161808117996234
202303,49.0,20.0,11.0,12.839830690745861,12.832925097055165,667.54,-6.148131633382839
202301,6.0,2.0,4.0,13.548866950154212,13.548868255728426,1965.183,-6.2918148135823255
202211,80.0,12.0,35.0,13.534567063544802,13.35426843438711,1039.592,10.271290411545868
202208,64.0,19.0,13.0,11.69488862421412,11.52870038408559,473.57,-5.045994094027436
202303,55.0,17.0,34.0,12.628719301847097,12.46225631092255,724.304,-6.2918148135823255
202306,86.0,28.0,22.0,11.823632907276759,11.708327761302714,339.539,-6.2918148135823255
202303,522.0,119.0,138.0,14.726035499570372,13.89340634727236,3744.895,54.1812757726037
202207,91.0,35.0,31.0,10.048323556581577,10.048366813854212,1832.038,-0.63400981332118
202404,209.0,41.0,55.0,13.866163747528438,13.493664830525223,1814.065,0.6771874470456583
202307,43.0,23.0,17.0,4.962844630259907,4.969813299576001,497.765,-6.2918148135823255
202211,46.0,5.0,15.0,13.567269687176909,13.37793074908693,1845.617,-4.313722941932763
202308,70.0,14.0,54.0,11.1069252136985,10.797307701282914,608.687,-6.2918148135823255
202410,68.0,10.0,15.0,8.767796255626598,0.6931471805599453,218.739,-6.20711335129225
202301,36.0,12.0,9.0,13.229066591239377,13.059713205545796,1415.783,-6.276933343152721
202307,208.0,42.0,54.0,14.09389731249507,13.652367904579426,2365.861,0.6771874470456583
202301,29.0,14.0,10.0,12.19215119018913,12.192156260270327,340.206,-2.182402451962317
202403,396.0,18.0,15.0,12.874758061852216,12.508814498091702,1291.582,-6.250263197204988
202306,50.0,12.0,38.0,12.850331532106114,12.850334157360273,698.062,-6.2918148135823255
202303,28.0,2.0,3.0,14.875618996471418,10.483661984436106,12462.573,-6.2918148135823255
202308,116.0,6.0,5.0,8.503499864284235,8.503702601233739,112.841,-6.2918148135823255
202306,82.0,14.0,33.0,13.614463569490566,13.459930728454498,3309.093,2.9364608091749673
202310,62.0,17.0,34.0,12.866404752948341,12.557451087734572,1550.202,-6.22494873551995
202210,229.0,20.0,53.0,12.65355263638444,12.223588346076195,1175.827,-4.295666830349003
202404,562.0,68.0,98.0,13.080772337244268,12.992971974611985,2159.915,-5.007106295252184
202303,85.0,25.0,19.0,12.947021406533548,12.931118122589332,1143.262,-5.943868808996254
202408,100.0,9.0,11.0,10.764096426983004,10.692376637875576,155.209,-6.271039005393656
202401,301.0,103.0,50.0,11.812615156546286,11.294806767903765,829.045,2.1954191155017426
202311,115.0,24.0,29.0,12.97029319850001,12.886663828433816,1057.894,-6.258381774551138
202404,49.0,7.0,25.0,13.384330640000082,12.80404338734206,1010.152,-5.109886540578346
202401,259.0,66.0,97.0,13.323038800128034,13.128377257721105,1229.673,-6.121565151594428
202405,181.0,24.0,38.0,12.771997063575158,12.52995886664531,811.402,-3.9502639488928804
202406,391.0,129.0,125.0,13.982953643879718,13.920393859773682,3034.472,2.5677199985905794
202208,341.0,116.0,53.0,11.207812350788767,11.025409383973194,793.357,0.910225478562376
202210,172.0,31.0,51.0,13.021636554037846,12.911266967000786,772.103,-3.3540507564660946
202402,234.0,81.0,50.0,13.54772914721883,13.366207975844146,745.374,-5.298709589084469
202308,8.0,1.0,5.0,14.00563079253124,14.005631619390611,729.41,-5.319485397273138
202211,30.0,1.0,10.0,11.676743550199623,11.356809521944355,237.321,-6.276933343152721
202303,448.0,229.0,80.0,12.62576604964897,12.351643768849392,1597.314,19.51417710051841
202306,73.0,12.0,6.0,11.958232887869135,11.689807253013818,499.694,-6.2918148135823255
202406,340.0,16.0,41.0,13.497020076170442,11.877103192505068,962.961,-6.092648948142966
202310,20.0,5.0,4.0,8.666647144584575,8.66681936537205,189.164,-0.45783831572720146
202211,219.0,21.0,106.0,13.337452176121166,12.679523451429432,1291.662,-6.156574602244373
202208,130.0,10.0,40.0,14.044424627765123,14.030642905103335,2624.919,-0.32998700752438914
202410,9.0,0.0,2.0,11.057581850663242,0.6931471805599453,179.712,-6.276933343152721
202405,27.0,17.0,5.0,8.911799556189527,8.773694146384443,78.782,-5.787699766714401
202406,105.0,14.0,52.0,13.078522246541818,12.95559307065422,1736.075,-5.718692015211344
202408,815.0,391.0,199.0,13.629571265047357,13.291825943960449,2586.053,15.735114353825166
202208,261.0,92.0,79.0,12.741029748871092,12.126396120803477,845.627,-5.112826964539315
202406,165.0,3.0,9.0,11.596337873434969,11.596347073109301,120.979,-6.271039005393656
202401,52.0,9.0,32.0,12.71541116410315,12.55777122789537,862.327,-6.232523868960818
202211,211.0,58.0,45.0,13.14007755088843,12.36604633866022,833.934,4.843998158585254
202403,157.0,39.0,62.0,13.53009258716556,13.304236500333513,1385.165,-6.276933343152721
202310,173.0,37.0,46.0,11.755824583649787,11.75583242712539,499.896,4.493918290465253
202210,129.0,15.0,63.0,11.725186010625311,11.661716091055238,672.196,5.82449603305065
202406,262.0,110.0,113.0,12.266805496783709,12.254758042306932,1014.587,0.36590500164775364
202403,690.0,188.0,124.0,13.986084210905021,13.394604855048147,2778.124,64.0660478009279
202303,51.0,20.0,9.0,11.474122264646335,10.539588077716799,493.058,-4.216364248800169
202301,106.0,29.0,35.0,14.964714244748368,14.099624271388995,4651.09,-4.971539392687067
202303,21.0,7.0,5.0,12.735865253422178,12.100895446402179,695.723,-6.227889159480919
202405,31.0,13.0,11.0,11.290693997580986,11.214519429155471,221.198,-2.182402451962317
202207,4.0,0.0,3.0,12.997536844457484,12.99753911035873,2032.856,-6.227889159480919
202410,387.0,37.0,43.0,13.080672255302094,11.211671712488354,584.419,3.6723498540814745
202308,78.0,12.0,8.0,9.485468978356344,9.485544922916851,114.786,-6.2918148135823255
202303,207.0,51.0,66.0,13.350475365569473,12.79969502724321,1847.584,3.751156978612485
202407,383.0,78.0,103.0,12.928166790711757,12.672231392680873,2338.447,29.211850475891232
202409,24.0,1.0,5.0,9.911356510914823,9.911406117780423,59.084,-5.319485397273138
202210,239.0,63.0,128.0,12.93846217362476,12.777518185219174,2019.388,-5.262101908899125
202310,208.0,41.0,55.0,13.587331851505514,13.326402393699235,1826.68,0.6771874470456583
202207,41.0,6.0,28.0,13.029967347338026,13.005074219770115,1714.376,-5.2860523582419505
202211,451.0,229.0,81.0,12.300741710773561,12.017034583428305,1619.961,20.486506516827596
202406,110.0,21.0,32.0,13.212929595120647,12.86970604783498,1898.226,-3.228202960494307
202409,383.0,84.0,43.0,7.879291485082271,7.879669914604289,313.69,0.8651254709195904
202409,32.0,13.0,7.0,6.016157159698354,6.018593214496234,54.528,-5.0608755644570405
202211,234.0,80.0,50.0,12.9355734523056,12.808966837112557,534.322,-5.298709589084469
202402,221.0,41.0,51.0,12.331912030369322,12.33093721450364,641.409,1.238768548433999
202403,344.0,156.0,60.0,12.882917665007135,12.866177388029252,710.099,2.918688273380301
202301,14.0,9.0,0.0,10.154557506491177,10.15459640413204,2807.942,-6.227889159480919
202404,130.0,38.0,45.0,12.854873398880413,12.190126173700486,696.233,-3.1212988292403168
202310,1091.0,199.0,165.0,13.416628732420268,13.335967169569273,3215.992,95.63263835039362
202307,319.0,42.0,118.0,13.647277687897416,13.601937314808705,2374.536,5.044799498068629
202207,159.0,23.0,29.0,10.852477780573299,10.85180007043302,549.114,-6.1833971191426125
202310,522.0,187.0,169.0,13.41225301139811,13.18394001649671,2552.445,22.66765500065197
202308,114.0,5.0,28.0,11.381608760968547,11.248894812849729,510.182,-6.258381774551138
202307,153.0,5.0,35.0,11.553184100833791,11.553193706197426,325.414,-6.2918148135823255
202404,103.0,42.0,25.0,10.292992641065563,10.293026510094034,158.583,-5.319485397273138
202309,1190.0,159.0,104.0,12.87163020873075,11.490495790004044,2999.532,20.28922376217622
202303,101.0,10.0,17.0,12.77489166777273,12.478101594574195,527.783,7.335678485175901
202301,29.0,8.0,10.0,11.229049473527398,11.229062756121223,137.805,-6.2918148135823255
202306,87.0,8.0,41.0,10.535689747468632,10.497201063380588,262.664,-6.186337543103582
202312,43.0,9.0,19.0,12.657851838980134,12.610637348395175,2763.207,-3.2950690385566825
202303,167.0,62.0,35.0,14.356688843539185,14.274880979499505,931.912,-3.149395835963297
202210,17.0,1.0,7.0,11.74090530257589,11.154849540115867,777.802,-6.2918148135823255
202303,279.0,26.0,27.0,13.154476196918738,13.097843199946166,605.068,-5.947218290822283
202208,161.0,36.0,55.0,12.50054660083891,12.466045591534934,575.824,-5.2860523582419505
202301,49.0,12.0,37.0,13.033927713872728,13.03392989879827,679.405,-6.2918148135823255
202303,200.0,78.0,80.0,10.757051454501978,10.463760267504872,363.101,-5.035465046788473
202306,51.0,20.0,9.0,10.133487544646824,9.878631176537262,618.681,-4.216364248800169
202303,122.0,7.0,75.0,12.795574505310876,12.677993186326436,892.842,-6.2918148135823255
202210,159.0,8.0,38.0,12.741840606800235,12.643226971017295,1459.135,-0.3631993191995164
202406,58.0,10.0,20.0,12.676644863098927,11.8349364977456,2337.159,-6.27185124575107
202403,98.0,21.0,49.0,14.134023923668268,12.76207046794277,1348.858,-6.271039005393656
202207,88.0,5.0,6.0,10.084057576291276,10.08409931513136,301.794,-6.2918148135823255
202409,3.0,0.0,1.0,2.5649493574615367,0.6931471805599453,134.362,-5.319485397273138
202211,115.0,3.0,2.0,10.739045338577187,10.739067019969132,67.666,-6.271039005393656
202207,27.0,10.0,3.0,12.668503926779005,12.039693333156972,1660.816,-6.258381774551138
202212,41.0,0.0,0.0,14.27056424158542,0.6931471805599453,8996.341,-6.2918148135823255
202306,40.0,26.0,8.0,12.494471960701889,12.431549472638055,1158.238,-6.227889159480919
202303,95.0,22.0,44.0,13.630733990095209,12.897019908043907,1724.472,-4.3420738835623
202210,248.0,13.0,25.0,11.736964615116051,11.590478923185294,703.562,4.48851022810881
202410,191.0,3.0,14.0,11.985232688903192,10.578648954330596,178.04,-6.275982941585651
202404,582.0,121.0,172.0,13.642382610138124,13.100252728674622,2067.75,6.864439025423993
202406,216.0,40.0,74.0,11.865826295895694,11.826874519797729,623.492,-6.2425499025544635
202303,118.0,44.0,19.0,13.08545247458408,12.191613615752553,1226.528,-3.244034832490982
202402,278.0,6.0,26.0,14.084659447034891,12.632372527826167,1000.729,-6.227889159480919
202410,132.0,34.0,36.0,13.896968878569467,13.63027195071257,1917.275,16.611777485823566
202409,4.0,1.0,0.0,11.677312149127815,0.6931471805599453,1177.196,-6.2918148135823255
202404,520.0,252.0,89.0,12.003307536091262,11.982022433323166,1131.224,3.9417094614925983
202408,60.0,2.0,11.0,10.167273882312355,10.071625664813608,212.793,-6.250263197204988
202301,188.0,18.0,49.0,13.23091100880883,13.064291369894155,849.953,-6.256157534964052
202212,54.0,22.0,12.0,13.335296580063671,12.9518858029179,1273.446,-5.035244319432413
202301,309.0,17.0,32.0,13.674286797653716,13.596442440775315,2736.946,-2.4705601782119366
202208,72.0,22.0,39.0,11.834900262579367,11.812355756056418,678.713,-6.271039005393656
202212,25.0,5.0,9.0,13.54704662830539,13.008323078960746,1081.877,-4.313722941932763
202407,299.0,87.0,99.0,13.667032591166254,13.272715996579045,1460.142,7.366944453122665
202303,355.0,63.0,146.0,14.158504340147127,13.400276892481141,2390.424,4.105204558476556
202303,160.0,38.0,59.0,14.076568585059686,12.176273014291654,1826.622,18.7357274186638
202408,374.0,68.0,159.0,15.110223204905305,14.977915777386512,7499.876,-3.261415272169434
202207,21.0,9.0,8.0,5.123963979403259,5.1298987149230735,116.885,-6.227889159480919
202309,189.0,18.0,15.0,11.42826042408898,10.852690680366042,609.713,-5.283828118654865
202402,284.0,88.0,103.0,14.16529521832586,13.802946965515467,2487.89,7.814416221925754
202312,77.0,11.0,41.0,13.51609188022065,13.262059230639126,1360.552,-5.155260626078169
202402,347.0,42.0,112.0,12.95404176249127,12.954044129122714,693.711,-2.1624388841310616
202407,113.0,9.0,13.0,11.09694021369669,10.734242182303689,350.03,-6.250263197204988
202311,6.0,0.0,1.0,10.697814019585676,0.6931471805599453,128.263,-6.2918148135823255
202212,469.0,9.0,3.0,12.73482266322763,12.21628531820634,791.632,-6.204172927331281
202212,135.0,48.0,27.0,13.619080746118485,13.213406283515189,700.503,-2.3236900238145655
202407,149.0,33.0,89.0,13.891548951369638,13.679854624385733,3984.94,8.546654166469931
202308,243.0,92.0,70.0,12.910758004556662,12.492735448703467,1117.192,-0.9052768769797952
202310,248.0,60.0,68.0,12.795943248635048,12.368578324940167,1541.388,12.578997367743392
202212,6.0,2.0,2.0,10.492495693354927,10.49252343683868,487.86,-6.2918148135823255
202210,334.0,126.0,16.0,10.594682829370829,10.284659968075248,1129.157,-2.684315090218941
202408,299.0,88.0,99.0,13.702803119643395,13.329683191131574,1748.715,7.366944453122665
202310,146.0,53.0,42.0,8.716207971151853,8.716371865276615,200.459,-2.8707115177868396
202403,40.0,6.0,18.0,13.585081783739664,13.138236726560619,845.329,-0.14038492621134857
202208,55.0,1.0,1.0,10.520185560932667,10.52021254675162,2387.071,-5.780409580771076
202301,761.0,147.0,332.0,13.852203077928722,13.810190431152876,3204.884,-6.12830622676124
202310,54.0,22.0,10.0,11.039652497256823,11.039668549523,254.73,-6.237605966362469
202312,188.0,0.0,1.0,13.529270112535391,12.81442145314517,3451.594,-6.19812621862171
202402,650.0,99.0,168.0,14.477818046293235,14.359154907361372,2741.255,124.91063733626005
202403,250.0,92.0,26.0,13.120054714491756,12.182824489210363,426.866,-4.061690423699117
202408,66.0,7.0,19.0,14.205520853317568,13.452662312636187,13450.663,-5.1708582808816566
202402,35.0,2.0,17.0,13.674114030382318,13.490224917408357,3486.118,-4.072852437360835
202407,98.0,2.0,16.0,11.349005554556825,11.34901733568699,253.763,-6.270900844183999
202406,135.0,55.0,29.0,12.317054829956053,11.9851142051213,1048.644,-2.2509296079931254
202301,154.0,4.0,8.0,10.79181081532623,10.791831382359332,94.995,-6.2918148135823255
202301,69.0,23.0,19.0,12.445184029725922,9.644004134443026,825.496,-6.0851563808485025
202406,376.0,110.0,74.0,9.26974071525763,9.269834943761822,612.313,2.634311467564011
202404,56.0,18.0,10.0,12.499581459504947,12.428555978948504,772.8,-6.1222737277925185
202306,32.0,5.0,2.0,14.460277565297014,14.017158321394565,14915.122,-4.155379018659732
202401,11.0,4.0,1.0,12.94492905858372,9.215825302206753,576.683,-6.227889159480919
202306,17.0,8.0,1.0,11.731281574752064,11.731289613111112,283.092,-6.1171916303908676
202303,217.0,29.0,78.0,13.370302560392506,13.161878278049457,970.493,-5.319485397273138
202308,3.0,0.0,0.0,9.925151192172155,0.6931471805599453,379.19,-6.2918148135823255
202402,37.0,6.0,8.0,14.297808303903487,13.907999489059144,1257.925,7.5408917111295555
202310,477.0,62.0,58.0,12.270693975738979,12.270698662839843,787.467,-4.718011657272621
202307,52.0,18.0,14.0,11.535948391727764,11.535958164080801,269.176,-5.319485397273138
202403,336.0,115.0,55.0,12.10553934896914,12.07558233839988,715.262,0.910225478562376
202410,4.0,1.0,2.0,9.391327705757,9.391411146868485,271.302,-6.2918148135823255
202309,127.0,61.0,28.0,5.241747015059643,5.247024072160486,467.37,-6.036112197176701
202407,205.0,59.0,40.0,11.984396766657662,11.659654385838795,1039.541,2.899339325966878
202409,102.0,14.0,12.0,9.03145291191651,9.031572493381526,492.29,-4.203472800764464
202301,644.0,209.0,117.0,11.36262569419901,10.840227761277692,1420.192,0.03655992425917365
202405,373.0,35.0,189.0,14.392788869681054,13.799155540824584,3743.245,-5.283828118654865
202212,131.0,24.0,15.0,11.17111098393834,11.171125058830842,192.422,-6.250263197204988
202408,67.0,25.0,21.0,14.072238197234558,12.216854313894851,6711.978,-4.3263801727752815
202409,88.0,24.0,22.0,12.648862439698492,11.452049561585225,1654.735,-0.4036294685073445
202404,127.0,10.0,42.0,13.76871764795424,13.697424976545536,1539.336,-1.3023164238335765
202401,194.0,22.0,63.0,13.404020335252229,13.16048926068081,1962.071,-6.088978849970988
202301,216.0,39.0,80.0,14.149142335727655,13.915163114172364,2503.252,4.864773966773923
202312,98.0,46.0,27.0,10.248034245674875,9.808957068689894,192.589,-4.387617461125155
202312,55.0,8.0,19.0,12.220103747609794,12.220108677932016,412.419,-1.3069511333134747
202303,138.0,5.0,44.0,12.529687580148831,11.668235472517333,358.392,-6.123224129359589
202312,144.0,82.0,25.0,12.713992050329894,12.713995059056707,516.387,-6.227668432124859
202408,380.0,26.0,77.0,13.522291853278732,13.339121787019183,3214.607,31.615290969072568
202307,83.0,9.0,15.0,12.951575056424048,11.822554921904834,3020.255,-2.1616266437736487
202308,58.0,2.0,12.0,12.074579174931216,11.790269281335577,497.3,-6.195054286564439
202211,325.0,35.0,95.0,13.092584350915205,12.467363256915334,1235.738,1.7233822769379934
202310,102.0,12.0,43.0,14.099411992803418,14.011765427091479,4309.984,10.632384699752288
202210,297.0,125.0,96.0,11.80348090534369,11.763224933909672,468.474,-6.241276064534448
202312,215.0,35.0,81.0,11.925538300436711,0.6931471805599453,849.354,8.768923743844367
202311,426.0,106.0,100.0,12.411447260196807,11.671287265568951,897.979,8.692327369063316
202303,132.0,13.0,46.0,13.752086082713745,12.961971595687427,1177.864,5.476437299221486
202212,173.0,37.0,45.0,12.862037034962404,12.700363317328993,741.592,4.493918290465253
202406,14.0,4.0,3.0,12.101073175798533,11.728439989119947,768.994,-6.163963505379513
202405,171.0,8.0,42.0,10.941925118168168,10.941942818379685,210.516,-6.2918148135823255
202408,149.0,33.0,89.0,13.735574094646607,13.516944131929204,4785.612,8.546654166469931
202404,102.0,12.0,43.0,14.616756252441506,14.523612851269833,4108.883,10.852479396135548
202409,6.0,1.0,0.0,10.903071089406382,0.6931471805599453,246.337,-6.271039005393656
202410,34.0,8.0,9.0,9.942131176128333,9.630562721059254,136.292,-3.359945094225159
202210,330.0,21.0,36.0,13.762385059800234,12.770192560353882,2905.996,-3.77172637685948
202406,217.0,58.0,63.0,11.52749875681969,11.442374237019193,637.374,-5.047950908870839
202208,309.0,17.0,32.0,13.397956674158728,13.300946287493366,3658.334,-2.4705601782119366
202308,14.0,2.0,1.0,6.163314804034641,0.6931471805599453,8.334,-6.276933343152721
202405,68.0,11.0,35.0,10.625999341725977,10.59003802256676,547.534,-5.299521829441883
202409,224.0,68.0,33.0,11.13763547399693,11.122944850896442,366.005,-0.017648922960683322
202303,129.0,15.0,64.0,12.205382407370614,12.127629907222751,753.136,5.604401336667392
202210,207.0,42.0,52.0,13.6240873061239,13.243275733847254,1766.254,0.6132617929442521
202308,60.0,26.0,15.0,9.756031083068253,9.693692018741418,252.34,-5.219186280179575
202310,91.0,17.0,10.0,10.579463141587746,10.579488574261102,121.168,-6.2918148135823255
202301,114.0,31.0,22.0,12.76110939422043,12.758476777587703,852.077,-3.3747544558139424
202211,98.0,2.0,16.0,11.573069971549787,11.573079387789976,170.628,-6.270900844183999
202208,34.0,0.0,4.0,14.006888481788348,12.940855889166635,4969.182,-2.33857149424417
202212,171.0,47.0,29.0,11.524122543063445,11.120356838597084,581.626,-0.31870727886120864
202307,96.0,12.0,33.0,12.19184186661646,11.564122254701354,789.398,-6.276933343152721
202210,127.0,26.0,51.0,12.826546977499929,12.297575586991545,600.161,-6.174409986472073
202211,315.0,82.0,72.0,13.739386246672074,13.696782200632118,1293.654,58.793278658899546
202210,261.0,92.0,79.0,14.436506312623427,14.313489819423244,2711.881,38.79944998808458
202311,214.0,43.0,130.0,12.707938247924654,12.650873844750711,803.518,-5.255559743171732
202406,230.0,113.0,39.0,12.864889734328388,12.757564091622177,1128.445,4.736143625764191
202404,522.0,185.0,171.0,13.869079760506965,13.685822057675665,2599.951,22.66765500065197
202401,574.0,153.0,104.0,13.415528391024532,13.399534401830445,977.736,3.708390266157201
202402,341.0,74.0,161.0,13.303073636755508,13.301762334227226,1092.301,-6.039817603102448
202312,325.0,77.0,57.0,13.183603339272,13.175972388449173,657.238,-6.164693179590523
202210,131.0,12.0,23.0,13.356586127111413,9.663007081568642,786.415,-6.271039005393656
202308,2.0,0.0,0.0,7.711996507047669,0.6931471805599453,919.802,-6.2918148135823255
202409,43.0,6.0,3.0,12.305949654206417,11.349488467117814,977.978,-6.2918148135823255
202207,137.0,5.0,45.0,11.758221820925572,11.157906292342437,473.998,-6.123224129359589
202311,317.0,82.0,72.0,13.836928546528306,13.588860867320777,1466.944,58.793278658899546
202406,482.0,227.0,81.0,12.894013798212672,12.887215562360213,1457.832,24.151022667360365
202408,336.0,44.0,65.0,11.740586795733261,11.325366215380011,877.514,-5.0525165420414595
202307,48.0,6.0,13.0,11.204169557580096,11.021232309353408,307.967,3.431479349509548
202306,131.0,24.0,15.0,10.461616521417985,10.461645134949325,177.418,-6.250263197204988
202208,153.0,5.0,35.0,11.500741541505255,11.50075166403852,327.32,-6.2918148135823255
202308,127.0,61.0,28.0,4.962844630259907,4.969813299576001,510.471,-6.036112197176701
202401,120.0,38.0,30.0,13.543220091352515,12.52836626754947,1288.607,2.492582972231549
202405,161.0,17.0,18.0,11.255151648257112,11.155021194290347,73.726,-6.276933343152721
202405,6.0,1.0,0.0,15.254153031955042,15.060461952548712,8574.551,-6.163963505379513
202312,116.0,23.0,70.0,13.332197955936783,13.103828665963015,531.816,-6.2918148135823255
202303,181.0,25.0,37.0,13.064111189140576,12.704927909557748,909.258,-3.9502639488928804
202309,60.0,11.0,21.0,12.19952626466014,10.034515814942532,1421.145,-6.2918148135823255
202311,175.0,35.0,27.0,13.29083952737623,13.006957015220747,722.399,-5.092051156350646
202405,62.0,23.0,21.0,12.556863311009446,11.762134344805622,752.11,-1.4143358600397145
202210,4.0,0.0,1.0,12.493774717781957,12.207072145863258,1191.322,-6.227889159480919
202306,89.0,26.0,9.0,7.825644732219989,7.826044013518965,87.32,1.0334876178795147
202406,336.0,129.0,72.0,11.1505054784032,11.14446708249116,846.309,7.275651466509288
202310,134.0,25.0,31.0,11.65389537311305,11.555285476136287,388.092,0.8958701441992449
202212,41.0,8.0,21.0,13.743883505782025,13.314321684537086,843.81,-3.3748265646547635
202410,3.0,0.0,0.0,11.650049147587964,0.6931471805599453,181.881,-6.2918148135823255
202405,9.0,3.0,3.0,12.155126659245234,12.129483135367865,1042.414,-6.227889159480919
202207,311.0,134.0,30.0,10.876498824619787,10.870433375189227,602.944,-2.855830047357235
202308,1.0,0.0,0.0,7.988203597022576,0.6931471805599453,782.754,-6.2918148135823255
202408,88.0,32.0,19.0,9.755509449764629,9.755567422459507,465.718,1.8350592788815394
202404,189.0,46.0,19.0,12.607489570791769,11.963045213618825,669.158,-4.139547146663057
202409,43.0,8.0,6.0,6.805722553416985,6.806829360392176,27.912,-6.271039005393656
202303,68.0,6.0,30.0,12.99900181063695,12.776280708158,1374.435,-6.271039005393656
202306,296.0,30.0,113.0,13.518284418789543,13.403958461675018,2611.365,14.357324774990603
202402,321.0,16.0,13.0,13.896554917663039,13.692508677798376,3918.546,-4.091453364558326
202303,8.0,2.0,1.0,13.606033197413879,0.6931471805599453,1602.841,-6.2918148135823255
202312,954.0,258.0,194.0,13.9972285993461,13.834995487741118,2355.147,35.13791786138572
202404,33.0,16.0,13.0,13.55720345208707,13.465073262242553,1732.024,-6.00779446309766
202402,56.0,5.0,23.0,14.405166585629672,13.847773467799447,2422.11,3.8436437656013194
202212,187.0,0.0,6.0,10.568852352083622,10.173247478478917,76.919,-6.2918148135823255
202410,144.0,6.0,19.0,12.621342859425404,10.475681051249266,397.548,-6.256157534964052
202405,98.0,23.0,22.0,14.446566354037156,14.205421999145672,10399.471,-0.08600471023133949
202306,584.0,283.0,96.0,11.247943778039224,11.1985982082334,879.699,29.348991490363325
202303,114.0,7.0,5.0,12.906562800345377,12.906565282052098,1472.727,-6.2918148135823255
202402,132.0,35.0,54.0,14.643252877669743,14.582803709955959,5024.659,5.881125920584308
202310,438.0,11.0,17.0,10.170533150137466,9.86485066892121,221.632,-6.271039005393656
202306,49.0,22.0,21.0,13.420204669781526,13.372278159971332,2601.012,-6.1915156964887625
202208,219.0,41.0,144.0,10.639167263814777,10.639191222509986,971.284,-6.250125035995331
202303,575.0,221.0,204.0,15.31849980736732,15.178531430311088,5028.165,29.324729285806562
202405,21.0,7.0,5.0,12.183111033892827,11.651948003619031,665.503,-6.227889159480919
202308,76.0,8.0,1.0,10.577604807189267,8.495356496807062,131.286,-6.2918148135823255
202303,1.0,0.0,0.0,6.240275845170769,6.2422232654551655,70.45,-6.227889159480919
202306,367.0,71.0,105.0,10.186521338423402,10.168502147925643,327.133,1.2817470255865828
202310,121.0,57.0,44.0,12.390504474133486,12.39050863200798,786.788,-2.423231939076997
202310,82.0,14.0,33.0,13.739194149008169,13.639962409757612,3070.005,2.9364608091749673
202309,278.0,131.0,72.0,9.74020362461931,9.719324300862802,1181.83,-0.8953393427421856
202312,282.0,77.0,64.0,13.93724400269197,13.669485442806353,2297.51,5.85710015846486
202211,114.0,31.0,22.0,12.348197012572715,12.343710594697487,573.614,-3.3747544558139424
202303,150.0,27.0,73.0,13.563388660911045,13.130805641002414,2278.393,-2.3049177278569215
202301,169.0,15.0,74.0,13.936269605346023,13.779832601829845,2510.395,-6.163963505379513
202409,202.0,20.0,26.0,12.9872329927875,12.188005411567556,902.809,-6.093530993304482
202301,52.0,3.0,3.0,15.352963197569652,13.389416631357951,7771.407,-1.4301677320363888
202401,426.0,144.0,74.0,10.538184308498979,10.46919900978639,373.176,-0.1664290621073956
202401,911.0,308.0,120.0,13.84987913390048,13.837091015747596,2701.924,16.058980325051195
202307,216.0,46.0,87.0,14.886782139265243,12.897623552723426,6301.45,-5.2070245063548795
202406,103.0,42.0,25.0,8.813289762469037,8.813438494528507,154.773,-5.319485397273138
202406,256.0,29.0,99.0,14.026585576619015,13.450490893489977,2231.054,-4.274891022160334
202308,64.0,6.0,6.0,8.060855752934316,8.06117135969092,77.009,-6.276933343152721
202407,375.0,141.0,71.0,11.247252733556703,11.157578210689957,700.401,-1.1104901029334506
202306,98.0,30.0,34.0,13.00871528109106,12.756541008768425,1762.931,0.07898009596090105
202405,44.0,11.0,21.0,12.46993194572077,12.4699357861214,2423.518,-4.999857126766107
202212,97.0,17.0,45.0,13.432490171979085,13.343570655350574,1118.415,-5.319485397273138
202401,103.0,14.0,44.0,13.518700283285622,13.245408985846133,1616.39,14.199091803569493
202210,26.0,12.0,8.0,10.842771893535705,10.842791438719283,155.598,-6.2918148135823255
202410,3.0,0.0,0.0,10.776223392258185,10.776244282386555,369.168,-6.243500304121533
202207,41.0,6.0,5.0,11.574735266536543,11.10403951243997,311.522,1.4868205168911732
202309,232.0,85.0,23.0,11.33251807498949,11.276696674107363,370.72,3.5466599370327145
202210,104.0,18.0,25.0,11.608917230623955,11.333643284588698,216.75,0.7680188359964326
202407,61.0,10.0,31.0,12.552343150524264,12.220660720256136,1102.477,-5.2860523582419505
202211,324.0,81.0,94.0,14.162754570138775,13.862313033703556,1562.092,13.786739867672155
202404,247.0,61.0,68.0,13.820406552996506,13.044855786937323,1452.744,12.578997367743392
202405,127.0,10.0,42.0,13.371433511361927,13.308635453942633,1847.449,-1.3023164238335765
202307,110.0,21.0,37.0,13.088316297898608,12.690613840438255,2476.636,-6.2918148135823255
202403,349.0,158.0,59.0,13.436293437589049,13.4036279013723,1608.826,20.607095087914622
202312,49.0,22.0,21.0,13.504607622700242,13.462451924428631,2710.607,-6.1915156964887625
202303,242.0,30.0,91.0,10.095140436758967,10.095181715576748,352.471,-5.807709751409733
202410,160.0,11.0,6.0,9.529811766917371,9.529884417576708,83.572,-6.187935772638981
202210,142.0,19.0,31.0,11.833616691028954,11.797231846182093,416.191,-6.2168301581738
202208,204.0,81.0,48.0,11.234295630437883,11.166398852083312,739.389,6.485608612909203
202402,320.0,24.0,105.0,16.138789547622597,14.544952058578376,9179.433,-1.0619548661165972
202309,294.0,61.0,128.0,12.325529834564968,12.241121205806579,1029.437,6.974184545184748
202303,28.0,1.0,7.0,15.485375425621232,15.44764240403316,6292.646,-4.075621492561652
202303,55.0,15.0,19.0,12.318239942400922,12.269774879577156,628.012,-6.160479637513261
202312,111.0,28.0,61.0,12.596660974407907,12.55954948096721,909.091,-1.9261143207481028
202309,18.0,2.0,1.0,10.148275171908208,7.460490305825338,196.353,-6.2918148135823255
202410,38.0,4.0,8.0,13.417881170258083,11.070817119163225,1557.83,-5.319485397273138
202407,52.0,12.0,17.0,14.621256246602416,12.329532868750844,4379.723,-5.298709589084469
202301,478.0,61.0,59.0,13.128828433817619,13.041307323135182,947.372,-4.718011657272621
202307,3.0,0.0,1.0,13.687311210402413,0.6931471805599453,2999.226,-6.227889159480919
202312,131.0,20.0,44.0,15.143886039692983,14.425624438483798,6044.867,9.46017323362986
202301,27.0,17.0,5.0,10.515614464432117,10.348750130518358,132.844,-5.787699766714401
202303,2.0,0.0,0.0,12.707699086260826,12.025737115279275,1022.593,-6.163963505379513
202211,125.0,45.0,16.0,12.752611878204027,12.363230228660578,583.496,-2.1035953274313064
202408,31.0,7.0,8.0,11.757994878118097,11.555323816386846,592.977,-6.1422507854609
202306,90.0,27.0,25.0,10.974368867465927,10.974386002636722,1746.721,-2.2878945839866356
202207,70.0,27.0,18.0,12.045545848066123,9.901184903473453,568.824,-6.256157534964052
202307,455.0,130.0,72.0,10.728934117109558,10.650033309820769,739.825,0.5145814766351418
202309,6.0,0.0,3.0,10.109851103810321,10.032935619723014,214.152,-6.2918148135823255
202404,610.0,194.0,78.0,11.910297915680937,0.6931471805599453,978.095,5.61243555092158
202312,582.0,248.0,165.0,12.488835136661569,12.45467729456221,1488.667,8.059934435594464
202407,116.0,14.0,63.0,14.168119747915279,14.107577004983854,2026.722,4.752514633444225
202309,59.0,2.0,8.0,8.690642169706594,8.690810307580046,113.476,-6.156574602244373
202301,391.0,69.0,80.0,14.115383271680965,13.264997712246691,1997.358,-1.8771256978167346
202210,31.0,5.0,7.0,12.963360611891478,12.39405730332149,1477.869,-1.4092537626380626
202306,35.0,0.0,8.0,12.519791548657462,11.726963688315752,1080.341,-0.3888305642241443
202310,1.0,1.0,0.0,12.604110237809541,12.604113595987798,2203.438,-6.2918148135823255
202210,48.0,7.0,20.0,14.08892508127253,13.42738622575195,4476.426,1.740348252305619
202407,114.0,61.0,21.0,13.09512372385734,12.485955634036983,1329.835,-1.2657087436482328
202406,60.0,2.0,11.0,10.44990230322135,10.250157614133787,130.658,-6.250263197204988
202401,338.0,115.0,55.0,12.303267412021276,12.271977420417892,722.356,0.910225478562376
202303,82.0,14.0,33.0,13.853051977277214,13.658625142152983,2791.903,2.9364608091749673
202401,214.0,43.0,130.0,12.982694330714232,12.935975966215238,1043.534,-5.255559743171732
202406,430.0,230.0,46.0,11.125909126930525,11.125923852627603,457.84,4.045223918935175
202212,187.0,58.0,39.0,13.5027814101076,11.743814939016376,1571.74,-4.19852886457247
202409,109.0,1.0,3.0,7.045776576879511,6.620073206530356,9.476,-6.2918148135823255
202307,60.0,6.0,14.0,15.10827086104134,14.185091460581807,16126.115,-6.227889159480919
202401,502.0,191.0,119.0,14.609104250217054,13.625387044906933,2408.821,11.364541954847182
202211,253.0,149.0,45.0,11.179339060327473,11.17935301988663,293.284,-2.9746752250798605
202210,43.0,23.0,17.0,6.576469569048224,6.577861357721047,372.696,-6.2918148135823255
202301,17.0,7.0,5.0,12.648464170238247,12.335182402113947,1045.869,-6.163963505379513
202207,190.0,12.0,13.0,12.46055593654679,11.85489683929372,1710.659,-6.227889159480919
202303,51.0,9.0,19.0,12.288850071987742,12.192754349443987,455.752,-6.194456120449732
202301,43.0,9.0,19.0,12.689368786592183,12.636854561622128,3624.612,-3.2950690385566825
202303,181.0,25.0,37.0,12.791308838519917,12.522214615678136,829.202,-3.9502639488928804
202312,94.0,17.0,14.0,11.365364690607462,11.365376280577502,509.992,-6.2918148135823255
202402,484.0,114.0,83.0,12.39405730332149,12.394061446450008,894.629,2.4191832582522537
202301,14.0,7.0,2.0,13.638176542681359,13.380741245201849,1420.837,-6.143187697190844
202210,294.0,20.0,8.0,11.0438014487515,10.249804032346637,191.134,-6.2918148135823255
202407,95.0,26.0,35.0,12.769088361440373,12.253819408402888,644.283,-4.265408432471971
202301,118.0,34.0,26.0,13.69679120910346,13.530498251846042,1068.762,-5.255559743171732
202310,101.0,10.0,17.0,12.727473157547998,12.449544176315019,575.651,7.335678485175901
202303,279.0,7.0,5.0,10.250263664295613,10.174392167248598,83.71,-6.276933343152721
202403,224.0,73.0,41.0,11.124715624744425,11.124730368027018,372.3,-2.8305867621847476
202301,82.0,9.0,23.0,11.994857665081238,11.631294995271666,233.853,-6.271039005393656
202301,383.0,108.0,70.0,12.886618258813554,12.8657664498309,675.371,15.136040025405139
202306,428.0,144.0,75.0,9.099408811268901,8.922658299524402,219.229,-0.1664290621073956
202403,124.0,11.0,51.0,15.117396696400986,14.107768893333796,3146.997,16.601872875196882
202308,141.0,24.0,20.0,11.265527642480011,11.250573200430738,690.034,3.577152552102934
202303,18.0,3.0,0.0,13.289204054682374,12.357256070264203,1435.625,-6.0682030417823185
202406,162.0,32.0,59.0,12.73112360768508,12.72473250140468,909.788,31.73209193536931
202211,453.0,122.0,205.0,14.80857712864048,14.429819596736476,3505.186,8.279985868698754
202407,165.0,73.0,33.0,10.907349504658427,10.904597259843,231.967,-2.934637171888246
202208,9.0,0.0,2.0,9.744315955640873,9.744374580879056,1199.608,-6.163963505379513
202312,163.0,38.0,57.0,12.871833212936718,12.86904666016585,441.04,-5.2860523582419505
202210,454.0,122.0,204.0,14.497706491921965,14.234397850848675,3396.953,8.279985868698754
202406,162.0,28.0,39.0,12.777820258659194,12.734191869261156,341.269,-4.311360541136021
202210,195.0,44.0,29.0,11.958508319674282,11.768598159972285,413.599,5.537422529361923
202405,24.0,9.0,12.0,11.924054502702832,11.769031727387196,638.341,-6.2918148135823255
202410,138.0,9.0,1.0,10.941482511027885,9.596418766284158,221.485,-6.227889159480919
202409,20.0,4.0,4.0,9.37441309371334,9.374497958142467,160.119,-4.313722941932763
202211,138.0,61.0,30.0,9.646076003102594,9.64614067988042,412.731,-2.9776156490408296
202303,681.0,215.0,207.0,14.383418159315704,14.033233846156952,3701.265,11.924607616352679
202208,25.0,1.0,7.0,11.620945441125958,9.770070439095777,704.137,-6.276933343152721
202312,164.0,63.0,39.0,12.34122397534765,12.280010603232258,455.533,-4.2482208762126
202310,167.0,41.0,44.0,5.176149732573829,5.181783550292085,285.011,-4.2193046727611385
202402,30.0,5.0,13.0,11.538261772783395,11.492151165753752,232.004,-1.1942411636564554
202309,83.0,5.0,20.0,12.111888331700833,11.156021923476494,748.849,-6.2918148135823255
202311,585.0,123.0,171.0,13.722203770029658,13.074233495200774,1997.878,6.864439025423993
202404,65.0,30.0,18.0,14.654373659866659,14.130640954737784,5752.149,-5.078443523941058
202208,23.0,5.0,14.0,11.84908336647905,11.57558096433457,523.332,-6.2918148135823255
202311,67.0,3.0,14.0,12.159840207588472,11.38529661799832,666.443,-4.3313241089672765
202312,195.0,44.0,29.0,12.3092202144265,12.064209497167061,443.908,5.537422529361923
202408,252.0,13.0,25.0,11.628813372672155,11.455328131289646,1031.854,4.48851022810881
202404,553.0,231.0,161.0,14.529335472998472,14.05531297660623,4842.909,18.019778951873825
202211,688.0,189.0,123.0,13.183319238472633,12.744111604632831,2332.927,63.689784062262795
202404,171.0,14.0,69.0,14.00970304232843,13.730427502385465,1977.134,12.740767990380013
202307,127.0,10.0,41.0,13.829109669458123,13.810538216337717,2470.776,-1.3023164238335765
202303,96.0,28.0,34.0,13.25598301613505,13.097761210723602,1846.438,0.07898009596090105
202212,108.0,13.0,31.0,13.356301259738986,12.56123344372859,1275.041,10.132691126652565
202405,86.0,28.0,27.0,12.899752184362304,12.501555462902108,901.887,-5.303653525276463
202301,62.0,15.0,23.0,12.165068342726107,12.16507355199548,426.279,-6.22494873551995
202404,34.0,10.0,7.0,9.019300924562506,9.01942196795671,32.16,-6.2918148135823255
202312,97.0,17.0,27.0,15.86912185269309,12.549197702981488,9908.316,-6.2918148135823255
202210,27.0,7.0,11.0,13.162985031857852,12.975180366892664,2105.365,-3.359945094225159
202212,139.0,40.0,62.0,13.584382716870959,13.518328839752206,667.72,-6.0666380197974155
202210,297.0,125.0,96.0,11.80348090534369,11.763224933909672,468.474,-6.241276064534448
202210,153.0,38.0,44.0,13.516546414954187,13.514717578630044,1773.841,10.74701561549393
202407,352.0,62.0,145.0,13.633288196250325,12.978788575309244,3096.28,4.105204558476556
202301,85.0,22.0,16.0,13.145136099403151,12.432092057589848,520.398,-6.2918148135823255
202407,31.0,4.0,11.0,12.740010120946915,12.237798999845129,2089.473,-2.3815831789472504
202402,357.0,59.0,39.0,12.980216693792775,12.380504829570395,581.797,-6.2263945941048435
202402,47.0,10.0,30.0,12.403656308278903,12.403516777594238,691.454,-6.271039005393656
202308,17.0,5.0,3.0,9.502860721068213,9.502935356288608,34.726,-6.258381774551138
202309,3.0,0.0,0.0,12.265232665929606,0.6931471805599453,158.74,-6.2918148135823255
202310,321.0,59.0,104.0,13.289510380827336,13.063504695397922,2068.934,32.91132266100655
202407,31.0,13.0,11.0,11.031011184698658,10.985394412632534,295.804,-2.182402451962317
202301,84.0,9.0,13.0,12.393850125006518,12.315433648557159,489.726,-5.319485397273138
202405,234.0,34.0,99.0,13.883150514674615,13.635026511912937,2583.415,20.61617050098475
202303,277.0,57.0,33.0,12.948731158726478,12.87943794857866,439.792,-5.205668822092183
202210,113.0,10.0,45.0,9.450616322030694,9.450694960020746,749.389,-6.227889159480919
202306,546.0,140.0,149.0,10.934374023807974,9.483492392643639,895.7,22.802683447292623
202407,100.0,9.0,11.0,10.850288090614855,10.775199241012317,137.468,-6.271039005393656
202409,79.0,13.0,19.0,12.665744965109528,11.441730169928077,1297.22,-6.2918148135823255
202210,43.0,9.0,19.0,12.028105594101255,11.95975641968429,2347.8,-3.2950690385566825
202310,144.0,82.0,25.0,12.13385135401318,12.13385672846465,471.185,-6.227668432124859
202303,11.0,4.0,1.0,12.089903931155744,9.27284557732758,345.509,-6.227889159480919
202402,1433.0,530.0,171.0,14.301533318062466,14.034873371287063,2678.915,55.57582578214061
202406,37.0,7.0,8.0,13.298916662997119,13.109351083523341,1008.315,7.5408917111295555
202407,84.0,6.0,12.0,12.309725203458228,12.00879784415386,1456.096,-6.2867327161806745
202309,18.0,2.0,9.0,12.184389250699015,11.4955554764077,1508.963,-6.2918148135823255
202405,198.0,56.0,28.0,12.033622208531481,11.974890622095627,505.566,-1.1045957651743858
202406,318.0,79.0,73.0,13.182247960753951,12.853592031355374,1539.25,58.793278658899546
202408,7.0,1.0,0.0,12.344751392765588,9.478533767844102,2113.009,-6.227889159480919
202303,104.0,14.0,60.0,13.95982473188863,13.839166535873554,2920.289,5.294384953705569
202402,341.0,166.0,50.0,12.010337527818798,11.86826151298771,653.383,-0.4441403072644565
202208,315.0,87.0,56.0,9.723163998404846,9.723223876851618,563.215,-1.287434953403972
202210,52.0,3.0,3.0,14.489324551023934,12.977321420251995,7017.897,-1.4301677320363888
202406,28.0,2.0,7.0,15.32084982491406,15.181801936718248,7999.987,-4.075621492561652
202303,324.0,77.0,125.0,13.613020987128532,13.535680246270015,1576.851,8.598143317084878
202401,451.0,231.0,83.0,13.003489747265915,12.825729355550719,2278.488,18.526015812212542
202303,255.0,26.0,92.0,14.283413858062161,13.585662078774915,4200.091,-5.319485397273138
202405,76.0,9.0,7.0,12.181288028707543,11.811413937386995,762.336,-6.2425499025544635
202401,1161.0,407.0,243.0,13.42793153587743,13.350282706515692,2834.795,38.01490885562248
202403,878.0,407.0,173.0,13.506099443871136,13.496908690874148,2619.791,17.306108066547367
202406,57.0,4.0,5.0,9.371268036082466,9.283404942833188,67.688,-6.2918148135823255
202306,88.0,5.0,6.0,9.679093219320265,9.679155795585109,268.855,-6.2918148135823255
202301,832.0,346.0,376.0,14.529388856208387,14.10070528954697,7968.291,1.8852596003403246
202407,104.0,26.0,21.0,13.408854240648054,13.181186848710846,1883.648,12.182444096292235
202207,594.0,157.0,100.0,12.359128440475388,12.34341426999317,954.628,4.460624986083129
202311,697.0,199.0,133.0,11.657172984260352,11.276722003067231,1134.439,6.421539117667766
202407,243.0,94.0,71.0,14.152401278437475,13.867581050255277,2732.224,2.830510753130728
202303,143.0,61.0,69.0,11.651408328803523,11.651417035547333,734.24,-5.954397856235217
202307,122.0,10.0,13.0,11.891505725963562,11.681824001432043,587.265,-6.2918148135823255
202308,1.0,0.0,0.0,11.392676892374054,0.6931471805599453,239.493,-6.2918148135823255
202210,236.0,36.0,99.0,13.847997108998573,13.636542970322314,2857.709,21.58341781989229
202404,214.0,35.0,54.0,12.636987802878368,12.331281375680362,1094.564,19.304362293842765
202307,152.0,31.0,58.0,12.949406633546724,12.882200820920524,1195.75,-6.20711335129225
202407,152.0,33.0,32.0,12.378470121126435,11.950715771851312,857.066,-6.256157534964052
202303,59.0,6.0,19.0,13.461634550488679,12.805664355882055,1807.773,-4.347155980963951
202208,17.0,1.0,1.0,6.7357800142423265,6.406879986069314,109.538,-6.2918148135823255
202301,381.0,6.0,20.0,12.770303482013441,11.678736469637194,702.527,-5.772818296284798
202301,47.0,17.0,20.0,13.671506229380892,13.530846593106997,4083.326,-2.901204132857058
202211,91.0,17.0,10.0,11.34173374116303,11.30310526235444,111.412,-6.2918148135823255
202303,320.0,60.0,103.0,14.242756074830927,13.948575341743819,2198.904,32.91132266100655
202403,90.0,9.0,31.0,13.220061612624104,11.991430355873327,257.163,-6.192961555073656
202210,82.0,9.0,14.0,12.227227299602571,11.680404074894408,2110.629,-2.1616266437736487
202307,747.0,465.0,134.0,13.096011188478634,13.093585230372199,2179.28,15.17021126845781
202210,263.0,53.0,42.0,13.843747127217629,13.743888877040742,3122.861,20.03089373869583
202312,556.0,207.0,94.0,15.676698759233822,15.593533275219132,1245.928,27.94024569250825
202310,46.0,17.0,20.0,12.629279435114496,12.551352410324972,1594.764,-4.1062854763920225
202208,330.0,43.0,81.0,12.354876197774498,11.087298465038112,1844.571,-6.194456120449732
202207,183.0,34.0,96.0,11.370566653647774,10.879272856195923,2206.037,16.884190246438756
202310,582.0,248.0,165.0,12.411919467162493,12.380572022017988,1324.74,8.059934435594464
202406,124.0,38.0,40.0,11.90174615339028,11.901752931925369,470.255,-1.351368948644038
202405,55.0,17.0,34.0,12.560949473827492,12.363435304282932,713.311,-6.2918148135823255
202409,177.0,43.0,76.0,13.031867390753751,12.102854278277704,3030.1,7.274667857391721
202307,149.0,31.0,90.0,13.7320941658116,13.514875624908214,4064.729,8.610579820571337
202402,259.0,37.0,35.0,13.11128018510588,13.000023977266729,2052.674,0.17982885910427182
202303,412.0,218.0,119.0,15.578701814155254,15.194307382669791,7066.956,19.013610032581006
202211,823.0,393.0,200.0,13.727006066834308,13.64856301308009,2062.569,15.548452696473097
202401,100.0,22.0,21.0,12.151795957878903,12.07041900252455,462.044,-6.227889159480919
202309,81.0,8.0,35.0,12.767173045169788,11.872297767763477,886.002,-6.2918148135823255
202401,198.0,48.0,40.0,14.743744880353754,13.859425045794097,1710.129,-5.271170887812346
202208,1160.0,408.0,244.0,12.093900091645608,12.049102996139117,2648.152,32.193589588609875
202306,57.0,10.0,20.0,12.822133577115817,11.88815814400123,2311.401,-6.276933343152721
202212,2.0,0.0,0.0,13.470671012848571,13.368662360451557,872.89,-6.2867327161806745
202303,109.0,16.0,42.0,14.2820977327701,13.382475877783671,2151.606,-6.271039005393656
202306,116.0,23.0,45.0,14.426630103852522,13.95490199692891,8856.265,-5.083558828893205
202301,250.0,13.0,25.0,12.828451271868445,12.695765537803466,1113.183,4.48851022810881
202210,68.0,11.0,22.0,13.270855793693954,12.53778715351706,3006.384,-5.138237482207883
202303,6.0,1.0,0.0,12.591151355981394,12.468140712289301,2137.765,-6.163963505379513
202211,175.0,39.0,35.0,12.69246929694965,11.949262428745461,771.828,-5.255559743171732
202406,155.0,37.0,41.0,13.427713447509516,13.02519587384159,1464.978,-4.347155980963951
202208,82.0,14.0,34.0,13.421737332633917,13.227773291842015,4142.192,2.915685000986297
202306,184.0,13.0,46.0,14.254228607445928,12.651165435250773,5649.134,-6.240325662967377
202312,45.0,17.0,2.0,10.541518350537407,10.509796068463533,137.291,-6.227889159480919
202212,138.0,5.0,45.0,12.952051811085882,11.671816320961444,462.1,-6.123224129359589
202407,198.0,48.0,40.0,13.829835464807815,13.010917718090555,1907.177,-5.271170887812346
202310,36.0,24.0,8.0,10.882471353748706,10.882490138206446,539.595,-6.2918148135823255
202401,37.0,6.0,11.0,13.024415321461957,9.79757132694458,801.827,-6.2425499025544635
202211,478.0,61.0,59.0,12.542780568660854,12.465069708871976,677.232,-4.718011657272621
202408,43.0,27.0,9.0,12.489565957360501,12.41584722910543,1683.766,-6.163963505379513
202309,152.0,1.0,0.0,4.948759890378168,3.2188758248682006,36.392,-6.2620518727231165
202303,115.0,2.0,3.0,7.502186486602924,7.502738210754851,54.406,-6.256157534964052
202309,45.0,16.0,17.0,12.069467963758196,10.86900644788211,626.533,-6.2918148135823255
202402,145.0,83.0,25.0,12.908858227110116,12.9088607031268,612.966,-6.227668432124859
202310,99.0,0.0,11.0,9.645429005150419,9.645493723786172,37.561,-6.2620518727231165
202301,165.0,13.0,17.0,12.562592577455165,12.385293566985414,1299.525,-6.271039005393656
202403,38.0,2.0,15.0,10.156694633064722,10.156733447666781,168.041,-6.163963505379513
202301,3.0,0.0,0.0,13.833534152739716,13.062857504554833,1153.352,-6.227889159480919
202307,99.0,21.0,49.0,13.1132681408538,12.322699457461894,1966.812,-6.271039005393656
202408,35.0,3.0,17.0,13.65940630448736,13.535039755028407,3757.649,-4.072852437360835
202408,54.0,28.0,13.0,11.59217093185484,11.130199843831553,738.229,-3.2774678715221697
202401,86.0,27.0,26.0,13.786784898562829,12.98973443459231,1370.482,-5.303653525276463
202401,174.0,4.0,3.0,13.037299920168373,12.981354958499976,1493.325,-6.115648995918721
202403,165.0,3.0,9.0,11.956354086030165,11.956360504330021,140.621,-6.271039005393656
202210,305.0,143.0,77.0,11.94853172999038,11.749932472943591,569.627,-3.2144555934356545
202405,830.0,346.0,372.0,13.600951305896857,13.444252654815067,5585.025,2.921514670750918
202303,506.0,64.0,90.0,12.03024197726658,12.026515264878885,967.038,34.500736961956875
202407,35.0,10.0,11.0,13.440894196460603,13.257243859598146,3101.405,-0.07645927210994241
202308,68.0,11.0,19.0,14.279048328526398,9.15133319139615,364.221,-6.271039005393656
202210,82.0,18.0,21.0,10.620863823642551,10.194177596502213,241.979,-5.222126704140544
202405,106.0,36.0,46.0,11.41364641962827,11.413657463311559,589.513,-5.099390700889879
202211,68.0,18.0,45.0,11.82749529988259,11.827502600884653,531.403,-5.319485397273138
202405,53.0,8.0,16.0,11.268583813139838,10.353798548436128,171.663,-6.237605966362469
202210,84.0,14.0,17.0,13.662875562240648,13.060077251053375,2303.116,5.294931646016421
202301,181.0,50.0,50.0,11.915733713417106,11.858796253651455,670.74,-4.5469611445611635
202211,195.0,1.0,3.0,10.585649617037317,10.394855089644995,74.479,-6.208711580827649
202310,184.0,25.0,68.0,13.156726156031839,12.561983297472173,2919.159,17.128792640128246
202306,20.0,5.0,4.0,8.965845494750937,8.965973184210347,219.454,-0.45783831572720146
202403,103.0,44.0,12.0,12.194940917101622,12.103236718193573,366.971,-6.227889159480919
202303,522.0,119.0,138.0,15.094882072511613,14.170939125498533,3812.831,54.1812757726037
202303,543.0,167.0,88.0,13.640844026556854,13.157230396199937,1503.88,36.01560806221079
202310,297.0,36.0,112.0,14.497609935668901,14.140941347252605,5547.38,54.42601334803218
202207,142.0,19.0,30.0,11.685827799847692,11.601055382826384,579.242,-6.2168301581738
202311,65.0,4.0,4.0,13.188557402438805,13.185381368121211,1317.457,-6.227817050640098
202312,62.0,23.0,21.0,13.61514437169005,13.420289301984129,2182.689,-3.023940136107723
202407,5.0,1.0,0.0,14.796310310540866,14.796310685551859,4153.353,-6.100037851278107
202406,65.0,19.0,23.0,14.68509074176767,14.320636368614021,8925.591,-5.158201050039138
202310,71.0,14.0,11.0,9.982806921740384,9.96326475657199,213.458,-6.2918148135823255
202405,41.0,6.0,21.0,12.559489788593595,12.056963402942316,692.183,-0.3939126616257953
202307,209.0,28.0,47.0,12.940071420172302,12.854008002018437,3105.016,-6.076321619128469
202401,45.0,17.0,13.0,9.967353972864542,9.967400878279781,286.468,-5.319485397273138
202212,76.0,9.0,7.0,13.423143297325286,12.962642881577139,1165.867,-6.2425499025544635
202210,173.0,17.0,32.0,12.81533537335501,12.441417457799062,2364.601,-3.2269291224742918
202406,55.0,22.0,12.0,12.874719632486027,12.308859351780438,1129.694,-5.035244319432413
202403,671.0,265.0,60.0,7.60688453121963,0.6931471805599453,708.707,10.48406383060223
202306,24.0,3.0,3.0,13.348815050843713,11.946978029930305,1616.482,-4.347155980963951
202207,150.0,14.0,22.0,13.523303596961068,13.514163544027898,1649.728,-5.224846400745453
202406,749.0,466.0,136.0,13.002031345816357,13.00203360155637,1986.198,15.39030596484107
202405,5.0,1.0,0.0,13.964282225380044,13.964283087145533,3286.509,-6.100037851278107
202410,1.0,0.0,0.0,11.171884808994013,0.6931471805599453,145.332,-6.2918148135823255
202311,61.0,25.0,26.0,11.634895279379435,11.216323730343793,969.797,-6.2918148135823255
202301,546.0,140.0,149.0,12.44222718563652,10.86266534521266,1399.651,22.802683447292623
202207,529.0,191.0,92.0,12.190502050539216,12.134291963135542,1123.528,13.453410942262527
202210,88.0,7.0,15.0,12.071460669285406,11.515023263052374,490.289,-6.2918148135823255
202408,345.0,65.0,61.0,13.074206212848361,12.977795304062242,1242.629,6.280747002833342
202404,95.0,23.0,44.0,13.277824055951317,12.707075180347402,1548.288,-4.3420738835623
202409,213.0,16.0,23.0,11.138173832018008,10.455215167622544,451.962,-3.3540507564660946
202303,51.0,5.0,12.0,11.910291194821744,11.489636366992276,680.685,-6.2918148135823255
202307,4.0,1.0,3.0,11.3376073268886,11.33761924307018,367.501,-6.2918148135823255
202406,106.0,26.0,46.0,10.836635401476705,10.836655066966722,685.404,6.4928026435630475
202403,159.0,25.0,27.0,12.455897075425714,12.455900970105777,462.631,-6.1833971191426125
202211,543.0,167.0,87.0,13.492193017679538,12.984940996120589,1217.278,36.01560806221079
202402,446.0,216.0,62.0,12.284375378787347,12.284380002198917,1408.045,19.492656677780566
202211,833.0,346.0,377.0,13.582398738136018,13.352167895143397,5663.661,1.8852596003403246
202303,34.0,11.0,9.0,13.409633364960792,13.213055638287859,2188.455,-0.07645927210994241
202212,59.0,11.0,30.0,13.760902301471946,12.969400991276377,927.786,-5.2860523582419505
202211,9.0,0.0,0.0,13.569585722557088,0.6931471805599453,3417.288,-6.2918148135823255
202207,53.0,13.0,9.0,7.964850887447313,7.965198290612176,175.191,-3.3748265646547635
202407,258.0,86.0,78.0,14.161919688290386,14.071052371580691,3626.727,39.01954468446784
202210,86.0,22.0,34.0,11.215017957160839,11.21503142744203,248.524,-6.276933343152721
202408,93.0,0.0,16.0,11.091269997463336,9.50218875329738,124.235,-6.2918148135823255
202405,89.0,29.0,15.0,12.17783776651539,12.17784290968847,199.768,-6.271039005393656
202408,28.0,2.0,7.0,15.392192193679373,15.17627529379638,11090.533,-4.075621492561652
202311,194.0,22.0,63.0,13.00933128810838,12.739543910220023,1493.052,-6.088978849970988
202210,350.0,158.0,59.0,12.994834504984436,12.947671837854376,1380.492,20.82718978429788
202303,73.0,12.0,6.0,12.243816306840799,11.686895578675124,449.59,-6.2918148135823255
202310,20.0,1.0,10.0,13.964936953053959,13.941699938861825,3313.777,-5.999738734184544
202301,347.0,77.0,90.0,14.186274484433088,12.88184474990603,1371.905,3.6664555163224097
202211,59.0,12.0,16.0,12.44483360773946,12.246845038820307,280.151,3.431479349509548
202402,18.0,6.0,1.0,15.081509260683406,14.156294201385592,2923.346,-4.2193046727611385
202311,171.0,46.0,46.0,10.799432709744853,10.715395068816916,274.234,-4.375180957638697
202311,126.0,28.0,58.0,13.451511716788316,13.317727837850788,907.305,-6.2867327161806745
202307,22.0,5.0,1.0,13.517093740420236,12.713372059519607,2946.505,-6.100037851278107
202301,78.0,28.0,24.0,13.848829273157099,13.511890142244132,4081.428,-2.108279395507113
202301,121.0,27.0,47.0,12.249764119154598,12.249768905389388,613.37,-6.276933343152721
202407,160.0,15.0,32.0,13.872664694017296,13.82072493941683,2969.39,72.59255214458024
202306,103.0,25.0,38.0,11.36779564126401,11.367807203093786,378.426,-1.2682573747507027
202207,110.0,49.0,40.0,12.713242595455489,12.713245606438047,784.653,-6.2918148135823255
202310,122.0,8.0,74.0,12.842675929278252,12.741536246247696,1008.46,-6.2918148135823255
202307,39.0,4.0,20.0,14.262332557509827,14.071728278767903,2909.257,-5.094275395937732
202402,110.0,21.0,32.0,14.269195508909414,13.777872032491683,1878.082,-3.228202960494307
202303,229.0,74.0,85.0,13.168846119617303,13.06917987664914,1017.292,-1.196546395950537
202405,701.0,384.0,121.0,14.305912837829386,14.093995718171795,3950.451,43.16993201100941
202406,48.0,11.0,17.0,12.306632657184355,11.77757941380097,760.816,-6.178624248453057
202307,22.0,7.0,11.0,10.87908439030769,10.823312033358421,205.012,-3.3748265646547635
202301,582.0,248.0,166.0,13.211538411997768,13.180826606269449,2047.635,8.059934435594464
202307,81.0,17.0,26.0,14.120101368568966,12.661894943349925,5017.397,-3.3109009105533573
202310,88.0,7.0,15.0,11.983841178140931,11.456344531415262,461.419,-6.2918148135823255
202401,181.0,55.0,39.0,13.99292090783363,11.844478479175171,1799.111,-4.19852886457247
202211,1.0,0.0,0.0,13.737386841182696,13.737387922438531,8067.687,-6.227889159480919
202307,12.0,4.0,6.0,11.711456600478218,11.580771011865295,430.414,-6.2918148135823255
202312,267.0,55.0,127.0,15.165252443018113,14.919113373213595,6867.704,-3.2153115124586016
202402,55.0,16.0,2.0,11.339821297225882,11.339833187054728,236.35,2.492582972231549
202208,62.0,15.0,24.0,11.483270058062603,11.483280359004624,441.082,-6.22494873551995
202410,28.0,8.0,4.0,11.58057476760598,10.393048680997394,329.216,-6.258381774551138
202303,284.0,101.0,26.0,11.767707208493444,11.662155486763984,240.271,-3.2935744731806067
202407,156.0,38.0,41.0,13.285481727213847,12.938861123862212,1820.112,-4.347155980963951
202401,125.0,44.0,15.0,12.308195926995015,11.061641523912554,930.198,-2.335631070283201
202407,91.0,9.0,46.0,12.878432764397363,11.894159354029648,954.755,-5.2860523582419505
202303,11.0,1.0,2.0,13.104333817295094,12.649619998469598,3217.061,-6.258381774551138
202403,339.0,20.0,36.0,14.78038000308226,13.305762686547853,3634.42,-2.799396960550293
202212,217.0,54.0,54.0,14.478752501280999,14.074540809242803,2058.875,5.6986736690454265
202311,174.0,66.0,91.0,13.468538389486927,13.467264278537712,1781.546,3.5161808117996234
202301,514.0,230.0,97.0,12.032326217005883,11.822085231598239,2838.28,20.656971435937876
202406,80.0,30.0,20.0,13.076792625361868,12.249050714051505,945.479,-4.347155980963951
202404,114.0,10.0,46.0,10.862876087313007,10.862895243483688,561.346,-6.227889159480919
202308,259.0,40.0,50.0,11.706022094932141,11.076836187318255,601.669,21.956277008431982
202208,7.0,1.0,1.0,12.12428216138478,10.768421830133452,1498.706,-6.2918148135823255
202208,239.0,93.0,72.0,14.283254761629344,14.162891647521999,2173.688,2.894436407232133
202303,223.0,87.0,15.0,11.610151989231213,10.757349536135969,484.99,-6.1273558251941695
202211,34.0,0.0,4.0,13.168265565859672,12.538493830568166,3248.078,-2.33857149424417
202401,279.0,25.0,28.0,13.421787738549803,13.38330201075791,795.289,-5.947218290822283
202212,43.0,21.0,6.0,13.64711084107129,12.047944064333691,2748.758,-6.179574650020127
202301,223.0,87.0,15.0,12.891061638388656,11.925597871327744,630.258,-6.1273558251941695
202410,80.0,7.0,20.0,10.335302435967074,10.06339307004575,160.97,-6.271039005393656
202409,30.0,2.0,15.0,12.533496929746578,11.962088428344112,819.362,-5.009607141198153
202301,285.0,51.0,96.0,14.176350615760878,13.597116957749682,1661.099,20.513508983094447
202404,381.0,6.0,20.0,12.15378938760617,11.276620683378196,579.064,-5.772818296284798
202310,697.0,199.0,133.0,11.61202844301325,11.526611384074792,1063.322,6.421539117667766
202210,87.0,36.0,16.0,12.011789837336943,11.010398644018933,523.745,-6.023405607738274
202312,559.0,125.0,101.0,12.83040551008976,12.782011625184579,668.696,3.1271340288944938
202402,139.0,59.0,32.0,10.964121023246456,10.226838364267364,624.472,-2.9776156490408296
202303,33.0,8.0,14.0,12.02207768938419,11.866977973328627,261.264,-4.3263801727752815
202310,102.0,2.0,2.0,12.044705993082609,11.850860916284793,410.698,-6.2918148135823255
202212,295.0,29.0,112.0,13.713192077289305,13.54702700880596,2449.649,14.357324774990603
202301,251.0,22.0,88.0,15.0550866751486,14.738484904641457,4489.167,41.19067926259531
202301,216.0,46.0,87.0,15.9760953553386,13.437508367945716,6369.796,-5.2070245063548795
202407,265.0,60.0,66.0,9.806866513931702,9.21512888870798,372.497,-4.574499845833286
202407,130.0,38.0,45.0,12.199984148189616,11.933673196609549,987.63,-3.1212988292403168
202409,265.0,23.0,48.0,12.212452252494213,12.060590121785896,778.259,-4.085509668203354
202211,197.0,48.0,39.0,13.93898580663762,13.398195009938535,1234.857,-5.271170887812346
202312,95.0,23.0,44.0,13.60659899967554,13.018497300072628,1795.599,-4.3420738835623
202401,34.0,15.0,9.0,10.785704304076532,10.7857249970854,102.796,-6.194456120449732
202306,145.0,58.0,16.0,10.479567066502216,10.454754298299642,146.49,-5.255339015815672
202403,520.0,252.0,89.0,12.11551863718932,12.098493002763465,1209.673,3.9417094614925983
202303,20.0,3.0,4.0,10.758604761975464,10.523122737159394,657.026,-6.20711335129225
202301,583.0,282.0,97.0,12.476118866530603,12.347858625115851,1334.683,29.348991490363325
202404,4.0,1.0,3.0,11.582628750719866,11.582638077381528,259.362,-6.2918148135823255
202405,115.0,7.0,6.0,12.681542557393529,12.677481536932373,1140.664,-6.2918148135823255
202408,174.0,66.0,91.0,13.571727979669166,13.540847370859757,2754.21,3.5161808117996234
202212,5.0,0.0,0.0,11.161877516896627,0.6931471805599453,144.925,-6.2918148135823255
202408,54.0,22.0,10.0,11.18925691026404,11.18927073205963,396.696,-6.237605966362469
202307,294.0,43.0,67.0,11.939081694435687,11.87149461376966,564.89,-6.2918148135823255
202210,528.0,337.0,78.0,12.74655512498274,12.705902031673151,861.695,-1.834163689971951
202207,285.0,89.0,102.0,12.890201785519281,12.723505394096248,2131.987,7.814416221925754
202212,53.0,10.0,35.0,13.047241044807112,12.894541399298202,683.571,-6.258381774551138
202306,181.0,123.0,25.0,12.728811029759775,12.52553314241721,1154.33,-5.999504516991357
202208,33.0,8.0,4.0,11.105919169843235,11.105934192866018,100.831,14.127102928910608
202403,685.0,215.0,212.0,15.124821007686513,14.52479040444871,4339.912,13.649171752587796
202210,195.0,1.0,3.0,9.739320206322216,9.539068413863964,69.315,-6.208711580827649
202301,20.0,5.0,4.0,9.335385860950407,9.335474102732949,297.458,-0.45783831572720146
202210,200.0,87.0,30.0,8.261268150577648,8.261526448396468,219.702,-5.265276550053281
202208,333.0,109.0,49.0,12.356869134916272,12.241864409628231,1232.169,-0.39599716656381734
202309,386.0,134.0,107.0,13.892078929423162,13.799490926109192,3091.64,1.6000110820204414
202312,50.0,6.0,22.0,13.89479205291198,13.660880429886737,5118.853,1.740348252305619
202308,128.0,6.0,6.0,11.994307859815821,9.212138753917563,287.404,-6.2294873890163185
202309,58.0,2.0,14.0,12.476172299197822,10.21833478806055,1018.658,-6.271039005393656
202410,14.0,0.0,0.0,8.411832675758411,8.412054873292933,8.583,-6.27185124575107
202303,247.0,96.0,60.0,9.401869409521051,9.40195197567723,556.274,-3.119074589653231
202303,287.0,53.0,143.0,14.119413852128536,13.931695873500903,2627.145,-5.051076191429087
202308,2.0,0.0,0.0,10.333580230469023,0.6931471805599453,333.293,-6.2918148135823255
202303,284.0,88.0,103.0,13.407237009877814,13.099694365951382,1847.353,7.814416221925754
202307,1518.0,221.0,858.0,15.465157541119208,15.24416157540836,13865.241,-0.20718329967289417
202410,529.0,42.0,115.0,13.562054695592042,12.692816620029685,2108.89,-6.256157534964052
202303,193.0,48.0,30.0,11.539226539389599,11.422519241094212,230.46,-2.2694811765947094
202308,2.0,0.0,0.0,10.070695471520034,0.6931471805599453,105.264,-6.2918148135823255
202307,200.0,62.0,73.0,13.104962862724161,12.966207688889856,2686.909,8.630543388402591
202409,4.0,1.0,0.0,12.605543155215665,12.605546508585382,583.624,-5.303653525276463
202211,284.0,104.0,24.0,11.926894313569614,11.830593432912266,248.857,-3.2935744731806067
202207,55.0,22.0,20.0,10.84556298338401,10.842380909619711,191.338,-6.2918148135823255
202406,12.0,0.0,0.0,13.671739489773296,0.6931471805599453,4466.878,-6.2918148135823255
202310,117.0,54.0,51.0,12.944123877667206,12.831700867859167,1483.543,-4.292947133744094
202408,215.0,28.0,83.0,15.337136190953798,14.067493429453899,11648.932,7.781762215701484
202207,374.0,37.0,179.0,14.469219681753525,13.65970551042509,5012.996,-3.33916928603649
202403,2.0,0.0,0.0,12.93087109778388,12.81520486445167,0.146,-6.227889159480919
202303,529.0,187.0,97.0,12.921844448202874,12.585936144702607,1010.772,13.453410942262527
202403,83.0,12.0,31.0,13.040567467102147,12.697357587689217,539.773,-5.319485397273138
202211,268.0,89.0,78.0,12.910441625512158,12.828531768586906,659.715,-2.7010878658506288
202211,332.0,118.0,130.0,13.15241138035604,12.992958316892642,1836.788,13.042065419641522
202406,141.0,43.0,60.0,13.495783141052257,13.381363528042524,4142.605,11.284530493842547
202308,174.0,20.0,54.0,14.988299768789952,12.894882935359945,8081.424,-4.3263801727752815
202403,360.0,61.0,127.0,12.121472903664023,12.042829924746906,900.538,-3.269349294176019
202404,108.0,12.0,9.0,10.257554097558293,9.929204031040765,272.725,-3.3646623698514615
202308,91.0,1.0,0.0,10.936013456076378,0.6931471805599453,135.052,-6.2918148135823255
202405,97.0,21.0,24.0,12.40096897410628,12.40097308869765,811.756,-6.115648995918721
202212,160.0,38.0,59.0,15.162809900459957,13.347685354225789,1934.047,18.7357274186638
202308,163.0,9.0,23.0,12.588600017018685,10.479567066502216,621.384,-6.256157534964052
202406,51.0,12.0,9.0,9.286004275897172,9.28609698437543,134.976,-3.3748265646547635
202211,46.0,15.0,16.0,12.753274556286833,12.101245321034007,530.491,-4.283230326862545
202303,39.0,6.0,10.0,13.466052367645544,13.069903086551738,3129.884,-6.213007689051315
202312,114.0,29.0,25.0,12.633286199020331,12.633289460636167,656.591,-3.3747544558139424
202406,104.0,26.0,14.0,12.139216774744108,10.990937776498045,774.426,-3.3748265646547635
202210,483.0,36.0,180.0,13.670361078840646,13.199161442297587,2568.31,-6.2918148135823255
202310,261.0,62.0,95.0,13.622440239656207,13.305263100361344,1891.811,-4.347155980963951
202212,138.0,53.0,59.0,14.381763130783165,14.35654273530066,3114.881,-4.1700397617332765
202306,170.0,30.0,51.0,12.785465850359962,12.679651127369386,958.357,-3.3540507564660946
202306,55.0,8.0,19.0,12.146916944321413,12.146922249009432,400.066,-1.3069511333134747
202208,210.0,42.0,53.0,14.168104987918104,13.58524797637998,2341.249,0.6132617929442521
202301,103.0,27.0,13.0,13.251771029084658,13.03593364940594,743.275,-3.3748265646547635
202404,232.0,122.0,16.0,11.379085453299176,11.379096885332878,259.633,-0.32704658356342
202407,75.0,21.0,33.0,12.524802702103676,12.51136008011695,886.566,-6.276933343152721
202303,106.0,27.0,16.0,10.902776619909453,10.594983370346842,180.267,-3.359945094225159
202307,280.0,7.0,5.0,9.510370887608827,9.482197894080992,112.46,-6.2768612343119
202310,98.0,2.0,16.0,11.377037010943443,11.377048466418875,187.527,-6.270900844183999
202211,88.0,18.0,13.0,9.785829509067895,9.747243015452291,177.962,-6.2918148135823255
202303,311.0,135.0,30.0,12.197743050574738,11.685970796983787,542.481,-2.855830047357235
202407,97.0,21.0,24.0,12.224452692811603,12.224457601738733,1089.801,-6.115648995918721
202207,28.0,12.0,6.0,11.877936566397862,11.859326815812183,1107.299,-2.1489694129311294
202307,21.0,7.0,5.0,12.413895430985818,12.241782394764197,865.139,-6.227889159480919
202402,486.0,36.0,184.0,14.480991534188865,13.770015160086423,2492.198,-6.2918148135823255
202212,20.0,1.0,10.0,13.523031665812892,13.242272152075728,3960.055,-5.999738734184544
202405,88.0,26.0,9.0,8.633908991112198,8.634086942887738,83.095,1.0334876178795147
202308,149.0,42.0,25.0,11.173823774362912,7.668561108015897,401.879,-6.045651941558269
202303,374.0,64.0,90.0,14.264706705216412,12.619449704776066,1694.009,-3.1128033205812407
202309,43.0,0.0,0.0,9.825850282808975,0.6931471805599453,0.0,-6.2918148135823255
202306,581.0,248.0,165.0,12.217882632289532,12.149380593514877,1304.337,8.059934435594464
202301,164.0,40.0,26.0,13.059836697822362,10.631784671878874,2445.003,-3.2418931590503
202211,14.0,1.0,1.0,13.354166922494272,12.509132127251252,1306.929,-5.319485397273138
202306,336.0,21.0,36.0,13.923955910616021,12.908283625476505,3362.542,-3.77172637685948
202403,262.0,91.0,78.0,12.853730707469683,12.501220529327469,707.936,-5.112826964539315
202212,305.0,143.0,77.0,13.24297263774486,12.897090059746994,682.258,-3.2144555934356545
202311,153.0,5.0,35.0,11.594413281816497,11.594422499213412,241.349,-6.2918148135823255
202210,116.0,34.0,26.0,12.987196362163838,12.882188106281525,798.471,-5.255559743171732
202404,300.0,100.0,75.0,13.608191141996949,13.584498632021198,1379.596,-3.2603621615054794
202301,324.0,22.0,21.0,12.118240932156642,12.118246391163593,279.462,-6.2918148135823255
202207,11.0,0.0,0.0,14.700742727518758,12.414528864092507,5114.307,-6.227889159480919
202401,194.0,62.0,54.0,13.234745185993601,13.062148296714478,779.42,0.38078647207735816
202303,57.0,10.0,20.0,12.696185227698622,11.845870058196093,1959.051,-6.276933343152721
202301,7.0,0.0,0.0,14.651461571394893,14.150922232388165,1551.001,-5.319485397273138
202405,96.0,9.0,51.0,12.247512049414036,11.808865843548956,475.864,-6.2918148135823255
202408,15.0,1.0,6.0,12.031683543461911,11.347968271202978,1193.594,-6.2918148135823255
202312,522.0,187.0,169.0,14.256347957901626,13.94830918217959,3277.599,22.66765500065197
202208,163.0,32.0,17.0,12.221591601187844,12.162904150128796,1350.856,0.698045821380731
202303,367.0,74.0,205.0,14.337508735661444,13.7649349007504,3442.422,23.870881954500845
202301,37.0,6.0,8.0,14.155037410207571,13.852182834301487,1422.87,7.5408917111295555
202306,73.0,18.0,16.0,11.701966065018876,11.65620295967385,243.564,-4.347155980963951
202301,170.0,48.0,68.0,12.851564642586386,12.57105250796738,1333.868,7.184917505250491
202403,293.0,119.0,45.0,10.469624886033191,10.469653271335284,696.793,12.17526703664698
202407,460.0,57.0,158.0,13.907536258859194,13.848192633047201,3213.983,-6.2867327161806745
202407,148.0,23.0,41.0,13.168200614544482,12.447476458835892,1497.155,23.408659350510625
202303,92.0,10.0,27.0,12.050541012625983,11.829238725096141,558.637,-5.319485397273138
202207,124.0,26.0,26.0,11.134866358052516,10.731493369542711,301.018,1.0334876178795147
202301,193.0,47.0,30.0,12.265006426916552,12.120471183234448,378.914,-2.2694811765947094
202301,443.0,174.0,108.0,13.357258408805352,13.34544772696615,1937.489,30.4857922281044
202402,176.0,5.0,14.0,13.119250537541532,13.095551119953171,1879.421,-6.163963505379513
202211,77.0,11.0,42.0,13.069650127989217,12.770223847195918,1091.472,-5.155260626078169
202301,302.0,72.0,99.0,14.897473343012798,14.55520634465949,3526.52,23.099900336261015
202303,163.0,5.0,5.0,9.667385400057526,8.66888370465667,126.427,-6.2620518727231165
202312,72.0,15.0,20.0,11.8652429288675,11.862060051734975,520.238,-6.222586334723208
202207,81.0,7.0,18.0,14.070293076572836,14.068029593747479,1081.336,-6.00779446309766
202303,332.0,78.0,74.0,14.464146656012174,14.055569435073558,2311.255,7.535137108019555
202308,42.0,15.0,17.0,12.58770943410576,8.851377097519439,1071.091,-4.1112294125840165
202401,187.0,34.0,98.0,14.088518743617092,13.98969157025336,4215.027,-5.623970452537256
202405,101.0,10.0,50.0,12.815131445707832,12.791041455115591,752.491,20.75215524807929
202208,341.0,165.0,50.0,9.889337916931686,9.703388915639492,590.009,0.46426345494332466
202308,2.0,1.0,0.0,3.58351893845611,3.6109179126442243,11.255,-6.2918148135823255
202405,38.0,10.0,13.0,12.899117320836636,12.738860328046927,1520.23,-5.119603347459895
202407,110.0,21.0,32.0,13.184622427520726,12.783550804330917,1905.975,-3.228202960494307
202403,259.0,66.0,97.0,12.990960004652836,12.83115509517599,937.292,-6.121565151594428
202406,219.0,43.0,84.0,13.184857309794111,13.038026964959363,1771.038,4.864773966773923
202312,221.0,7.0,10.0,14.660744718959393,11.96324920938662,1659.527,-4.211282151398518
202311,84.0,11.0,23.0,12.045581071322868,11.617789857579364,341.279,-4.938106353655879
202312,63.0,9.0,25.0,14.043177463469267,13.422245722937427,1402.842,0.8143433230633255
202303,23.0,6.0,7.0,14.016648144415862,10.028621283292894,1975.015,-6.2918148135823255
202404,12.0,1.0,2.0,12.747815371930885,12.40104303416079,3263.119,-6.194456120449732
202407,27.0,10.0,3.0,12.686976031019745,12.140877909130456,2186.86,-6.258381774551138
202408,29.0,11.0,2.0,12.735909406976472,12.587849386624537,3140.336,-5.031079416047335
202211,82.0,14.0,33.0,13.919232531945585,13.715352043959124,2713.615,2.9364608091749673
202404,25.0,2.0,3.0,13.10321113855972,11.588005107756247,2049.371,-6.258381774551138
202409,275.0,22.0,39.0,11.11463952485509,10.506682672896412,608.183,-4.237091350197655
202312,310.0,47.0,113.0,13.098373917544123,13.022673420362837,1392.576,11.029000819636481
202307,85.0,13.0,16.0,12.031576391037484,12.031582344251179,467.002,32.89616510643222
202311,154.0,37.0,42.0,13.954204103720011,13.38875030931595,1239.746,-4.347155980963951
202410,185.0,24.0,35.0,9.663833449094929,9.6638969875516,225.713,-6.276933343152721
202301,74.0,11.0,21.0,11.633752751079431,11.633761612910197,186.191,-6.2918148135823255
202410,21.0,4.0,3.0,8.394121193826242,8.394347361417392,25.113,-6.2918148135823255
202310,14.0,5.0,2.0,11.360764471071127,11.063649525214753,363.314,-3.296019440123753
202401,35.0,0.0,8.0,14.63864510851283,12.681940297736478,1258.175,-0.3888305642241443
202210,127.0,26.0,51.0,12.826546977499929,12.297575586991545,600.161,-6.174409986472073
202301,124.0,36.0,51.0,14.809017113329592,12.342354626814949,1917.833,9.747246737318589
202312,29.0,11.0,7.0,11.792933164610314,11.787507100189481,237.474,-3.0908062141700983
202404,124.0,35.0,52.0,14.388864120501038,12.129240196125775,1486.579,9.747246737318589
202211,410.0,157.0,65.0,12.300755355789379,11.759152530091415,1727.709,44.105703105729155
202307,32.0,12.0,9.0,8.939974177289633,7.946617563244473,111.876,-6.0717201171990665
202405,2.0,0.0,0.0,12.658745714402889,12.658748894027852,714.64,-6.163963505379513
202210,110.0,3.0,21.0,11.473976714831654,11.473987111949572,189.544,-6.2918148135823255
202402,44.0,14.0,15.0,13.09877944999535,12.435615676424952,717.167,-4.283230326862545
202306,8.0,2.0,1.0,12.77588767251818,0.6931471805599453,2416.041,-6.2918148135823255
202303,187.0,73.0,56.0,12.844990647260982,12.682244710796285,610.213,-5.319485397273138
202301,68.0,3.0,14.0,13.355983061907487,12.130184628497716,1197.425,-4.3313241089672765
202409,291.0,92.0,141.0,14.893538774087382,14.265971338668407,5868.319,1.9735551240806455
202210,27.0,10.0,3.0,12.744692408639487,12.101989091986852,1455.113,-6.258381774551138
202403,230.0,112.0,39.0,13.878754804389564,13.710688786046862,1231.093,4.736143625764191
202309,493.0,130.0,89.0,12.368029917327789,11.624108993930843,1052.348,-3.7476370464032756
202403,125.0,27.0,58.0,13.460823636598494,13.311849209382302,1008.53,-6.2867327161806745
202210,188.0,86.0,37.0,12.840345234576986,12.77635138163385,855.843,1.8099026961195293
202403,495.0,16.0,11.0,12.874078925533711,12.619396790348606,1628.796,-1.5809287119617998
202311,75.0,7.0,36.0,12.929433753496129,12.552541180830621,918.531,10.677974656440375
202211,328.0,87.0,99.0,13.235465251277278,13.064763925144762,1779.071,24.77695652346238
202405,32.0,5.0,2.0,14.273704729250513,13.79211295648493,12080.989,-4.155379018659732
202307,482.0,11.0,19.0,9.618734519590227,9.414341877762027,111.095,-6.241276064534448
202208,48.0,11.0,14.0,11.496491158506803,11.316350813698163,752.188,1.5507461709925794
202405,167.0,41.0,44.0,5.968707559985366,5.971261839790462,287.32,-4.2193046727611385
202410,150.0,20.0,20.0,12.438152152006305,11.72526688275035,1114.554,6.152179510256646
202303,481.0,230.0,78.0,13.047885490686804,13.03225703412555,1371.536,24.087097013258962
202308,38.0,3.0,6.0,11.701046836940053,9.163667963777751,141.815,-6.0717201171990665
202310,263.0,37.0,131.0,13.47116924118436,13.077516627745455,2140.179,-5.2860523582419505
202210,264.0,48.0,63.0,13.687843081783907,13.261258857552964,2604.199,-1.0660806287415472
202301,171.0,8.0,41.0,11.833587664716601,11.833594921373676,275.11,-6.271039005393656
202404,17.0,5.0,5.0,12.72302844133832,12.02453278313353,601.785,-4.347155980963951
202210,6.0,3.0,1.0,10.797798488802224,10.797818933055856,154.01,-6.27185124575107
202312,159.0,25.0,27.0,12.43587398450845,12.43587795795786,516.139,-6.1833971191426125
202301,13.0,6.0,4.0,13.314097166507015,12.568738110414934,1301.468,-6.2918148135823255
202405,63.0,15.0,2.0,8.653645314551737,8.653819788948063,182.195,-6.271039005393656
202407,301.0,141.0,76.0,12.100539892818176,11.757102258612253,686.836,-2.242126177126467
202307,55.0,8.0,19.0,11.85696896708776,11.856976056043521,445.715,-1.3069511333134747
202303,165.0,32.0,18.0,13.00397841062375,12.969953182054843,1001.555,0.6772700131920617
202307,879.0,406.0,170.0,13.056971158637277,13.051756346720232,2485.499,17.542034634927298
202404,14.0,4.0,3.0,12.235301296190304,11.807823936467226,679.099,-6.163963505379513
202312,548.0,29.0,61.0,13.047939355312087,12.787287765049253,696.272,-6.224493790970703
202408,142.0,20.0,34.0,12.137060130993156,12.135934475582108,942.399,-6.2168301581738
202406,43.0,20.0,7.0,13.47769381790325,12.152988274437718,3110.427,-6.179574650020127
202303,71.0,7.0,47.0,12.272042953671361,12.272047634453706,578.577,4.403808765818736
202303,125.0,38.0,40.0,12.478101594574195,12.377699719658668,457.543,-0.37903953233485055
202401,184.0,13.0,47.0,15.399139670102214,13.248821563780432,6403.69,-6.240325662967377
202401,232.0,57.0,78.0,13.158639374518598,13.153943436500116,960.768,-6.260874810590354
202408,559.0,125.0,101.0,11.661604057341592,11.618806844954676,899.401,3.1271340288944938
202312,264.0,19.0,58.0,12.168791250682942,12.168796440594791,795.609,-6.250263197204988
202309,231.0,22.0,34.0,12.260451923368892,12.048652460022783,786.561,-6.194456120449732
202301,180.0,39.0,81.0,14.195044336588984,14.054481788100562,2047.275,23.917530529825406
202310,35.0,2.0,14.0,13.144895609271375,12.500393879891444,2097.417,-6.143187697190844
202410,3.0,0.0,1.0,11.168447265985703,0.6931471805599453,267.571,-6.2918148135823255
202307,105.0,15.0,51.0,13.019278049321004,12.272857080214742,1867.922,-5.319485397273138
202404,221.0,41.0,51.0,12.08281967703076,12.081359401356533,513.199,1.238768548433999
202301,61.0,7.0,5.0,10.650625635664678,10.650649321402312,80.183,-6.276933343152721
202402,302.0,59.0,61.0,12.160573061458807,12.13992750113102,554.169,3.2472853305529483
202405,106.0,14.0,23.0,13.163868018868131,12.723329544241766,1164.691,11.274040334084452
202408,897.0,360.0,148.0,11.42779232299237,11.299348507525231,2171.219,56.309840697210454
202403,34.0,8.0,5.0,11.759605839256022,11.759613653129554,132.91,14.127102928910608
202407,254.0,57.0,30.0,12.326150823109943,12.274735462555142,708.889,26.84236999633857
202401,555.0,86.0,169.0,15.361190444595062,15.018246798059701,6048.4,-3.197489618068028
202409,106.0,33.0,22.0,11.47985460265934,11.457455037444154,603.067,-2.3310444298993724
202404,70.0,18.0,45.0,12.870604278843675,12.647419565526105,1160.63,-6.2918148135823255
202212,89.0,31.0,9.0,14.043007021594311,13.126160160492628,4203.676,-4.870834689640164
202303,46.0,25.0,8.0,13.074485297159866,11.347838535097829,591.94,-2.402497148345576
202401,259.0,37.0,35.0,13.155778810943733,13.047249668898079,2049.687,0.17982885910427182
202303,6.0,1.0,2.0,12.644427571461662,12.644430796940364,1646.453,-6.148131633382839
202208,134.0,52.0,56.0,13.900382815334702,13.845014989795736,5103.07,-4.1700397617332765
202303,85.0,9.0,18.0,10.669373911736379,10.222740963825228,394.945,-6.243500304121533
202303,376.0,67.0,157.0,14.83572409248202,14.653390782733863,4402.856,-3.2279822331382464
202303,215.0,35.0,80.0,11.002066507315336,0.6931471805599453,689.461,8.768923743844367
202311,100.0,13.0,31.0,13.043030084703142,13.022076635028697,1028.066,19.86912879598958
202211,162.0,17.0,20.0,11.040502912487183,10.8408546100122,91.533,-6.276933343152721
202307,70.0,21.0,34.0,12.762317042422413,12.42505555335892,1278.76,-4.165095825541282
202306,523.0,119.0,139.0,14.367824322325948,13.885426469984877,4010.988,54.1812757726037
202210,108.0,13.0,30.0,12.528706717743809,12.059241777065127,1095.751,10.132691126652565
202208,9.0,1.0,2.0,11.488284351053778,11.311543405437531,879.386,-6.276933343152721
202301,74.0,11.0,21.0,11.565109862207676,11.565119353700926,178.356,-6.2918148135823255
202211,193.0,54.0,66.0,11.60564137346997,11.417229210648728,783.135,-2.217969354527434
202406,581.0,123.0,261.0,14.088689212475357,14.040127423418001,2759.988,35.35737684388795
202312,42.0,27.0,9.0,12.588845555550712,12.51535352529819,1154.146,-6.227889159480919
202405,182.0,20.0,27.0,12.285064031527924,11.734379590007174,608.598,-6.222807062079268
202301,574.0,222.0,201.0,15.741056033233438,15.569362877603224,6776.979,29.324729285806562
202301,38.0,10.0,16.0,14.042769628897881,13.689002444275824,2375.966,-2.617183782372393
202210,171.0,47.0,29.0,10.592199913805961,10.30293458831873,407.314,-0.31870727886120864
202401,353.0,153.0,65.0,13.268574047185925,13.261772213966706,1316.156,6.519509770009908
202303,73.0,14.0,40.0,12.781812032521616,12.304940126991335,830.618,-6.275982941585651
202402,671.0,265.0,60.0,7.2909747781429814,0.6931471805599453,849.331,10.48406383060223
202410,92.0,37.0,23.0,11.799622051990717,10.73035673255396,681.38,-5.255559743171732
202208,33.0,5.0,12.0,12.821171794393749,12.297657713895909,1402.34,-4.313722941932763
202210,105.0,36.0,45.0,11.204006136634614,11.20401975606682,712.195,-5.099390700889879
202308,5.0,0.0,1.0,12.450139764279806,0.6931471805599453,568.951,-6.276933343152721
202406,56.0,18.0,10.0,12.520715488064564,12.469716859743162,925.168,-6.1222737277925185
202303,71.0,22.0,33.0,13.574162301995218,12.9881323114941,1017.372,-4.165095825541282
202303,227.0,74.0,41.0,10.664386835146892,10.636840537810377,390.033,-2.8305867621847476
202408,78.0,28.0,24.0,13.694826568607601,13.280300024262594,5645.652,-2.108279395507113
202207,142.0,30.0,64.0,12.399247590644666,11.826735704476679,513.942,-6.276933343152721
202303,342.0,156.0,57.0,12.447319341622201,12.425902713316036,650.676,2.918688273380301
202303,73.0,14.0,40.0,13.061802003587697,12.556902037472122,876.362,-6.275982941585651
202406,375.0,141.0,71.0,11.277076541158465,11.234731570390755,583.584,-1.1104901029334506
202410,81.0,14.0,16.0,12.058598792668654,9.950466553730122,469.377,-6.27185124575107
202410,18.0,6.0,11.0,10.296745117536547,10.296778859712584,236.369,-6.2918148135823255
202408,125.0,19.0,23.0,11.388585982714599,11.33514956102412,548.059,-2.302198031252013
202210,234.0,80.0,50.0,12.728561982955478,12.669407210923266,563.859,-5.298709589084469
202309,27.0,2.0,2.0,9.062420241899561,9.062536177207788,38.72,-6.2867327161806745
202410,82.0,39.0,21.0,10.224664844121703,9.07566546864958,241.37,-4.249797287831357
202406,314.0,96.0,88.0,11.813178194595862,11.813185600878612,425.736,17.382996047448003
202407,532.0,75.0,50.0,10.261965869419956,10.241458665281076,358.892,9.670785340324755
202208,173.0,37.0,46.0,11.734996441281465,11.596098652190982,851.115,3.521588874156066
202310,6.0,2.0,4.0,13.021218408275878,13.021220621147489,1428.523,-6.2918148135823255
202210,194.0,55.0,27.0,12.0477507783841,11.991294010547591,669.768,-1.1045957651743858
202210,64.0,17.0,29.0,12.497072956533996,12.398257895761018,1178.332,-5.958220325357702
202310,650.0,99.0,168.0,12.703317466246714,12.597807253606726,1637.166,124.91063733626005
202401,383.0,109.0,70.0,12.669319121550249,12.663737969981153,636.43,16.10836944171433
202310,325.0,36.0,94.0,12.798672707427823,12.368480568866993,1403.307,1.7233822769379934
202301,302.0,72.0,99.0,14.786612528995583,14.424655284726963,3800.588,23.099900336261015
202301,163.0,45.0,71.0,13.608899587284425,12.884796305424395,1029.512,-5.2050209941238545
202405,18.0,6.0,3.0,12.572283973271675,12.311256645610042,757.9,-1.4301677320363888
202401,25.0,13.0,11.0,13.348971320776421,13.342642028809005,1624.614,-6.2918148135823255
202303,501.0,170.0,263.0,14.819949886615111,14.51862638604132,5403.072,-4.777110945824491
202312,253.0,79.0,68.0,12.432714072139524,12.414910354507114,720.669,5.9703627536423625
202301,103.0,27.0,13.0,13.744571866024563,13.540443250405302,807.454,-3.3748265646547635
202303,69.0,23.0,19.0,11.902423779556313,9.326344047732489,661.881,-6.0851563808485025
202307,65.0,14.0,33.0,12.818744316437984,12.788008896754118,1895.308,4.409216828175177
202311,88.0,26.0,9.0,9.262078567380597,9.2621735206162,79.523,1.0334876178795147
202210,56.0,19.0,17.0,13.354043190940823,13.12583733621583,1799.974,-2.118476797860911
202311,209.0,27.0,48.0,13.27824341816745,13.235684919828678,2264.232,-6.076321619128469
202402,153.0,45.0,55.0,12.624579012219845,12.624582302359133,833.589,-4.3313241089672765
202303,166.0,15.0,8.0,13.638029666223899,12.751331579563182,2005.499,-6.20711335129225
202410,51.0,0.0,0.0,9.546884034617925,0.6931471805599453,0.0,-6.276933343152721
202309,133.0,14.0,23.0,12.000369865898307,11.619508233372756,414.045,-6.2620518727231165
202311,86.0,22.0,34.0,11.283889587951181,11.278278502397589,250.869,-6.276933343152721
202210,195.0,63.0,53.0,12.159986821334819,12.048435896418084,572.931,0.38078647207735816
202303,124.0,17.0,24.0,12.430075827256266,12.316799735334705,337.283,-1.3298686149428258
202312,38.0,3.0,19.0,12.045434299567361,11.07736190903803,561.065,-6.094955753876456
202409,312.0,50.0,92.0,13.817953571375414,11.89646529455123,2613.392,-6.275982941585651
202211,142.0,19.0,31.0,12.078011975462656,12.033984547821637,401.888,-6.2168301581738
202303,3.0,1.0,1.0,11.844765561203655,11.758581693565835,465.042,-6.2918148135823255
202401,176.0,5.0,14.0,13.283745561051285,13.265585413700876,1848.565,-6.163963505379513
202210,182.0,51.0,50.0,10.934409692234288,10.884816680589505,420.294,-4.5469611445611635
202311,180.0,31.0,89.0,11.84109907734816,11.841106279701888,645.219,-3.0338369711504742
202401,98.0,46.0,27.0,10.420106363342882,9.987047145635058,237.351,-4.387617461125155
202310,102.0,15.0,16.0,10.58037831057655,10.580403719985656,110.264,-5.271170887812346
202211,268.0,93.0,54.0,11.520457031385575,11.486252893554393,493.501,4.653666403061202
202406,67.0,28.0,14.0,9.605148899895818,9.60521627853008,156.097,-3.906966588197433
202211,37.0,7.0,7.0,10.174735318524483,10.159291886089886,48.269,-6.2918148135823255
202309,83.0,9.0,16.0,9.924025203753676,9.8567103609772,146.402,-3.3109009105533573
202404,72.0,11.0,42.0,12.88530597586123,12.877447009244477,1651.147,2.07103552411977
202208,14.0,7.0,2.0,12.855829431886736,12.672739463809213,1851.791,-6.143187697190844
202403,263.0,43.0,106.0,13.347709301713737,13.108262424625204,1142.962,11.697191721435113
202210,22.0,1.0,19.0,12.712016372204557,12.712019386881511,1187.979,-5.319485397273138
202303,6.0,2.0,4.0,13.262448745732545,13.262450484299078,1472.321,-6.2918148135823255
202210,907.0,395.0,172.0,11.672310990481126,11.074653033885946,1779.602,21.00997528848415
202409,272.0,34.0,56.0,12.646125958402708,12.522309375462154,1117.879,-6.256157534964052
202406,363.0,70.0,105.0,10.137491911183083,10.111355016297821,298.533,1.2817470255865828
202409,2.0,1.0,1.0,9.289521169850625,9.28961355287069,31.226,-6.2918148135823255
202301,95.0,17.0,14.0,11.762812207926606,11.707052067213946,619.263,-6.2918148135823255
202404,239.0,104.0,79.0,10.83852152722742,10.54510456855174,1069.81,-5.304603926843534
202306,18.0,6.0,3.0,12.427486702130224,12.134914932463712,918.659,-1.4301677320363888
202303,231.0,8.0,13.0,9.976459164991951,9.849506438669614,116.482,-6.2918148135823255
202301,45.0,9.0,33.0,13.707469786962333,13.70747090105488,1040.642,-5.298709589084469
202312,265.0,113.0,71.0,14.657711163679313,13.485363475314228,1872.864,-1.0822217274503174
202208,37.0,5.0,9.0,12.393808684192283,11.41801020717394,735.721,0.5303229725786602
202408,28.0,0.0,0.0,14.909831652615143,14.43004787883355,16362.738,-6.100037851278107
202307,181.0,121.0,20.0,11.403757710969447,11.385342062215551,1252.236,-5.972186543075295
202404,4.0,0.0,1.0,11.778722292983453,11.012891402282436,1617.945,-6.227889159480919
202406,83.0,11.0,32.0,12.445947445616078,12.208469770129895,547.848,-5.319485397273138
202301,55.0,16.0,2.0,11.20773094076715,11.207744509564344,302.19,2.492582972231549
202210,33.0,8.0,4.0,11.342433659929851,11.34244551873887,151.754,14.127102928910608
202308,38.0,3.0,13.0,12.715981849511797,11.671159226235092,2213.601,-2.9934475210375044
202405,121.0,59.0,42.0,12.626203024280182,12.626206309080588,696.126,-2.423231939076997
202208,66.0,20.0,23.0,14.919392603706582,14.641571502955712,11321.501,-5.158201050039138
202410,56.0,3.0,10.0,11.402630573054733,10.899088416123256,201.875,-6.271039005393656
202212,78.0,21.0,27.0,13.667339961741016,11.77394266871252,728.656,-2.3817213401569073
202303,55.0,15.0,19.0,12.174695491087846,12.164599397323599,605.059,-6.160479637513261
202212,379.0,25.0,76.0,14.18786621439581,13.99966626500914,2813.887,31.615290969072568
202310,335.0,44.0,65.0,11.786997844262174,11.340475027971538,692.44,-5.0525165420414595
202303,115.0,15.0,62.0,13.723508201275877,13.655465037654716,1663.024,4.752514633444225
202408,265.0,60.0,66.0,10.09872533459663,9.103089181229207,466.497,-4.574499845833286
202311,56.0,4.0,4.0,9.45688790106941,9.322954516345318,63.447,-6.2918148135823255
202303,226.0,13.0,91.0,12.307631443809528,12.193098848606411,643.458,7.807344037147072
202310,17.0,7.0,9.0,10.170647989267112,10.17068626604651,256.674,-6.2918148135823255
202406,85.0,31.0,21.0,14.192199577430669,13.905208655818228,7511.481,0.6118497937145797
202408,56.0,1.0,1.0,10.534280491349097,10.534307099477882,2459.798,-5.780409580771076
202303,164.0,52.0,29.0,14.015312603532049,12.962189930404806,1429.872,10.2431933260303
202303,68.0,12.0,26.0,12.032813897144962,12.032819842996096,408.486,6.026219188993528
202309,383.0,81.0,45.0,7.5740450053721995,7.5745584842024805,271.897,0.8011998168181842
202306,54.0,10.0,13.0,14.472081924539363,12.174323947215594,5536.479,-5.005702105929265
202303,249.0,80.0,43.0,11.309817356985697,11.258742641058852,273.683,-3.831843771579251
202402,28.0,1.0,7.0,16.0389226732933,15.961614106776082,5948.961,-4.075621492561652
202404,187.0,33.0,98.0,14.057347101549526,13.953615476058763,3620.285,-5.623970452537256
202402,34.0,8.0,5.0,11.735917004731267,11.735925005915442,142.767,14.127102928910608
202406,336.0,44.0,65.0,11.950231558801025,11.55826205335852,640.862,-5.0525165420414595
202405,216.0,40.0,74.0,11.869900363917958,11.80596068373326,577.266,-6.2425499025544635
202301,386.0,76.0,81.0,14.920106575034868,14.067575038219191,2604.916,-1.0280128802304604
202210,175.0,70.0,27.0,8.384118837190895,8.384347278082808,183.745,2.180537645072137
202406,84.0,9.0,13.0,11.16014293574684,10.918518937044894,270.934,-5.319485397273138
202406,188.0,28.0,46.0,12.980838982822311,12.694029767004556,1230.176,-4.264458030904901
202310,302.0,72.0,98.0,14.290111105173922,14.175907865304184,3244.091,23.099900336261015
202309,69.0,5.0,6.0,9.989206427938665,9.31533081916712,67.914,-5.319485397273138
202303,69.0,23.0,19.0,10.863297438323778,8.515591910049263,576.233,-6.0851563808485025
202408,341.0,184.0,41.0,12.124813781972101,11.118711821072,807.179,-1.2380980123278755
202306,418.0,190.0,96.0,12.741755746344424,12.69903567891082,859.522,-1.734922873252474
202312,67.0,20.0,10.0,10.37726530082638,10.134599273499514,70.385,-6.271039005393656
202404,217.0,46.0,87.0,14.731868487580611,13.205346987152208,4602.077,-5.2070245063548795
202301,75.0,7.0,36.0,13.65707973136331,13.057423709151344,1287.181,11.430209376366305
202207,96.0,21.0,25.0,11.501844294959412,11.449985665196355,338.84,-4.1062854763920225
202408,27.0,6.0,12.0,12.93364057629225,12.739282854585825,3349.577,-3.359945094225159
202303,28.0,12.0,9.0,12.490849251198236,12.417944913918056,314.467,-5.265276550053281
202306,38.0,14.0,9.0,11.353683513252122,11.321341140897088,267.35,-6.271039005393656
202405,3.0,0.0,0.0,12.326722678530336,11.766179122840509,976.625,-6.227889159480919
202303,215.0,34.0,54.0,12.255619666068695,11.995876167970165,961.743,19.52445699022602
202303,110.0,22.0,33.0,12.847752832407194,12.84775546443982,523.43,-6.235381726775383
202303,37.0,10.0,15.0,13.306470006674637,13.04867162631091,1524.971,-2.617183782372393
202306,84.0,13.0,18.0,10.767642529989754,10.76766360014283,111.076,-5.851625420815807
202207,64.0,19.0,13.0,11.595224087691346,11.430771363205453,417.264,-5.266088790410695
202404,27.0,10.0,3.0,12.838572391513475,12.32873708107804,1323.02,-6.258381774551138
202309,37.0,1.0,3.0,8.660773919893762,5.902633333401366,21.35,-6.2918148135823255
202211,309.0,17.0,32.0,13.514763509183057,13.411422001973357,2242.72,-2.4705601782119366
202210,1170.0,546.0,184.0,13.181477211496674,13.13467724952561,3079.557,34.580634525961734
202404,67.0,7.0,20.0,14.498933107198997,13.554911734188877,2182.438,6.412393252538516
202309,9.0,1.0,0.0,12.62807689160675,6.175867270105761,636.931,-6.2918148135823255
202210,235.0,29.0,55.0,11.667901518368703,11.273233236517111,555.733,-1.1951915652235252
202404,132.0,35.0,54.0,14.252458183130598,14.18411664193494,3818.083,5.881125920584308
202301,394.0,135.0,119.0,14.60245495619651,14.474640145633257,3403.071,3.5400494148997677
202410,2.0,0.0,0.0,5.966146739123692,0.6931471805599453,766.965,-6.2918148135823255
202408,375.0,141.0,71.0,11.222466206371152,11.128262484491326,914.372,-1.1104901029334506
202410,4.0,0.0,2.0,8.614138397472717,0.6931471805599453,34.228,-6.2918148135823255
202207,156.0,36.0,64.0,12.13631519611371,12.030694924410627,905.869,-3.278197545733179
202310,87.0,30.0,12.0,9.29053691397046,9.290629203204986,78.678,-5.287821653279789
202312,73.0,1.0,11.0,14.924721152322988,13.63304099021724,3319.585,2.526016011262737
202308,101.0,1.0,1.0,9.298992069570746,9.272657678041044,118.126,-5.298709589084469
202310,155.0,39.0,60.0,13.071711982218556,12.80995955860446,1157.698,-6.276933343152721
202208,290.0,77.0,112.0,14.207098488572488,12.987816612320762,2018.295,-5.216507096043242
202409,1.0,0.0,0.0,11.574838667973914,0.6931471805599453,370.415,-6.2918148135823255
202211,195.0,63.0,53.0,12.675557390178577,12.511953118016926,605.762,0.38078647207735816
202308,180.0,37.0,89.0,13.670997949020991,13.4335661565207,2678.16,16.573709737312484
202407,346.0,118.0,81.0,11.657415343455176,11.014851525129401,732.912,-2.679289547254068
202303,232.0,56.0,79.0,12.979404831331184,12.965632371396964,715.792,-6.260874810590354
202212,39.0,6.0,17.0,13.5163657048168,13.158035494037708,900.578,-0.14038492621134857
202301,150.0,15.0,21.0,13.485419120675228,13.469813705095337,1688.484,-5.224846400745453
202307,349.0,42.0,112.0,11.3619281414183,11.244274480424577,624.417,-2.1624388841310616
202212,264.0,109.0,116.0,12.6751195672772,12.634479240406515,1339.35,0.36590500164775364
202404,176.0,21.0,27.0,13.043328828035053,12.74559942230833,1306.225,-6.227889159480919
202211,114.0,10.0,46.0,9.863030074904852,9.86308213790109,606.011,-6.227889159480919
202311,14.0,5.0,3.0,12.063333275011757,11.72660032942218,694.644,-6.163963505379513
202301,4.0,1.0,3.0,11.781921536466527,11.781929177899908,369.175,-6.2918148135823255
202210,98.0,21.0,23.0,14.81795293069417,14.461462876183884,9910.028,0.8863247060778479
202301,39.0,6.0,20.0,13.237358530525052,12.720146986495218,982.549,-0.3939126616257953
202303,70.0,18.0,45.0,12.648435257408819,12.402781868347082,1107.408,-6.2918148135823255
202407,50.0,18.0,19.0,15.697642430156424,15.440079221061996,6402.423,-3.1042424778195348
202210,321.0,17.0,12.0,13.634645539902584,13.462612757344216,3132.85,-4.091453364558326
202308,336.0,33.0,40.0,14.176516509534876,13.445039454587594,3029.51,-2.2558735441851203
202310,11.0,4.0,1.0,10.893121678634493,9.04735074348172,384.552,-6.227889159480919
202408,389.0,75.0,83.0,13.285860528287513,12.802524437326701,2780.422,-1.2481075766137195
202308,139.0,10.0,1.0,11.380228010237108,9.724420693462669,244.717,-6.2918148135823255
202301,494.0,15.0,11.0,12.83115509517599,12.68556238898631,1908.282,-1.5809287119617998
202405,294.0,20.0,8.0,11.090232811195438,10.308319126670684,175.61,-6.2918148135823255
202303,125.0,44.0,15.0,12.180616366420738,10.738850184893042,714.524,-2.335631070283201
202212,85.0,26.0,18.0,11.807950511677268,11.751060086583395,1251.459,-5.943868808996254
202306,273.0,74.0,92.0,14.619769682961378,14.181851534921632,4760.938,19.831265623789143
202310,1.0,0.0,0.0,15.539730384970323,15.539730563282419,7947.723,-6.0717201171990665
202301,2.0,0.0,0.0,12.834547962729536,12.711497712506056,0.0,-6.227889159480919
202404,556.0,212.0,153.0,13.169977612344681,12.890610370861292,1717.554,13.060130712840484
202307,174.0,4.0,3.0,12.417864003841471,12.405112011096975,1445.709,-6.115648995918721
202403,27.0,17.0,7.0,11.509740398025453,11.509750429876581,109.013,-4.347155980963951
202310,397.0,214.0,63.0,12.692432405996229,12.68555000692544,693.738,3.1714757984855684
202309,81.0,25.0,24.0,12.160473634211996,12.066224199413675,799.724,1.4868205168911732
202407,174.0,39.0,36.0,12.252698564648004,11.745702465252677,1031.479,-5.255559743171732
202208,292.0,27.0,111.0,14.177583009117866,14.045314281014091,3513.03,14.357324774990603
202407,115.0,33.0,25.0,12.799247545563157,12.734846236596796,1111.615,-5.255559743171732
202303,63.0,13.0,15.0,11.622712170580934,11.622721130793112,483.577,-6.2918148135823255
202211,310.0,48.0,113.0,12.876920534720329,12.652586922352581,1257.763,10.808906123253221
202404,371.0,63.0,89.0,14.47531809791246,12.755724673950835,1849.603,-3.1128033205812407
202312,121.0,59.0,42.0,12.798282845492071,12.798285611005566,829.222,-2.423231939076997
202310,265.0,47.0,64.0,13.744350697394392,13.359755336324866,2669.372,-1.002154974640141
202405,34.0,8.0,5.0,11.1675719059027,11.167586030695242,116.664,14.127102928910608
202303,652.0,289.0,156.0,8.69265796074698,8.678971846978863,1288.908,12.779100144912695
202306,61.0,8.0,23.0,12.870483360636976,12.549839639168122,1042.459,-5.2809702608402995
202211,55.0,21.0,13.0,10.27983276207044,10.279867079749195,177.263,-5.030349741836326
202210,34.0,11.0,7.0,13.691398662256205,13.416282956104288,640.642,-2.33857149424417
202301,145.0,98.0,19.0,12.204796832026123,12.179923723035111,480.271,-3.906966588197433
202409,28.0,2.0,1.0,12.107660158543325,11.260108479844527,1304.223,-6.143187697190844
202402,4.0,1.0,3.0,11.866802498405297,11.866809517993458,342.185,-6.2918148135823255
202409,99.0,7.0,20.0,12.819323982631506,10.667582359470872,1726.97,-4.2349158174017525
202306,25.0,2.0,3.0,12.871172655757157,11.283575191746497,2812.225,-6.258381774551138
202301,66.0,6.0,40.0,13.899607191212505,13.387588162064686,5194.215,-2.2717054161817947
202301,68.0,19.0,25.0,13.962627127772805,13.951095964656854,1408.585,-4.021680070085478
202308,17.0,1.0,3.0,10.417687476941069,0.6931471805599453,105.979,-6.2918148135823255
202402,189.0,83.0,41.0,13.340746817343305,13.340748424976347,1185.646,0.9014989339117472
202409,67.0,11.0,7.0,9.446913343602054,7.20934025660291,71.577,-6.2918148135823255
202407,35.0,12.0,7.0,13.885851586945055,13.771050704451618,826.323,-2.33857149424417
202301,96.0,9.0,28.0,13.364895352597266,12.514850626276688,1306.598,-1.4301677320363888
202208,187.0,45.0,19.0,13.134145692515462,11.562058427520439,1032.436,-3.2950690385566825
202404,84.0,9.0,13.0,11.49273296168228,11.288305824772651,290.242,-5.319485397273138
202210,149.0,55.0,23.0,10.05573642507379,10.024288252681833,344.921,4.3250920173408804
202409,14.0,7.0,1.0,9.439068301584292,9.119211438565081,771.905,-5.319485397273138
202303,62.0,23.0,21.0,13.603457776064808,13.404744424214055,2002.096,-3.023940136107723
202312,74.0,3.0,17.0,15.03385923251667,13.424405351178166,4250.453,-3.2135422174207635
202303,896.0,360.0,147.0,11.443553950378451,11.162701099812656,1487.612,56.24591504310905
202406,320.0,36.0,92.0,13.023194763407316,12.591025474598913,1434.497,1.7233822769379934
202409,2.0,0.0,0.0,10.511049611248131,0.6931471805599453,99.997,-6.2918148135823255
202406,89.0,28.0,23.0,11.171842615791332,10.990920922612803,1708.374,-2.2878945839866356
202404,28.0,0.0,0.0,15.57495858992472,15.01068012727098,9350.622,-6.100037851278107
202406,133.0,24.0,32.0,11.919296828971108,11.811169067593429,399.4,0.6757754478159859
202303,284.0,102.0,26.0,12.156483161990112,12.044964485135417,262.188,-3.2935744731806067
202307,189.0,1.0,0.0,8.457230850243555,7.273092595999522,1.654,-6.250263197204988
202309,5.0,0.0,0.0,11.676412425774474,7.60887062919126,1157.852,-6.276933343152721
202301,176.0,21.0,26.0,13.450911443408394,13.065790909511579,1963.69,-6.227889159480919
202212,52.0,18.0,14.0,12.156829878951722,12.15683513131463,227.526,-5.319485397273138
202303,84.0,31.0,21.0,14.362536569057351,14.110363607391573,6200.157,0.6118497937145797
202303,583.0,282.0,96.0,11.706244658786218,11.59445936795149,884.531,29.348991490363325
202312,110.0,3.0,21.0,11.629650163007094,11.629659061268818,223.755,-6.2918148135823255
202210,211.0,58.0,45.0,12.789932164836062,11.924697310402873,858.535,4.843998158585254
202406,1087.0,196.0,167.0,13.608364609897519,13.470964616525244,3265.734,95.63263835039362
202303,451.0,122.0,202.0,14.827652777654588,14.50854573225175,3549.895,8.279985868698754
202401,76.0,42.0,18.0,14.36669490095509,14.1449891099715,6324.81,-5.183611567707706
202211,360.0,102.0,77.0,12.750406543648456,12.287214748647012,841.751,1.8421554246123844
202207,477.0,61.0,58.0,12.166213728768286,12.131338323414107,969.091,-4.718011657272621
202307,1.0,0.0,0.0,15.543467057692535,15.54346723533958,10375.964,-6.0717201171990665
202303,261.0,62.0,96.0,13.805731902374065,13.438685383465204,1855.024,-4.347155980963951
202208,487.0,190.0,110.0,11.630761832537774,11.610424157323905,1370.36,6.589566640271851
202403,64.0,18.0,15.0,12.05539509407068,12.055400907162344,363.85,-5.266088790410695
202401,200.0,62.0,73.0,13.936411394889813,13.664160785265189,2989.578,8.630543388402591
202401,541.0,177.0,91.0,14.214394054706885,14.000171043996104,1422.007,-2.8203257914941924
202210,126.0,14.0,50.0,14.192307980002248,13.326855670342704,2863.105,16.601872875196882
202208,53.0,9.0,13.0,14.874150491066706,12.11933214094221,6979.752,-5.005702105929265
202210,339.0,15.0,40.0,13.47083194092395,11.78936709973878,956.66,-6.092648948142966
202211,11.0,0.0,0.0,14.18838911147795,11.486160456450074,3587.362,-6.227889159480919
202403,833.0,342.0,139.0,9.545812108263812,9.545883605779304,1331.455,4.945783181653843
202312,13.0,0.0,1.0,15.226388257411639,13.324240799024965,4135.428,-4.2193046727611385
202210,74.0,20.0,41.0,12.228548168045343,12.147330625506411,845.877,-1.8933000040760009
202408,188.0,18.0,49.0,12.496448586258413,12.447971216768002,998.606,-6.256157534964052
202207,102.0,14.0,43.0,12.087503050617146,11.767420385674335,1581.111,14.199091803569493
202408,258.0,37.0,34.0,12.443809199147283,12.432745959894628,2387.843,0.17982885910427182
202403,114.0,10.0,46.0,11.487402507739143,11.487412766201091,560.754,-6.227889159480919
202310,73.0,1.0,11.0,13.723720873936182,12.908726989452148,2621.522,2.526016011262737
202403,425.0,148.0,69.0,12.958363351624756,12.944964882430702,1013.694,3.147520303791616
202312,205.0,16.0,13.0,10.82456680114208,10.287729024192666,265.493,-6.265956907992005
202410,154.0,9.0,5.0,8.433376705323127,8.433594167539924,14.673,-5.319485397273138
202404,33.0,8.0,6.0,10.073567822907728,10.073610001873085,140.245,-4.134603210471063
202408,15.0,9.0,3.0,12.719051948463376,11.414341933591427,1219.383,-6.2918148135823255
202212,45.0,1.0,10.0,13.084617895562047,13.084619972493671,635.329,-2.3275124929370503
202403,151.0,51.0,32.0,10.842967328182981,10.842986869547165,330.801,-3.852757740977576
202306,236.0,82.0,44.0,11.382361094949111,11.378902522983681,495.818,-5.914105868137046
202310,194.0,63.0,53.0,11.820616025880268,11.725234534685168,515.807,0.38078647207735816
202306,207.0,51.0,66.0,13.199574387295664,12.652871617131316,2190.445,3.751156978612485
202301,101.0,9.0,27.0,14.092276010355809,12.555157860202133,863.504,-6.220500256345779
202410,65.0,9.0,5.0,12.292672271095153,7.168579897264035,317.041,-6.275982941585651
202211,216.0,46.0,87.0,14.998388011787322,13.23199774712306,4531.034,-5.2070245063548795
202307,120.0,38.0,30.0,12.075559550402318,11.153288997188483,1407.911,2.492582972231549
202310,33.0,0.0,4.0,13.170143507851868,11.588821123973485,3109.377,-2.33857149424417
202404,173.0,33.0,28.0,12.524813608121072,12.465953058560357,430.02,-6.2918148135823255
202405,221.0,41.0,51.0,11.606898387407984,11.604346272781854,430.814,1.238768548433999
202301,2.0,0.0,0.0,13.871559078322484,12.81610176937465,1286.574,-6.163963505379513
202301,144.0,12.0,78.0,13.981946605528005,13.775427873420371,2285.936,-6.097838814997305
202303,119.0,17.0,26.0,14.163448242980479,13.093539944712308,2193.211,5.521811384721309
202404,200.0,78.0,81.0,10.960808986786358,10.859498872605215,373.694,-5.035465046788473
202207,99.0,14.0,26.0,11.883378059685624,11.83892880773629,1434.858,-6.2918148135823255
202306,522.0,187.0,169.0,13.290628267208549,13.075598760428395,3116.141,22.66765500065197
202401,4.0,0.0,2.0,12.840395613813328,0.6931471805599453,131.61,-6.227889159480919
202403,274.0,43.0,188.0,13.120373398709464,12.962846994571986,1783.998,7.264747061396806
202406,9.0,3.0,3.0,12.066471440236118,12.040106605095785,1158.557,-6.227889159480919
202303,25.0,2.0,4.0,12.951776696828723,11.227653818439656,488.097,-4.3263801727752815
202401,135.0,6.0,11.0,12.861603625018592,12.836274701488437,1241.078,-6.192231880862646
202309,32.0,1.0,0.0,8.984818995876008,8.984944285608679,7.81,-6.276933343152721
202208,4.0,0.0,0.0,13.545298983743754,11.289094177219521,7676.536,-6.275982941585651
202210,123.0,18.0,34.0,12.252087533609622,11.832157075280463,871.384,12.686559143160155
202409,1.0,0.0,0.0,6.959398512133975,0.6931471805599453,10.787,-6.2918148135823255
202410,1459.0,39.0,9.0,10.63568716285973,10.58799753970041,80.335,-6.205618785916174
202210,28.0,1.0,7.0,15.352826279122215,15.29386391040729,6736.323,-4.075621492561652
202301,76.0,57.0,8.0,12.46086213987982,12.46086601527051,363.616,-3.3748265646547635
202303,262.0,101.0,49.0,11.697436290232856,11.651608564734353,355.632,-3.9969992266279197
202303,1094.0,200.0,164.0,13.83655848798043,13.688030533111014,2973.862,95.85273304677688
202312,84.0,14.0,17.0,14.496586169435187,13.810523141453228,2595.433,5.294931646016421
202407,905.0,19.0,77.0,11.364912576968534,11.35470317403958,666.17,-5.184245185935185
202207,52.0,15.0,16.0,11.093812649127438,10.46629823136807,549.793,-6.2918148135823255
202402,2.0,0.0,0.0,14.104363195037887,14.012369269767326,985.673,-6.2867327161806745
202403,301.0,142.0,76.0,12.714058240228738,12.388677495526153,657.328,-3.2144555934356545
202405,190.0,55.0,64.0,11.524122543063445,11.386023477769106,772.725,-2.4380640509106932
202311,483.0,121.0,83.0,10.990971483416393,9.17378011666438,1552.172,81.38171088468594
202311,310.0,176.0,76.0,13.723606869474539,13.715191755926714,1954.021,-1.5450280345351386
202401,53.0,8.0,16.0,12.554607549050795,11.233462853342674,253.148,-6.237605966362469
202407,316.0,43.0,116.0,13.579023375058446,13.544561045493916,2409.459,4.824704801685369
202311,165.0,13.0,17.0,11.909887860586643,11.839419513207398,803.324,-6.271039005393656
202211,7.0,1.0,1.0,12.296808743791651,10.931856187815633,969.596,-6.2918148135823255
202409,21.0,0.0,0.0,9.86250929580757,0.6931471805599453,66.137,-6.2918148135823255
202403,147.0,22.0,62.0,13.211214560911547,11.80774202632261,907.868,0.04627673114072284
202401,325.0,77.0,125.0,14.14459773489465,14.049656559726998,2011.167,9.570472733394066
202303,345.0,65.0,59.0,13.726441064505172,13.423798935578548,839.184,6.344672656934748
202210,176.0,21.0,63.0,13.187446750083337,12.627332359536979,1588.774,21.201818048918973
202402,22.0,6.0,7.0,13.806434494827688,13.122989181548062,1346.118,-5.158201050039138
202310,75.0,18.0,26.0,12.411312884706694,11.969489181849262,563.443,-6.213007689051315
202301,216.0,28.0,77.0,13.929641599868544,13.503634148762094,1354.569,-5.319485397273138
202403,35.0,1.0,13.0,12.253886142439178,12.197405191438612,962.535,-2.602636618036239
202207,631.0,243.0,145.0,13.419644728998826,13.169237421272921,4786.883,28.608706998521235
202405,36.0,12.0,9.0,12.594428894887637,12.43166120537347,728.782,-6.276933343152721
202407,173.0,17.0,35.0,13.102809439182458,12.52306713064878,2721.562,-3.290854776575698
202210,219.0,69.0,83.0,13.523085254155298,13.482627472626762,1509.542,-2.134087942501525
202212,195.0,63.0,53.0,13.040254870770003,12.880016619105684,722.407,0.38078647207735816
202409,17.0,2.0,8.0,12.231038391547921,11.469934453165134,1536.763,-6.2918148135823255
202208,313.0,23.0,99.0,15.482928657601192,13.983164232068528,11749.098,-1.0619548661165972
202409,85.0,8.0,25.0,6.663132695990803,6.664409020350408,250.047,-1.3023164238335765
202208,155.0,34.0,33.0,11.936053658283903,11.687668376240632,786.353,-6.256157534964052
202303,203.0,83.0,40.0,12.44967351174664,12.191446198668011,428.406,-3.0700304059814294
202402,43.0,0.0,0.0,14.534465339040562,0.6931471805599453,7745.496,-6.2918148135823255
202408,202.0,21.0,79.0,14.396329672430793,13.964237412551158,5415.661,15.263233689445178
202212,481.0,104.0,38.0,13.825282655112977,13.63495703727295,1154.741,-6.2127869616952545
202408,270.0,89.0,80.0,11.464585699356137,11.464596194572943,937.406,-2.7010878658506288
202306,296.0,125.0,96.0,11.38421671042439,11.341270813911494,500.676,-6.241276064534448
202301,125.0,45.0,15.0,13.403712438606474,12.919977879174628,680.414,-2.0396696733299002
202406,125.0,44.0,15.0,11.025197686894638,10.269483916733925,720.757,-2.335631070283201
202207,36.0,12.0,11.0,13.621078362531714,13.363750694562487,3198.343,-6.084935653492442
202309,102.0,14.0,7.0,10.83470630499452,10.751456616187443,263.641,-6.2918148135823255
202208,48.0,6.0,22.0,13.876667743825653,13.111405559206181,2959.224,-6.179574650020127
202402,48.0,20.0,11.0,12.949173598718852,12.943636153250518,831.339,-6.163963505379513
202406,50.0,6.0,23.0,12.894129391785798,11.849183392914691,2382.093,-6.179574650020127
202212,59.0,5.0,14.0,10.945670573237523,10.24131601192848,291.752,-6.2918148135823255
202405,91.0,17.0,10.0,10.867596547865759,10.867615613824443,102.325,-6.2918148135823255
202211,49.0,12.0,37.0,12.872549822249658,12.87255238981844,613.427,-6.2918148135823255
202311,258.0,87.0,78.0,14.79068661171399,14.620301970221194,2554.536,38.04721526815865
202410,49.0,9.0,25.0,10.46737989723881,10.467408346336265,167.778,-6.276933343152721
202311,41.0,6.0,28.0,13.248229214587376,13.228194382364704,1266.025,-5.2860523582419505
202405,229.0,19.0,58.0,12.47426986519011,12.226742543697052,1048.479,-4.296617231916073
202210,97.0,26.0,35.0,12.355431864621302,12.070092542975429,490.738,-4.265408432471971
202301,123.0,18.0,34.0,13.699860620635153,12.608419563800217,1102.131,12.686559143160155
202212,315.0,82.0,72.0,14.264016636842896,14.20642160094481,1551.314,58.793278658899546
202210,254.0,28.0,96.0,13.689176062578126,12.913512201756713,2114.306,-4.274891022160334
202407,1.0,1.0,0.0,12.5423734388844,12.542377010918942,4464.222,-6.2918148135823255
202210,729.0,260.0,164.0,15.202592858578294,13.393263415970875,5859.175,-0.182989890868404
202308,43.0,3.0,4.0,9.857077054713464,9.626943224494804,475.628,-6.275982941585651
202301,130.0,36.0,12.0,11.193078263422583,11.193092032501362,212.064,-5.255559743171732
202409,90.0,34.0,22.0,11.631437124005005,11.430282713443585,773.099,-6.256157534964052
202311,196.0,45.0,93.0,12.661942486705511,12.580600768805967,1054.174,-5.265276550053281
202309,158.0,20.0,24.0,13.474097133757663,13.193261632494481,1402.159,8.09683834287502
202303,85.0,13.0,16.0,12.53575042343397,12.535754019204626,428.852,32.89616510643222
202406,38.0,10.0,13.0,12.786862668697003,12.609876374311671,1721.577,-5.119603347459895
202403,99.0,9.0,10.0,11.631197270048263,11.341935462918219,127.946,-6.271039005393656
202306,161.0,13.0,35.0,11.924253353346769,11.744251448691996,486.537,0.5144911005819859
202208,244.0,72.0,73.0,11.823508301708193,11.591311416365306,1086.701,6.825899863055858
202408,207.0,23.0,60.0,12.779966021883729,12.410408434505909,2089.736,2.9781464504978885
202303,40.0,26.0,8.0,12.592535006352831,12.529126688062426,1083.951,-6.227889159480919
202306,176.0,29.0,79.0,11.147440397038215,11.147454809063609,1034.478,-1.32159766664617
202409,11.0,0.0,2.0,4.672828834461906,4.68213122712422,15.351,-6.2918148135823255
202303,367.0,212.0,52.0,13.067552324003957,12.396920252043563,833.305,-2.73774490463188
202306,4.0,0.0,0.0,13.592339506271932,11.237224662917342,5611.921,-6.275982941585651
202303,143.0,62.0,68.0,11.66127650219303,11.661285123440093,884.663,-5.954397856235217
202208,276.0,71.0,56.0,8.208764045819667,8.20903626577507,462.112,3.8436437656013194
202312,153.0,29.0,73.0,13.795041488644934,13.422981911837931,3108.211,-2.3049177278569215
202308,196.0,28.0,30.0,9.445807672979225,9.445886690007436,371.137,7.805630818801628
202303,49.0,22.0,21.0,13.45027046622036,13.418113316916287,2358.204,-6.1915156964887625
202410,30.0,4.0,13.0,7.7057128238944275,7.706162970199576,78.567,-6.227889159480919
202301,439.0,233.0,47.0,12.64342394250066,12.58787669214947,826.037,4.045223918935175
202208,199.0,0.0,0.0,10.515668682606062,8.645234541297121,311.135,-6.20711335129225
202307,345.0,65.0,59.0,12.847773888474237,12.671456243849581,975.122,6.344672656934748
202405,248.0,31.0,92.0,11.045223185586325,10.810737539758135,250.253,-5.807709751409733
202405,246.0,49.0,64.0,13.24962138342323,12.807236107473932,1134.331,-2.290256984783378
202404,35.0,2.0,14.0,13.991834162954593,13.276422624480311,1943.372,-6.143187697190844
202312,56.0,4.0,4.0,9.922063938109064,9.652201695275638,66.35,-6.2918148135823255
202404,106.0,22.0,29.0,12.151215112045454,11.589330796172634,452.577,-4.80048887997561
202312,842.0,344.0,141.0,9.378140332251117,9.378224880972368,1443.951,4.945783181653843
202406,24.0,8.0,3.0,12.907904504858335,12.907906983237574,88.089,-6.227889159480919
202405,894.0,185.0,183.0,13.923824009412524,13.887392053357104,3740.706,6.241062330234923
202210,154.0,4.0,8.0,9.847869128773116,9.84792198708642,83.319,-6.2918148135823255
202403,330.0,127.0,16.0,12.66067706319863,11.639461194907346,1200.229,-2.684315090218941
202311,35.0,12.0,7.0,13.949432874168217,13.452054100021973,603.094,-2.33857149424417
202301,38.0,3.0,19.0,12.51783860875342,11.436368342248073,656.022,-6.094955753876456
202405,601.0,200.0,117.0,12.667480057946383,12.632307233643203,806.258,0.978072637240472
202410,22.0,4.0,7.0,12.61678065226105,9.739555860853764,546.816,-6.2918148135823255
202311,60.0,10.0,31.0,13.514496001622346,12.75114606102384,781.191,-5.2860523582419505
202303,89.0,30.0,11.0,13.437973797414926,12.391032385922129,3620.652,-4.934760343741571
202308,63.0,2.0,3.0,10.288443784012753,10.066201463023875,52.029,-3.3540507564660946
202301,461.0,58.0,159.0,14.66443295521947,14.528370165674056,3155.777,-6.2867327161806745
202307,93.0,9.0,22.0,13.959202160405933,12.792043774454894,3296.199,-4.347155980963951
202210,101.0,10.0,50.0,12.505917945107761,12.505921649765071,755.527,19.779825831770104
202208,96.0,11.0,34.0,12.328807843409512,11.686710690741897,917.171,-6.276933343152721
202211,303.0,57.0,62.0,10.803953734063311,10.802062278604502,574.003,3.2472853305529483
202303,65.0,30.0,18.0,14.453984000026217,14.030164574942356,5468.004,-4.1061141076318695
202407,363.0,82.0,80.0,13.494193105306595,12.897130144225036,2590.976,11.719345031803117
202303,501.0,170.0,263.0,14.654028703488548,14.429323363257375,5590.48,-4.777110945824491
202210,204.0,18.0,46.0,14.196203350305852,11.487002345616842,1525.886,-4.26834885643294
202301,150.0,12.0,9.0,12.954808258153385,11.84841865104926,140.507,-6.2620518727231165
202207,689.0,189.0,124.0,12.697140361000075,12.281657740486372,2917.117,63.469689365879525
202307,94.0,36.0,37.0,10.827071623237748,10.791728542963526,651.624,-1.8471271680558905
202408,348.0,103.0,76.0,12.109556238526238,11.508565976192775,1211.803,1.6012849200404569
202408,295.0,44.0,67.0,11.753570959820525,11.753578820992233,649.431,-6.2918148135823255
202303,119.0,25.0,20.0,11.811569732405578,11.587977277280947,247.742,0.7680188359964326
202301,127.0,26.0,51.0,13.841420965326863,12.9999086965864,793.718,-6.174409986472073
202311,246.0,31.0,91.0,10.96766366388311,10.700882129466427,249.985,-5.807709751409733
202406,44.0,11.0,21.0,12.302200672624394,12.302205214352657,2654.013,-4.999857126766107
202403,27.0,0.0,0.0,14.136743695678549,0.6931471805599453,10253.795,-6.2918148135823255
202406,254.0,57.0,30.0,12.336412074253893,12.277769856991203,571.023,26.84236999633857
202208,48.0,11.0,18.0,12.843577615174548,12.446155906370162,979.368,-6.178624248453057
202306,240.0,66.0,126.0,12.807436170782303,12.686982213247077,1983.053,-5.262101908899125
202405,478.0,171.0,105.0,12.254729467476594,11.539177836114295,768.182,7.411127266748876
202309,4.0,1.0,2.0,10.64363758669141,9.333796175903101,146.048,-6.2918148135823255
202303,164.0,63.0,40.0,11.426048624384716,11.20252050541118,347.16,-4.2689966844012694
202210,77.0,18.0,16.0,12.58952047581303,12.192201889844382,1430.886,6.369243406625779
202307,127.0,26.0,26.0,11.162970746789632,11.076217337122133,333.405,-6.201948687744196
202406,56.0,18.0,30.0,13.497521843708636,13.497523218068443,1753.097,-6.19812621862171
202406,410.0,127.0,189.0,14.74493545779007,13.623496177159419,8047.19,10.407652314418458
202212,518.0,249.0,88.0,11.598056742346348,11.5980659262213,1147.596,3.9417094614925983
202311,52.0,10.0,30.0,12.277360215514861,12.256228543327389,426.702,-5.319485397273138
202208,48.0,10.0,8.0,13.880293111823438,11.563818179136234,2429.28,-5.304603926843534
202307,116.0,23.0,70.0,12.646447907614782,12.400153951298154,657.783,-6.2918148135823255
202402,258.0,81.0,29.0,13.197472705176983,13.071785616435358,946.64,23.989307401512413
202208,70.0,27.0,18.0,11.989190699384997,9.82730820579731,650.377,-6.256157534964052
202409,110.0,6.0,3.0,9.27995971385624,9.280052984387483,87.428,-6.256157534964052
202312,89.0,30.0,11.0,14.006994181217257,12.90869727287401,4050.699,-4.934760343741571
202301,68.0,10.0,36.0,11.05109633329295,10.666393977510927,728.983,-6.27185124575107
202404,96.0,9.0,51.0,12.57077478515379,12.270787713582422,572.631,-6.2918148135823255
202408,175.0,17.0,36.0,12.829829554221524,12.524279073344495,3516.087,-3.2574217375445103
202402,55.0,8.0,19.0,12.598239725494349,12.598243103444776,469.325,-1.3069511333134747
202308,66.0,12.0,17.0,13.748853527703417,12.942925658350187,3892.0,0.7820814129552689
202303,13.0,3.0,6.0,12.112788911097796,12.11279439994857,939.14,-6.163963505379513
202301,82.0,14.0,33.0,14.280451392867548,13.996609701248516,3663.099,2.9364608091749673
202303,22.0,1.0,19.0,12.960242015924738,12.960244367927881,1252.781,-5.319485397273138
202410,138.0,20.0,27.0,11.593075859153057,10.892303576214507,356.949,-6.163963505379513
202310,62.0,3.0,34.0,13.734360153687982,13.366215811907434,1587.333,-6.129118467118653
202210,489.0,138.0,87.0,11.0154273014151,9.573454539543818,1001.147,3.159282693807498
202407,37.0,11.0,5.0,11.576491638531076,11.19529264681043,536.606,-6.2918148135823255
202311,400.0,130.0,53.0,11.145752754648552,11.1437296033349,617.916,-3.026880560068692
202211,439.0,11.0,17.0,10.963099103854505,10.711101163782413,196.615,-6.271039005393656
202310,114.0,24.0,29.0,12.868703915966918,12.785507867343235,1039.636,-6.258381774551138
202208,126.0,14.0,50.0,14.171114328401464,13.20631290504702,3919.737,16.601872875196882
202303,582.0,125.0,256.0,14.309084829163238,14.24741634340292,2397.061,34.385047427578755
202307,230.0,19.0,31.0,12.66621215895612,11.223628756361444,373.173,-6.271039005393656
202401,36.0,10.0,6.0,12.672676752943909,11.802530686983857,553.07,-6.2918148135823255
202407,51.0,12.0,39.0,12.867210448640394,12.867213029955032,826.293,-6.2918148135823255
202408,171.0,68.0,27.0,7.8898337513942955,7.890208213109961,279.24,2.372314607376355
202401,129.0,27.0,53.0,13.754553881023638,12.886010465363572,805.243,-6.174409986472073
202208,76.0,40.0,18.0,14.097666891602826,13.83371190389348,7348.255,-5.183611567707706
202303,716.0,290.0,153.0,12.15571575468521,12.145031999687744,2532.66,40.81900491177231
202401,20.0,1.0,10.0,13.263987931866179,13.263989667758796,3967.796,-5.999738734184544
202307,62.0,16.0,20.0,11.951238458731835,11.95124490994934,676.301,-5.2777956196861435
202207,52.0,3.0,3.0,15.037411292262478,13.061238755608736,9562.219,-1.4301677320363888
202307,396.0,17.0,16.0,12.563093029797525,12.182768193998257,1562.257,-6.250263197204988
202404,160.0,15.0,32.0,13.881313279663468,13.81356767178266,2428.625,72.59255214458024
202406,27.0,2.0,10.0,13.02956803274962,12.958862789767238,2484.731,-6.077133859485882
202306,267.0,93.0,54.0,11.164062782836066,11.144727239453994,451.4,4.653666403061202
202208,109.0,36.0,23.0,10.90159787403211,10.901616302625916,352.535,-6.20711335129225
202404,41.0,11.0,10.0,12.55697948589855,12.294408561597162,1224.765,-5.260056291441973
202211,252.0,23.0,88.0,14.112670820125162,13.943649562763547,3408.8,41.19067926259531
202406,182.0,20.0,27.0,12.070315921548625,11.66613570272043,718.087,-6.222807062079268
202303,68.0,22.0,18.0,12.22635065001279,12.140199901379466,726.061,10.69797143182213
202408,581.0,123.0,261.0,13.941162111038402,13.898822684489478,4064.042,35.35737684388795
202301,216.0,57.0,63.0,12.168412314347497,11.853887606864294,973.861,-5.047950908870839
202311,65.0,0.0,4.0,9.904786708267748,0.6931471805599453,455.44,-6.2918148135823255
202303,86.0,22.0,34.0,11.476676332295108,11.476686701382784,242.63,-6.276933343152721
202306,72.0,15.0,20.0,11.552424985406994,11.05144540666537,452.467,-6.222586334723208
202208,204.0,16.0,13.0,9.903337541285003,9.693383614729722,352.594,-6.265956907992005
202301,153.0,45.0,55.0,12.781314282929998,12.781283341160998,888.451,-4.3313241089672765
202307,485.0,114.0,84.0,8.80792062205398,8.158229916959494,759.219,2.4191832582522537
202301,39.0,6.0,10.0,13.533106532086531,13.16139753469561,3566.574,-6.213007689051315
202303,83.0,22.0,16.0,12.801532573285039,12.295698518411536,368.881,-6.2918148135823255
202301,20.0,4.0,9.0,12.558650206649036,12.23342026704841,540.4,-5.304603926843534
202312,301.0,103.0,50.0,11.338226780121822,10.881475272213198,680.635,2.1954191155017426
202401,168.0,10.0,17.0,11.581574277275607,11.581583613777127,227.705,-6.276933343152721
202404,375.0,141.0,71.0,11.88444764123622,11.846908892788852,608.144,-1.1104901029334506
202309,83.0,2.0,4.0,7.236339342754344,7.237059026124737,28.98,-6.276933343152721
202404,82.0,21.0,31.0,11.078057292492748,10.847159961151501,148.995,-6.271039005393656
202312,29.0,4.0,11.0,13.758223547620856,13.386449236000923,1658.895,-4.029702591448098
202312,51.0,9.0,18.0,11.849947550396877,11.720914768512761,436.634,-6.161023081418544
202307,332.0,118.0,130.0,12.740408719993797,12.551125817536027,2528.885,13.042065419641522
202311,5.0,1.0,0.0,11.118415133585586,0.6931471805599453,364.103,-6.163963505379513
202409,207.0,24.0,21.0,8.82585367025321,8.826000545482966,201.768,-6.2867327161806745
202410,14.0,4.0,3.0,8.653994232908383,7.57095858316901,335.267,-6.227889159480919
202306,78.0,18.0,42.0,13.122711316866374,13.11241000654654,907.932,-6.163963505379513
202303,99.0,9.0,10.0,11.461526901884229,11.190941760821426,130.586,-6.271039005393656
202311,70.0,22.0,33.0,13.1071705486415,12.719761167290095,983.019,-4.165095825541282
202207,176.0,22.0,62.0,13.519280051542534,12.614340488970361,1822.843,21.201818048918973
202210,98.0,2.0,16.0,11.370416753676897,11.370428285241672,180.472,-6.270900844183999
202410,325.0,132.0,32.0,10.974694385513637,10.964640243043856,287.55,-4.072852437360835
202409,26.0,14.0,5.0,8.700680734850161,8.59062950948942,118.395,-6.2918148135823255
202404,189.0,83.0,41.0,12.59748615741538,12.59748953791228,883.44,0.9014989339117472
202310,526.0,95.0,64.0,12.018030758801313,11.962254336724781,592.784,-6.124010118537575
202402,98.0,30.0,34.0,13.71258263670364,13.21273958698992,2226.647,0.07898009596090105
202306,85.0,20.0,39.0,13.81167420857724,13.559513181778986,2708.339,1.6866200005580119
202401,324.0,81.0,95.0,14.790513118726444,14.427850530361306,2310.277,14.759069283981342
202210,91.0,35.0,31.0,10.485898684001407,10.001113231320568,1454.214,-0.63400981332118
202410,21.0,1.0,9.0,11.138159285611334,11.02901761855464,156.068,-6.271039005393656
202311,257.0,29.0,98.0,14.160201783117113,13.583212733858582,2012.855,-4.274891022160334
202310,35.0,10.0,12.0,12.617224884542162,12.478036836739902,1377.701,-5.160920746644047
202301,22.0,1.0,19.0,13.404156141875877,13.404157650734765,1756.45,-5.319485397273138
202210,152.0,34.0,33.0,12.638828613874242,12.105627805893441,763.75,-6.256157534964052
202301,54.0,13.0,20.0,12.151378839107526,12.151384120179372,411.492,-6.227668432124859
202311,50.0,6.0,22.0,13.85773924263186,13.600332696137436,4474.688,1.740348252305619
202408,75.0,14.0,16.0,11.76569771899551,11.716062208144768,955.162,-6.036112197176701
202407,200.0,1.0,0.0,10.54381395691249,8.675392806089782,275.978,-6.271039005393656
202301,67.0,20.0,10.0,10.604652504689657,10.382698662532777,77.414,-6.271039005393656
202311,34.0,4.0,10.0,13.781114746231177,13.666584704926512,1609.668,-5.20629483214387
202307,63.0,20.0,29.0,12.821290716526919,12.805581997127273,1791.15,-6.258381774551138
202405,50.0,6.0,22.0,13.698123568871097,13.40688797025978,4627.869,1.740348252305619
202301,956.0,259.0,195.0,14.28768183616058,14.038601307884514,2869.811,34.32175748735839
202404,40.0,10.0,14.0,12.448763889686752,11.562077468429832,460.929,-6.2425499025544635
202210,72.0,12.0,41.0,12.717374156044102,12.618897272488725,1580.917,2.07103552411977
202211,61.0,25.0,26.0,11.640614826111118,11.341520109060433,978.671,-6.2918148135823255
202301,33.0,0.0,4.0,13.542375496153017,12.724399067839718,3724.325,-2.33857149424417
202401,37.0,7.0,7.0,10.691103650047104,10.69112639618879,86.779,-6.2918148135823255
202405,99.0,9.0,10.0,11.037611762205596,10.871668400664227,111.18,-6.271039005393656
202301,264.0,26.0,90.0,13.73785491564859,13.552427435180045,945.417,-4.311498702345677
202410,57.0,8.0,29.0,10.933285525203878,10.933303378999149,122.36,-6.258381774551138
202303,529.0,187.0,97.0,12.624371711618425,12.415019904641625,952.451,13.453410942262527
202408,555.0,213.0,151.0,12.67691342426847,12.348639346542068,2480.846,13.060130712840484
202207,16.0,2.0,4.0,12.743442824518276,12.48009180401277,916.354,-4.246856863870388
202303,192.0,65.0,38.0,8.657998068007258,8.4040244933106,538.396,-5.185519023955201
202410,74.0,18.0,37.0,11.241589071054534,11.241602188130999,371.431,-5.048901310437909
202212,72.0,24.0,5.0,11.962267097767867,11.750271679282903,272.961,-4.283230326862545
202408,161.0,61.0,32.0,10.374896443938328,10.354754236444899,373.856,-4.013870719451424
202311,172.0,48.0,29.0,10.48668034842802,10.121256687512883,426.079,-0.31870727886120864
202303,41.0,8.0,21.0,13.327657368943727,13.041283465353587,750.408,-3.3748265646547635
202210,53.0,9.0,13.0,13.611370294952092,12.220621298766492,4572.428,-5.005702105929265
202208,68.0,3.0,13.0,12.485622994958653,11.683478038164184,1035.463,-4.3313241089672765
202212,842.0,346.0,138.0,9.128804883993665,9.128913373280454,1453.103,4.945783181653843
202212,96.0,9.0,28.0,13.227451055845467,12.44819888023528,1189.207,-1.4301677320363888
202308,75.0,14.0,14.0,10.654384638636976,10.629198723969337,317.199,-6.276933343152721
202312,135.0,1.0,2.0,8.97335141383992,8.973478148521036,23.919,-6.2918148135823255
202312,25.0,2.0,4.0,14.12376187555038,12.063010262688335,574.784,-4.3263801727752815
202310,100.0,47.0,28.0,9.994333235835704,9.382022193665792,177.807,-4.387617461125155
202309,28.0,16.0,5.0,11.527104466143498,8.720134035412928,146.512,-6.2918148135823255
202401,265.0,54.0,41.0,14.656855736242052,13.81900145767744,3332.818,20.03089373869583
202301,241.0,106.0,78.0,12.001155725380423,11.375649928923345,1864.051,-5.304603926843534
202409,166.0,32.0,56.0,12.637588792742978,12.257815588810507,1074.411,14.667825655963876
202403,84.0,14.0,33.0,14.112849106216867,13.896252405797748,2935.395,2.9364608091749673
202303,223.0,87.0,15.0,12.075747535853935,11.228757211818245,478.12,-6.1273558251941695
202310,338.0,15.0,41.0,13.32012511868616,11.698915285450607,1012.2,-6.092648948142966
202212,88.0,14.0,10.0,12.82172574291232,12.30508958317491,670.134,-6.1915156964887625
202410,244.0,21.0,19.0,10.294515612846523,10.275878352914862,109.971,-5.99141842729198
202307,30.0,1.0,10.0,11.65868676645238,11.22250631680856,343.149,-6.276933343152721
202301,285.0,51.0,96.0,14.168297553617688,13.54811596257029,1769.707,20.513508983094447
202303,28.0,8.0,10.0,12.398637394579639,12.345456255477078,1216.351,-3.3109009105533573
202306,85.0,13.0,16.0,12.263473252261278,12.263477973328806,425.524,32.89616510643222
202405,120.0,38.0,30.0,12.590048504795353,11.834885768145229,987.418,2.492582972231549
202311,28.0,0.0,0.0,15.002651599602363,14.531146460917071,9915.593,-6.100037851278107
202207,14.0,5.0,2.0,11.52867085318396,0.6931471805599453,418.375,-4.155379018659732
202211,252.0,84.0,48.0,12.497050530819177,12.357011028595146,716.962,35.56444816749319
202212,62.0,3.0,34.0,14.033492008532868,13.366657666513122,1854.122,-6.134200564520304
202402,54.0,14.0,25.0,11.756091227313483,11.562981494260894,472.896,-6.00779446309766
202212,484.0,121.0,81.0,11.478841137971466,9.4588397305527,2045.098,81.38171088468594
202306,265.0,47.0,64.0,14.012945660901606,13.570560973876617,3088.835,-1.002154974640141
202303,214.0,43.0,130.0,12.891676446204993,12.847458000906524,822.118,-5.255559743171732
202210,9.0,3.0,3.0,12.066344952568498,11.913136796129844,1068.798,-6.227889159480919
202303,174.0,66.0,91.0,13.638233854471842,13.59871059349003,2211.321,3.528838042642141
202402,310.0,176.0,76.0,13.808743714433833,13.801238190552512,2145.759,-1.5450280345351386
202303,84.0,19.0,38.0,12.728802136298988,12.679339694026062,319.84,-6.2918148135823255
202212,114.0,31.0,22.0,12.572439966262706,12.569193768143867,612.126,-3.3747544558139424
202406,220.0,56.0,54.0,13.194559380051562,13.134046858949132,2450.995,5.762599323146832
202410,49.0,13.0,2.0,9.764857469366598,9.724001970561382,32.311,-6.271039005393656
202405,212.0,30.0,100.0,14.155403366325402,13.683531103317932,2789.477,23.139852149663547
202308,67.0,4.0,19.0,12.7932646892357,11.55543882831946,1414.292,-2.3639820119127375
202407,135.0,55.0,29.0,12.354626262411653,12.094168545020224,1254.477,-2.2509296079931254
202208,82.0,18.0,21.0,10.458033366991662,10.199398177401218,342.949,-5.222126704140544
202310,18.0,3.0,0.0,12.614958562660432,12.152371190692532,1417.481,-6.0682030417823185
202306,160.0,15.0,33.0,13.5347855621688,13.44909980301849,2629.304,72.59255214458024
202306,42.0,8.0,22.0,11.851930206378123,11.10755535234985,597.411,-6.2918148135823255
202401,143.0,62.0,68.0,12.357268965530995,12.339965222919625,986.301,-5.967055087077736
202311,484.0,229.0,80.0,13.32519482766264,13.299963807195747,1430.958,24.151022667360365
202402,82.0,15.0,33.0,12.58733726993268,12.587340684912489,618.113,-5.139428754081495
202306,321.0,16.0,13.0,13.779075800430236,13.600507532476808,3819.402,-4.091453364558326
202405,68.0,6.0,30.0,12.828193638816993,12.602052914427123,1270.66,-6.271039005393656
202312,313.0,76.0,122.0,14.45916807976548,14.315137914528341,3029.339,46.90986567628593
202306,75.0,15.0,10.0,12.940714394381919,11.327414828462869,1565.555,-3.2135422174207635
202306,110.0,23.0,47.0,11.482002232316718,11.482012546326754,458.885,-2.7145424755049867
202307,10.0,4.0,3.0,12.51209672026105,11.936151902657034,1679.821,-6.2918148135823255
202402,123.0,18.0,34.0,13.650520342058035,12.583566856674308,1026.822,12.686559143160155
202306,248.0,43.0,73.0,11.512005041510486,11.506857089568621,326.419,-6.251075437562401
202402,85.0,9.0,18.0,13.017460534776,12.910194384718144,519.173,-6.243500304121533
202310,165.0,73.0,33.0,10.458492727913868,10.450481157684562,178.402,-2.934637171888246
202307,38.0,2.0,3.0,14.912306531463539,14.407612896933996,7898.721,-5.969246119114326
202406,250.0,62.0,97.0,12.832502934024497,12.213038328730697,1330.419,13.08523394510152
202210,333.0,115.0,74.0,13.191253043565794,13.171008769189983,1932.417,-2.7667429543260225
202303,83.0,22.0,16.0,12.245552940373829,11.928591697562718,301.244,-6.2918148135823255
202307,189.0,42.0,21.0,11.879746760152837,11.878366870949073,503.242,-3.190542169645009
202307,196.0,45.0,93.0,12.506617881623582,12.376907650420744,1413.12,-5.265276550053281
202408,167.0,40.0,26.0,11.68659301698385,9.644004134443026,3339.117,-3.2418931590503
202210,150.0,12.0,9.0,11.96646301943254,10.778977123006351,102.626,-6.2620518727231165
202210,78.0,18.0,42.0,13.215992144426115,13.204020780754867,655.527,-6.163963505379513
202303,5.0,0.0,0.0,10.882452568938104,0.6931471805599453,105.244,-6.2918148135823255
202405,84.0,4.0,11.0,11.068246443685663,11.068262043457906,212.415,-6.227889159480919
202301,522.0,188.0,168.0,14.539441518329633,14.205378662729126,4117.276,22.66765500065197
202406,62.0,9.0,4.0,11.17484794056376,10.861188905655832,370.882,-6.2918148135823255
202308,38.0,16.0,12.0,12.239101149543963,12.104017771325502,1914.481,-4.283230326862545
202406,310.0,131.0,33.0,11.309756094863436,10.919460710183415,480.928,-3.8281594636664225
202402,325.0,36.0,95.0,13.975208963521476,13.063723160353724,1598.46,1.7233822769379934
202307,52.0,13.0,14.0,8.927048647825695,8.927181388251986,184.661,-6.258381774551138
202406,94.0,8.0,47.0,11.723923557900767,11.723931655624092,430.312,-5.567605070331143
202210,53.0,22.0,19.0,10.52567564415558,10.522261341106239,129.466,-6.2918148135823255
202310,282.0,77.0,64.0,13.259548088526754,13.099303531125274,2377.139,5.85710015846486
202308,3.0,0.0,2.0,8.19533366716287,8.195609567288775,141.347,-6.227889159480919
202403,212.0,40.0,17.0,12.732627907339106,12.470841708458298,412.903,1.3029192553388693
202409,1.0,0.0,0.0,6.675823221634848,0.6931471805599453,203.986,-6.2918148135823255
202407,39.0,5.0,8.0,14.535758668301511,14.435978975333864,2817.17,-3.341393525623576
202409,54.0,16.0,15.0,12.537995262595672,11.253610546517843,499.959,-6.227889159480919
202207,163.0,32.0,17.0,12.494363282768836,12.43095867784222,1101.865,0.698045821380731
202212,246.0,91.0,26.0,13.675144433107633,12.429796028709392,424.911,-4.2534673860033365
202406,259.0,53.0,98.0,13.32678068191697,13.222056664616275,2128.588,-5.1969984727612335
202301,295.0,36.0,112.0,15.605549381062776,15.151641249588,7526.768,55.022079025676256
202403,100.0,13.0,32.0,13.375657400549299,13.294419086908372,1145.885,19.649034099606318
202207,78.0,29.0,21.0,12.582191328843107,11.908104519209893,658.952,-4.347155980963951
202310,277.0,71.0,58.0,8.313852267398207,8.314097335405807,307.078,3.623549069218061
202301,173.0,33.0,28.0,12.618423989001291,12.539049494681723,758.986,-6.2918148135823255
202308,297.0,43.0,45.0,10.719891648587698,10.662516102209587,589.617,-6.256157534964052
202303,68.0,22.0,17.0,12.078131313647322,11.940804167915292,655.405,10.69797143182213
202210,88.0,18.0,13.0,9.264449697623215,9.264544425989694,173.71,-6.2918148135823255
202303,35.0,0.0,8.0,13.77484480123826,12.095425960443096,869.74,-0.3888305642241443
202303,197.0,48.0,40.0,13.764458287159785,13.160891543109669,1390.564,-5.271170887812346
202402,181.0,50.0,50.0,11.82049104380033,11.817612136237834,562.804,-4.5469611445611635
202301,38.0,3.0,3.0,14.092952882685863,13.617208388661522,7082.344,-5.969246119114326
202410,307.0,43.0,36.0,12.825931133619742,12.285364302004584,796.12,17.137779772798787
202303,421.0,17.0,23.0,11.449250570799508,11.22277367861752,795.218,6.568562294820367
202408,181.0,122.0,26.0,13.070613136527369,12.651661904722493,1673.19,-5.999504516991357
202408,247.0,31.0,91.0,10.790390667515691,10.617098906228428,425.489,-5.807709751409733
202408,23.0,5.0,15.0,11.789867569887841,11.505215821900176,782.229,-6.2918148135823255
202306,62.0,3.0,34.0,13.680454575171126,13.173216174787317,1719.379,-6.129118467118653
202408,3.0,1.0,1.0,11.323784710206265,11.177844260415155,777.506,-6.2918148135823255
202409,107.0,4.0,7.0,8.387539983189367,8.38776764397578,53.263,-6.2918148135823255
202307,762.0,136.0,210.0,14.002144469841573,13.319105456859514,4542.194,37.973292397583556
202210,113.0,7.0,16.0,12.394794509921814,12.394798649997123,1040.133,-6.227889159480919
202310,61.0,8.0,23.0,12.93339658989147,12.53259555129772,969.812,-5.2809702608402995
202211,276.0,71.0,56.0,9.378224880972368,9.378309422545737,441.171,3.8436437656013194
202409,10.0,2.0,0.0,6.705639094860003,6.706862336602747,6.981,-6.2918148135823255
202410,57.0,3.0,26.0,12.072689813298581,11.450283810310047,610.538,1.6481048641251732
202410,251.0,31.0,41.0,12.905731081780772,11.9941039225907,804.681,-6.025782870080591
202404,425.0,16.0,25.0,11.863455567985218,11.562153628442054,846.915,6.568562294820367
202310,1177.0,549.0,167.0,11.313498440273335,11.26440000105297,2230.594,17.863096643788055
202207,903.0,19.0,71.0,11.480081974040464,11.428227772982378,694.026,-5.184245185935185
202310,57.0,4.0,4.0,9.189627330378642,9.090768236835338,71.667,-6.2918148135823255
202312,553.0,232.0,162.0,14.684026010499123,14.17718956069057,5492.592,16.827354839181382
202210,34.0,0.0,4.0,13.403167349865065,12.351237357927774,3195.302,-2.33857149424417
202210,114.0,31.0,22.0,11.905555217875108,11.899948220189343,643.09,-3.3747544558139424
202301,173.0,33.0,28.0,12.701963295727756,12.626350829617538,721.452,-6.2918148135823255
202405,627.0,193.0,224.0,13.649958798790292,13.638220720809969,1251.985,26.38113924733682
202309,82.0,14.0,19.0,12.668308685009242,11.515342541485833,1209.888,-6.2918148135823255
202403,476.0,111.0,131.0,14.595164279772394,14.396690446101248,5721.738,61.424738907811964
202301,216.0,41.0,73.0,12.673494820688552,12.547841544323207,928.145,-6.2425499025544635
202301,552.0,87.0,162.0,15.462576377247387,15.084481746424583,5711.699,-3.197489618068028
202410,225.0,11.0,13.0,10.250369703211994,10.243702775436175,44.634,-6.276933343152721
202401,115.0,7.0,6.0,13.041270451778258,13.038303277472748,1938.755,-6.2918148135823255
202401,321.0,16.0,13.0,14.061521838268993,13.856870327857429,4624.148,-4.091453364558326
202210,88.0,35.0,31.0,12.803864645273263,12.712968558085315,811.909,-3.3748265646547635
202311,239.0,104.0,78.0,11.134953921170986,10.779518631746203,968.891,-5.304603926843534
202403,118.0,18.0,59.0,12.196244507211194,12.196188962455993,623.007,-6.2867327161806745
202210,202.0,23.0,50.0,12.496755211994193,12.313010416666355,626.686,25.362498833797865
202306,98.0,2.0,16.0,11.371822623992228,11.371834139356602,200.321,-6.270900844183999
202306,39.0,6.0,17.0,12.69898681260901,12.407624770600908,798.214,-0.14038492621134857
202301,264.0,109.0,116.0,12.932168507262196,12.885549308916946,1451.652,0.36590500164775364
202410,40.0,14.0,16.0,12.747815371930885,8.935771938669784,698.457,-4.1112294125840165
202301,33.0,8.0,6.0,10.767958535680487,10.767979599176396,219.988,-4.134603210471063
202405,62.0,10.0,11.0,11.92424672562899,11.527597305202097,520.523,-3.055148935551825
202405,180.0,14.0,46.0,12.566104448906506,12.31816842826791,973.883,-5.972137184479387
202303,524.0,119.0,139.0,14.454496123910143,13.740998196363853,3676.977,54.1812757726037
202301,54.0,1.0,1.0,12.087018802740346,12.087024434877318,1950.243,-5.780409580771076
202310,116.0,2.0,3.0,6.558197802812269,6.559615237493242,39.571,-6.256157534964052
202410,753.0,122.0,94.0,12.413919801218391,12.395291196617926,891.603,3.440859431831985
202303,300.0,88.0,99.0,12.945743137174127,12.697654285929403,1014.715,7.366944453122665
202410,71.0,24.0,11.0,12.00863339000422,12.008639481380962,741.068,-1.0822217274503174
202301,34.0,5.0,13.0,13.677645215905155,13.162598960018727,1590.943,-4.313722941932763
202211,265.0,53.0,42.0,13.178736149375176,12.711506761201612,2770.465,20.03089373869583
202210,294.0,20.0,8.0,11.0438014487515,10.249804032346637,191.134,-6.2918148135823255
202403,251.0,81.0,49.0,12.748870661339437,12.611107661161828,884.703,35.34435347110993
202301,11.0,1.0,0.0,8.216088098632316,8.216358332386156,0.481,-6.2918148135823255
202410,28.0,3.0,6.0,13.47408025039776,13.409144043711635,1831.596,-6.227889159480919
202310,505.0,62.0,90.0,11.86699902825039,11.863392177659264,866.278,34.500736961956875
202309,85.0,9.0,9.0,8.822616945344176,8.822764296703758,103.443,-6.2620518727231165
202308,161.0,11.0,49.0,13.58606972029759,12.30134191540679,3797.006,-1.3610774143869273
202212,361.0,102.0,77.0,13.201470262717297,12.564550962414001,937.658,1.8421554246123844
202308,61.0,8.0,28.0,10.440214813824772,10.417747273036401,260.472,-6.2918148135823255
202405,135.0,6.0,11.0,12.388727480114248,12.357299053840185,889.708,-6.192231880862646
202208,39.0,6.0,9.0,13.16686626910283,12.736080115712465,4940.344,-6.213007689051315
202307,41.0,11.0,10.0,12.293822499778338,12.036890388823577,1536.607,-5.260056291441973
202407,153.0,34.0,31.0,11.456767726757965,11.456778304347228,529.488,4.951992948269529
202210,279.0,26.0,27.0,12.482931356148118,12.461102385706706,682.948,-5.947218290822283
202309,53.0,3.0,3.0,6.663132695990803,6.664409020350408,10.304,-6.276933343152721
202301,131.0,24.0,15.0,11.594256573068602,11.59426579191007,231.562,-6.250263197204988
202312,98.0,2.0,16.0,11.620990320602132,11.620999296255672,205.434,-6.270900844183999
202207,106.0,19.0,46.0,10.740670139896523,10.714439990727769,464.597,-6.250263197204988
202403,182.0,20.0,27.0,12.858679042026496,12.007322881674748,622.897,-6.222807062079268
202308,315.0,20.0,170.0,13.360685548417218,13.360687124313568,2454.612,5.873296817914063
202311,219.0,30.0,79.0,13.453920698448604,13.166837574506115,971.547,-5.319485397273138
202207,81.0,16.0,26.0,14.14749631680676,12.764401891940132,4774.123,-4.283230326862545
202211,109.0,16.0,25.0,13.257972360342707,12.828279523875999,1228.914,11.274040334084452
202307,28.0,13.0,9.0,11.969147056742178,11.897330355346744,408.621,-5.265276550053281
202406,300.0,103.0,50.0,10.417627677269948,10.053802313194996,614.374,2.1954191155017426
202312,245.0,94.0,71.0,14.265650708062394,12.760035341953854,1967.958,-1.1951194563827041
202306,74.0,10.0,26.0,11.713365224677862,10.975362222346542,473.377,-1.3020236664292817
202303,281.0,2.0,5.0,9.384209641955154,9.144200569471638,67.484,-6.2918148135823255
202210,177.0,52.0,52.0,12.197127759048367,11.721637379361445,957.368,0.9374217605765827
202402,299.0,88.0,99.0,13.843628516864168,13.362985288368707,1294.136,7.366944453122665
202409,96.0,26.0,14.0,11.715947938288217,10.284523346721118,358.067,-6.255207133396982
202405,125.0,44.0,15.0,11.411357747551099,10.549857541537145,646.72,-2.335631070283201
202306,384.0,110.0,84.0,9.311271090554623,9.311361486034912,1613.675,16.72996915564749
202208,27.0,10.0,3.0,12.602523917470435,11.976709794402048,1864.887,-6.258381774551138
202405,215.0,35.0,82.0,10.500811921918736,0.6931471805599453,624.163,8.768923743844367
202311,17.0,7.0,5.0,11.394018047433386,10.792304307409529,683.824,-6.163963505379513
202405,155.0,37.0,41.0,13.498149729410105,13.060962329246957,1209.351,-4.347155980963951
202303,228.0,28.0,92.0,13.857352831822507,13.825602462953768,1773.721,8.823099383513728
202405,516.0,132.0,107.0,12.967394696438678,12.83359004307617,2398.061,38.665956400332135
202402,115.0,7.0,6.0,12.955103817087032,12.951646228268496,1884.195,-6.2918148135823255
202408,124.0,34.0,53.0,12.992120286669955,11.57103398287389,2405.622,9.747246737318589
202308,71.0,0.0,4.0,7.7354333524996886,4.875197323201151,9.541,-6.2918148135823255
202405,1109.0,387.0,210.0,12.684571339321746,12.24613435110402,2002.997,55.37226573915721
202301,246.0,91.0,26.0,13.651055637998677,12.455725694484414,537.095,-4.2534673860033365
202311,275.0,71.0,58.0,8.845201135339584,8.845345196421732,401.598,3.623549069218061
202210,187.0,58.0,38.0,12.729839173428966,11.39844571744522,1451.309,-4.19852886457247
202307,108.0,12.0,31.0,12.632669562540611,11.931675272733559,1331.145,10.132691126652565
202307,118.0,30.0,29.0,11.970084453887155,11.966304162692392,815.716,-3.038106073968169
202303,43.0,9.0,19.0,12.49143202261231,12.443265047970241,2599.887,-3.2950690385566825
202309,195.0,5.0,66.0,12.822533147313196,12.475110744187488,1140.861,-6.17799823840137
202405,952.0,254.0,196.0,13.65641048339838,13.546405525481942,2026.131,35.13791786138572
202306,265.0,53.0,41.0,13.44425845302574,12.772476769062225,3511.453,20.03089373869583
202308,143.0,43.0,69.0,11.661492011074985,11.602190134721198,1169.425,1.081802127340307
202210,51.0,20.0,9.0,10.358314090182017,10.054318442238712,474.845,-4.216364248800169
202310,46.0,10.0,13.0,12.304777058402514,11.895933626190695,510.115,1.5507461709925794
202308,109.0,14.0,19.0,11.496521655144551,10.511158540743622,423.864,-0.43706250753853215
202301,155.0,15.0,34.0,15.584402036466585,14.697883738034747,15059.122,3.019648708279318
202301,76.0,9.0,7.0,13.11564284513186,12.801325811056728,1356.441,-6.2425499025544635
202405,110.0,48.0,41.0,12.991402392734727,12.99140467257874,596.362,-6.2918148135823255
202210,20.0,2.0,3.0,14.056595397514272,12.126872499468558,1206.504,-6.031766427099414
202207,163.0,72.0,33.0,10.624663238817353,10.511975133962281,268.363,-2.934637171888246
202405,228.0,26.0,96.0,13.730970669783089,13.72098007411804,1860.268,8.823099383513728
202207,204.0,16.0,13.0,10.011534456619263,9.771840098470129,346.04,-6.265956907992005
202310,82.0,15.0,33.0,11.66069870925966,11.66070733548944,532.345,-5.139428754081495
202405,25.0,2.0,3.0,12.89276654841246,11.415147242051523,2247.42,-6.258381774551138
202401,133.0,22.0,42.0,13.438982699750708,12.714025145826954,994.349,-6.19622541548757
202404,292.0,110.0,128.0,14.13353874400589,13.89340634727236,4035.468,-5.935578862889951
202407,54.0,22.0,10.0,11.111417516966188,11.111432457614464,329.735,-6.237605966362469
202407,371.0,123.0,146.0,12.879468547475573,12.178187442040638,1167.683,8.014514142927261
202406,129.0,27.0,53.0,12.645256177436021,12.19607281345184,696.44,-6.174409986472073
202311,4.0,0.0,2.0,11.787324709965091,0.6931471805599453,120.428,-6.227889159480919
202211,48.0,7.0,26.0,13.103651395138577,12.24307937115927,732.559,-5.191561980229505
202212,332.0,21.0,36.0,14.432829595416713,13.098162893698671,4075.554,-3.77172637685948
202208,14.0,3.0,1.0,11.921851244707373,11.323494697516177,12949.581,-6.276933343152721
202410,41.0,2.0,3.0,9.177300517897983,9.070503426788383,25.597,-6.2918148135823255
202401,714.0,289.0,151.0,12.84228432857895,12.842286975044265,3431.829,41.323119958640234
202402,40.0,6.0,18.0,13.903631319359402,13.46277498735257,1001.183,-0.14038492621134857
202210,23.0,6.0,7.0,13.335944554600424,9.83745458193169,1928.545,-6.2918148135823255
202308,8.0,1.0,2.0,6.885509670034818,6.88653164253051,58.369,-6.258381774551138
202308,190.0,29.0,22.0,9.320628725870305,9.320718279445792,116.945,-3.33916928603649
202208,119.0,25.0,20.0,11.020136203690337,10.867844376979322,395.534,0.7680188359964326
202407,49.0,16.0,22.0,12.544072286503807,12.082061505432664,1099.706,-4.292947133744094
202210,456.0,130.0,71.0,10.60700576752029,10.544235564296866,665.389,0.5145814766351418
202310,99.0,15.0,25.0,11.944467592788511,11.944474087834415,999.373,-6.2918148135823255
202410,26.0,3.0,9.0,13.031563013077832,11.740260220902906,722.806,-3.3748265646547635
202303,27.0,13.0,8.0,10.825143863908693,10.82516375668662,122.295,-6.2918148135823255
202312,150.0,12.0,9.0,12.836833653654024,11.805930843453355,102.965,-6.2620518727231165
202211,123.0,17.0,24.0,11.69346209639893,11.607489912239698,290.236,-1.3633016539740135
202210,74.0,2.0,13.0,13.686657348414496,12.646328798486536,2537.269,1.5536865949535485
202307,4.0,0.0,0.0,12.419836343238122,12.419840380925901,1161.669,-6.036112197176701
202310,263.0,25.0,92.0,13.013496722417214,12.97605817451462,798.694,-5.283828118654865
202402,63.0,9.0,25.0,14.140138643013946,13.340877027246677,1592.022,0.8143433230633255
202208,93.0,0.0,16.0,10.901081735474317,8.792549614177382,121.277,-6.2918148135823255
202303,61.0,7.0,5.0,9.35079772467144,9.350884616968491,60.804,-6.276933343152721
202308,21.0,3.0,5.0,10.552839573096401,9.588228712314113,148.866,-5.319485397273138
202307,27.0,11.0,2.0,12.985785061906908,12.855706713758373,2527.649,-5.04596088647694
202212,1178.0,549.0,167.0,12.405378318864289,12.309639553635224,2121.774,16.90342445832139
202307,134.0,22.0,42.0,11.629098316086102,10.970110253663124,810.925,-6.19622541548757
202401,191.0,39.0,33.0,13.63722683812337,13.41286796281613,1175.794,-1.3633016539740135
202401,67.0,20.0,10.0,10.618469607703592,10.40961214374347,86.371,-6.271039005393656
202407,336.0,128.0,73.0,10.908008917804642,10.903714939282837,950.438,7.275651466509288
202207,116.0,34.0,26.0,12.676638616632085,12.629950526645464,1203.091,-5.255559743171732
202309,179.0,25.0,24.0,11.840738893506433,11.266052586956782,492.457,-5.298709589084469
202401,342.0,166.0,50.0,12.319486148668615,12.222334698658845,682.189,-0.4441403072644565
202301,133.0,13.0,47.0,13.827388732302747,12.84440190644965,1543.606,5.476437299221486
202308,112.0,6.0,19.0,11.724611630394087,11.698931890953672,730.455,-6.258381774551138
202210,38.0,3.0,19.0,10.90764263085135,10.621985665531742,375.917,-6.094955753876456
202405,106.0,30.0,39.0,13.55601158462672,13.345618922447008,1905.893,-4.150296921258081
202404,75.0,7.0,37.0,13.28666182262439,12.760925680973328,802.701,10.677974656440375
202312,1.0,0.0,0.0,15.305964463865081,15.305964689135436,6923.601,-6.0717201171990665
202208,267.0,46.0,35.0,10.929815845619073,10.715794598265331,710.721,-4.221715142653951
202311,20.0,9.0,4.0,13.441064350683273,12.06344861127476,655.245,-6.2918148135823255
202409,58.0,2.0,0.0,10.383441512635033,3.6375861597263857,6.267,-6.275982941585651
202311,22.0,5.0,14.0,12.13433493899923,11.826596869883259,472.638,-6.2918148135823255
202407,3.0,0.0,0.0,13.36605280914543,12.783980115937762,1276.118,-6.227889159480919
202311,105.0,18.0,26.0,11.791897212443683,11.590904506286817,250.049,0.7680188359964326
202306,119.0,25.0,20.0,11.494333704279097,11.307277961272769,266.999,0.7680188359964326
202308,511.0,102.0,161.0,12.87223139261863,12.335160429935119,2190.187,2.102748626709028
202301,523.0,36.0,131.0,16.211930288139406,14.733276601031493,10435.121,-2.090312086537102
202303,97.0,12.0,34.0,12.258328226771182,11.743060518673188,556.214,-6.276933343152721
202310,106.0,30.0,39.0,13.312249583290551,13.104339926434877,1921.631,-4.150296921258081
202210,345.0,119.0,81.0,12.156682801588765,11.593850859883812,767.177,-2.679289547254068
202407,62.0,10.0,11.0,12.539192841764676,12.309666601740279,694.457,-3.055148935551825
202402,360.0,61.0,127.0,12.303861568891628,12.248739337549292,1071.789,-3.269349294176019
202303,81.0,17.0,26.0,14.114484140693808,12.90761945026845,3537.763,-4.283230326862545
202210,651.0,99.0,170.0,12.839246866895467,12.669432377890365,1756.726,125.76999691479604
202208,379.0,25.0,76.0,13.478458953541944,13.307510937287347,3216.895,31.615290969072568
202403,131.0,20.0,44.0,15.313034304187358,14.57943395224406,5716.864,9.46017323362986
202207,551.0,140.0,149.0,10.514312345592575,9.384629757072872,1089.576,23.78767009444433
202211,97.0,15.0,31.0,13.234609333914856,12.871763836387762,741.226,-4.072852437360835
202404,46.0,25.0,8.0,12.865872431186036,11.0955294659941,565.728,-2.402497148345576
202303,58.0,5.0,19.0,12.224231766146083,12.070081086318826,567.9,-6.246220000726442
202301,47.0,17.0,20.0,13.404780614902798,13.261829623891854,3809.775,-2.901204132857058
202311,247.0,49.0,64.0,13.015490607755506,12.536167446613561,1145.211,-2.290256984783378
202303,89.0,9.0,31.0,13.052895393069141,11.87893569917829,240.609,-6.2263945941048435
202404,133.0,24.0,32.0,12.625414359973682,12.395460841378068,404.531,0.6757754478159859
202211,356.0,151.0,67.0,12.960890958946335,12.75968473298272,938.927,6.583435424111315
202401,116.0,13.0,13.0,13.622138164983234,13.455842567899854,1672.333,-6.1380230336427894
202208,334.0,152.0,78.0,13.373820684366478,12.860247682040978,2931.072,7.796887084939474
202312,22.0,6.0,7.0,12.392033405716667,11.697344819846329,1211.94,-6.2918148135823255
202407,524.0,120.0,142.0,14.263295418393287,13.881815954757329,4642.826,52.01652224360207
202407,144.0,18.0,62.0,13.20020921218028,11.335388444008428,2473.843,-2.3817213401569073
202404,137.0,53.0,58.0,13.4719802718089,13.46643381728641,2899.382,-4.1700397617332765
202207,146.0,42.0,47.0,12.088605809877299,11.651417035547333,1048.762,0.6906569182455904
202207,139.0,40.0,62.0,12.602631544167341,12.602513826873695,866.437,-6.0666380197974155
202208,116.0,13.0,14.0,13.485058762065819,13.378316364252425,1686.765,-6.171456072673977
202211,145.0,12.0,79.0,13.520375447160404,13.403345555605574,1385.909,-6.097838814997305
202208,5.0,1.0,0.0,15.131795727747683,15.131795995877157,4257.49,-6.100037851278107
202406,150.0,15.0,21.0,13.254748613442265,13.254750365447654,1357.242,-5.224846400745453
202210,353.0,63.0,144.0,13.37797411885604,12.86630141166625,2293.022,4.105204558476556
202309,102.0,17.0,28.0,11.784729648255414,11.783318947284467,112.39,-1.3935600518510451
202207,43.0,21.0,6.0,12.91961296527434,11.9880720962792,2055.117,-6.179574650020127
202307,78.0,18.0,16.0,12.186767494472168,11.911164527986653,1686.79,6.369243406625779
202401,224.0,42.0,147.0,12.081914330900386,12.081919991859861,795.345,-6.250125035995331
202303,13.0,6.0,4.0,12.832831595293923,12.564047743901716,986.87,-6.2918148135823255
202407,68.0,3.0,15.0,12.25715541775949,11.493375605725513,832.561,-4.3313241089672765
202212,224.0,84.0,75.0,14.318079388033174,14.044522456795848,1974.723,9.284926486679952
202211,14.0,5.0,2.0,11.245189800327386,10.906762994377685,357.235,-3.296019440123753
202401,294.0,20.0,8.0,11.375695813638007,10.976782033219948,215.927,-6.2918148135823255
202307,284.0,101.0,26.0,10.767621459392718,10.711769821588275,270.679,-3.2935744731806067
202404,498.0,13.0,17.0,12.3534403730606,12.121587166681289,879.72,-5.084509230460275
202308,43.0,10.0,20.0,12.24896928648248,11.55349142671689,1158.854,-0.30921119933571983
202310,68.0,6.0,30.0,12.637572554521777,12.362105838032317,1290.533,-6.271039005393656
202207,570.0,131.0,272.0,14.341477373160709,14.282359842491482,5654.318,18.15919705144531
202303,263.0,43.0,106.0,12.672604630586731,12.51535352529819,789.872,11.697191721435113
202307,26.0,6.0,8.0,12.491364363359317,12.279281284833882,988.008,-4.313722941932763
202301,99.0,32.0,42.0,12.135016933564337,11.929996298685865,1184.342,3.5751625297090346
202307,123.0,26.0,28.0,11.22426958518863,10.859883221906587,271.899,0.061158201570327364
202312,2.0,0.0,0.0,12.874063543521435,12.74450857250408,0.17,-6.227889159480919
202207,189.0,42.0,21.0,12.488084925040328,12.488088696355328,550.412,-3.190542169645009
202306,86.0,4.0,22.0,11.863871027302588,11.431726255472853,837.46,-5.595873445814275
202402,85.0,13.0,16.0,13.488784076816668,13.48878546323792,684.409,32.583827021868515
202408,248.0,60.0,69.0,12.946179744953398,12.518006989734088,2337.405,12.599773175932059
202207,899.0,361.0,146.0,10.573442868819397,10.573468455064233,1737.52,56.24591504310905
202407,96.0,9.0,28.0,12.146386333363521,11.44999631476691,1330.335,-1.4301677320363888
202408,165.0,73.0,33.0,10.822474645958026,10.820637914822164,302.777,-2.934637171888246
202208,129.0,16.0,63.0,11.551424764120839,11.507148812192774,922.851,5.82449603305065
202211,275.0,74.0,94.0,14.678649427277291,14.21153255322913,4096.58,19.831265623789143
202301,122.0,10.0,13.0,12.374460071667626,12.014179426179162,605.363,-6.2918148135823255
202301,240.0,94.0,71.0,14.935935870028064,14.789733160039429,2241.303,2.894436407232133
202406,262.0,92.0,79.0,12.340568572841525,11.86284262644558,612.103,-5.112826964539315
202211,20.0,9.0,4.0,12.863603011087577,11.937369331676175,625.272,-6.2918148135823255
202308,267.0,35.0,46.0,11.632395964946395,11.486376129736692,445.789,-4.298841471503159
202303,689.0,191.0,122.0,13.529753298537456,12.899017305584225,2313.746,63.689784062262795
202405,279.0,25.0,28.0,12.71510165635322,12.692475445309574,613.338,-5.947218290822283
202307,591.0,157.0,102.0,12.222605226164534,12.213847344084073,872.653,3.708390266157201
202404,253.0,149.0,44.0,11.21687514284793,11.216888588135694,301.86,-2.0023458087706736
202307,68.0,22.0,18.0,11.644190541439231,11.644199311253532,744.37,10.69797143182213
202301,61.0,22.0,21.0,13.701423184926504,12.560591767353399,1252.362,-1.3504102059383083
202301,61.0,2.0,10.0,14.873298421553619,13.951072387855202,3453.083,11.683737111780752
202303,23.0,5.0,14.0,12.03480378206158,11.71176812696049,481.181,-6.2918148135823255
202210,280.0,42.0,155.0,13.345860466216791,13.292549935361555,1122.479,-5.252164374661515
202407,127.0,16.0,51.0,12.203454220445305,11.773750083252127,575.564,10.053884002121558
202301,499.0,230.0,79.0,13.70878021563325,13.66508293893714,2412.684,24.087097013258962
202401,56.0,1.0,1.0,12.220434025465202,12.22043895415932,1968.097,-5.780409580771076
202303,474.0,198.0,93.0,12.336021378085428,11.834327572624572,1311.071,10.461203517475537
202407,67.0,25.0,21.0,14.241871160024537,12.277830357985998,5000.778,-4.3263801727752815
202410,78.0,9.0,16.0,13.49567850239286,13.109735986421144,3267.682,-6.140247273229875
202301,323.0,57.0,77.0,12.644150141365815,12.033063592458527,1025.607,-6.2918148135823255
202208,229.0,75.0,84.0,12.139008270440947,12.058216281536394,1218.799,-1.196546395950537
202211,73.0,14.0,40.0,12.868721958064286,12.377948165295619,915.752,-6.275982941585651
202401,157.0,39.0,62.0,13.882262253224258,13.60309426334095,1752.362,-6.276933343152721
202312,205.0,49.0,40.0,13.278857594715463,12.84352210961803,856.53,11.497075454428684
202208,485.0,123.0,80.0,10.795608535103078,9.092007185014317,1860.985,81.36093507649727
202408,351.0,150.0,66.0,11.934427950776017,11.495107666597255,1296.821,6.583435424111315
202212,132.0,36.0,53.0,14.309196533555687,14.23786293673209,4753.845,5.881125920584308
202311,54.0,23.0,19.0,10.681871619942246,10.681090764636389,132.214,-6.2918148135823255
202309,173.0,10.0,40.0,13.01302830699109,12.450875922195422,1150.847,-5.248170840036591
202208,114.0,31.0,22.0,11.888295560435076,11.882003175626004,866.586,-3.3747544558139424
202312,581.0,125.0,259.0,14.701236097356066,14.635070100878657,3010.231,34.385047427578755
202211,203.0,7.0,26.0,11.916368530126753,11.30316693326614,414.927,-6.256157534964052
202309,38.0,3.0,13.0,12.807203216523874,11.551492118119045,2169.957,-2.9934475210375044
202301,21.0,7.0,5.0,13.142928459056337,12.250959965406064,785.691,-6.227889159480919
202301,9.0,3.0,5.0,13.380801483048689,13.332499497692874,938.157,-6.2918148135823255
202207,59.0,7.0,22.0,13.036160400843732,12.643385197077459,1144.756,-5.2809702608402995
202311,113.0,9.0,13.0,11.486458278755057,10.798799766025086,280.127,-6.250263197204988
202207,16.0,4.0,2.0,11.812370580754365,10.9977570917701,1029.176,-1.4152862616067843
202402,89.0,38.0,22.0,11.641283498820753,11.641292294166258,506.319,-5.2860523582419505
202207,174.0,33.0,28.0,11.615066804636655,11.553145678456593,638.957,-6.2918148135823255
202210,101.0,10.0,50.0,12.505917945107761,12.505921649765071,755.527,19.779825831770104
202301,898.0,361.0,147.0,11.870536970198486,11.578469730177634,2344.773,56.24591504310905
202309,66.0,21.0,19.0,14.742753890528565,13.793727009939523,6157.624,-6.19622541548757
202310,55.0,16.0,2.0,10.092619201258632,10.092660584279184,159.681,2.492582972231549
202303,246.0,49.0,63.0,13.154427775880368,12.656093568766531,1119.092,-2.290256984783378
202307,215.0,19.0,65.0,12.843981919835503,11.740021196122866,1394.35,-0.5778139231780983
202312,187.0,72.0,56.0,13.650381165347028,13.378525370567498,784.945,-5.319485397273138
202307,111.0,21.0,32.0,13.060541163760986,12.678554451557693,2176.477,-2.2558735441851203
202208,66.0,8.0,17.0,14.442745474233456,13.886355712914538,12934.595,-5.1708582808816566
202306,217.0,41.0,82.0,13.286687276963127,13.164834571247475,1711.423,4.864773966773923
202208,69.0,6.0,16.0,14.577539003783427,12.25537220374595,3702.627,0.9754563015371733
202408,209.0,41.0,55.0,14.274282598396306,13.792988837281985,2661.315,0.6771874470456583
202401,45.0,9.0,7.0,14.663274024225952,12.110524937518258,2502.542,-5.304603926843534
202307,49.0,16.0,22.0,12.506240198961391,12.037902483739114,1124.193,-4.292947133744094
202308,113.0,18.0,20.0,9.328478899993224,9.328567753340833,624.158,-4.203472800764464
202404,454.0,181.0,130.0,14.082680181255933,13.503034301097212,2795.235,3.833854928671535
202212,107.0,16.0,41.0,13.76989898671166,13.064490590813858,2279.616,-6.271039005393656
202403,15.0,1.0,1.0,13.661132518959544,12.864133952692589,1449.184,-5.319485397273138
202212,101.0,10.0,17.0,13.706130865112636,13.390862630439337,732.854,7.335678485175901
202208,104.0,26.0,20.0,13.669413692266748,13.48748970755764,2112.274,11.463642415397496
202210,324.0,22.0,21.0,10.88429180523535,10.884310555528323,187.207,-6.2918148135823255
202405,195.0,44.0,29.0,11.898425932658796,11.668295401202217,351.438,5.537422529361923
202408,171.0,30.0,54.0,12.702365173598828,12.617917360602377,1423.602,-3.3540507564660946
202404,310.0,17.0,31.0,13.488122534650435,13.406474080100317,2262.216,-2.2504654818286776
202211,100.0,12.0,44.0,14.499432314862334,14.396410787931199,4164.667,11.540788461960071
202210,35.0,3.0,16.0,13.329834353005912,13.037356535445802,2566.493,-4.072852437360835
202208,163.0,42.0,41.0,12.060971726147756,12.004384766245254,1414.442,-6.2620518727231165
202402,106.0,22.0,29.0,12.557306815263445,11.911070513360594,549.616,-4.80048887997561
202303,381.0,6.0,20.0,12.144457846149699,11.368916516819747,564.309,-5.772818296284798
202212,91.0,17.0,10.0,11.763793126799197,11.733112650538533,128.043,-6.2918148135823255
202403,219.0,65.0,84.0,13.831267758643307,13.720678863667498,1504.736,-2.134087942501525
202301,178.0,52.0,52.0,13.535068877167987,12.737759159963494,1186.105,0.9374217605765827
202211,4.0,0.0,0.0,15.741257065994365,15.712183643005293,15079.311,-5.239727871175058
202207,248.0,43.0,73.0,11.223508555224731,11.218460440221616,396.757,-6.251075437562401
202212,219.0,68.0,84.0,14.302041849815614,14.136977200249628,1575.482,-2.134087942501525
202301,204.0,81.0,48.0,12.459011864235046,12.2227084991816,830.27,6.485608612909203
202301,29.0,5.0,15.0,12.829357827021187,12.829360507918055,883.218,0.734585796965245
202210,275.0,9.0,1.0,10.92258754839142,9.575261224768767,338.261,-6.256157534964052
202210,58.0,7.0,32.0,12.828515669761583,12.785986736213728,2130.581,-1.332809038903795
202409,76.0,15.0,14.0,10.665297550121043,10.648539090746434,325.836,-6.276933343152721
202301,248.0,43.0,73.0,12.363614710959906,12.35257702390313,417.693,-6.251075437562401
202208,294.0,20.0,8.0,11.302179741991715,10.34177474101152,284.544,-6.2918148135823255
202310,311.0,134.0,31.0,11.604911945582602,11.29044419429977,479.572,-2.855830047357235
202303,353.0,100.0,76.0,12.790403345458902,12.2552389294339,972.934,1.8421554246123844
202211,91.0,17.0,43.0,12.901539633255593,12.676366857552644,1395.787,-6.19812621862171
202303,82.0,18.0,21.0,11.360065618325892,11.031852799353585,209.406,-5.222126704140544
202301,13.0,5.0,0.0,12.464826554346077,11.627298247874727,964.792,-6.258381774551138
202312,99.0,31.0,43.0,12.059033286880785,11.637026279146898,968.182,3.5751625297090346
202403,29.0,9.0,15.0,13.106492092245908,12.82342080954183,865.701,-6.258381774551138
202212,49.0,20.0,11.0,12.762638071552832,12.755739102611928,809.579,-6.148131633382839
202312,43.0,6.0,7.0,13.244278309452094,12.558544769982985,274.078,1.4868205168911732
202303,600.0,200.0,118.0,13.382608474945977,13.283243364569554,982.63,0.9141469831390658
202311,250.0,82.0,48.0,12.599367326861614,12.46489989289034,703.613,35.56444816749319
202404,105.0,14.0,52.0,13.238780146810566,13.125396772007434,1651.234,-5.718692015211344
202311,215.0,28.0,83.0,14.925145869272676,14.142055827745093,7938.724,7.781762215701484
202210,73.0,3.0,18.0,14.03218442593769,12.854957022938057,3736.573,-3.2135422174207635
202311,384.0,109.0,85.0,9.351232110673664,9.351318965235755,1524.43,16.509874459264232
202303,20.0,4.0,9.0,12.28241775627938,11.93268130572818,409.813,-5.304603926843534
202409,2.0,0.0,0.0,4.875197323201151,0.6931471805599453,400.595,-6.2918148135823255
202307,241.0,106.0,78.0,10.316887760963617,10.20459164531955,1294.479,-5.304603926843534
202311,525.0,159.0,188.0,12.83771669349607,12.832935782414086,1568.355,-4.053854132642224
202207,81.0,34.0,8.0,9.715469803197292,9.707655133714226,108.718,-5.996362363483974
202311,21.0,7.0,5.0,11.812763355192022,11.077964602632951,671.722,-6.227889159480919
202408,211.0,22.0,76.0,13.383509977742746,12.677793549415403,2930.8,-0.17381796524253623
202306,188.0,0.0,7.0,9.918770176067286,9.82265703462158,68.93,-6.2918148135823255
202408,217.0,46.0,87.0,15.000909531714012,12.90697964070156,7322.52,-5.2070245063548795
202404,132.0,36.0,26.0,11.288743875080346,11.078968285460816,353.475,2.899339325966878
202301,555.0,70.0,96.0,13.132375092512058,12.9757617979475,3026.465,-5.007106295252184
202303,405.0,76.0,49.0,13.665433901356387,12.821047451585875,509.656,-4.203081007905964
202410,32.0,8.0,19.0,10.832240309801332,10.828539790078857,468.227,-6.258381774551138
202207,112.0,28.0,30.0,12.234606651002178,12.012190522149064,1112.937,-6.258381774551138
202310,905.0,392.0,173.0,11.568284483090506,11.206862154569642,1671.703,21.00997528848415
202303,62.0,23.0,21.0,13.728726427879383,13.510801682050149,2105.381,-3.023940136107723
202401,97.0,17.0,27.0,15.9696990015673,12.612154230244247,10089.11,-6.2918148135823255
202303,76.0,9.0,7.0,12.745748082400219,12.463401175017648,980.781,-6.2425499025544635
202311,627.0,193.0,223.0,13.741366585162536,13.729708631113061,1319.478,26.38113924733682
202407,238.0,105.0,78.0,10.456740281942015,10.313343008945585,1300.983,-5.304603926843534
202404,82.0,9.0,6.0,13.08347700835183,12.576148889565165,898.682,-6.271039005393656
202402,62.0,17.0,34.0,13.351905613402028,12.777919047926243,2167.59,-6.22494873551995
202402,11.0,4.0,1.0,12.918743002578854,9.180293450623886,500.848,-6.227889159480919
202306,12.0,4.0,6.0,11.744338727766893,11.608826379347432,378.913,-6.2918148135823255
202301,191.0,12.0,13.0,12.711603275526523,12.129197000747673,1931.603,-6.227889159480919
202309,114.0,36.0,25.0,11.858109642193464,11.840472273916962,674.331,-2.3310444298993724
202402,113.0,14.0,43.0,12.54581453101901,12.528105418775068,421.793,-6.2918148135823255
202210,301.0,88.0,98.0,12.494262089247384,12.308656309300996,1023.145,7.366944453122665
202210,226.0,74.0,41.0,9.918080554839028,9.914674741926692,289.266,-2.8464186341814224
202403,42.0,9.0,20.0,12.688273460746686,11.670125775656922,642.404,-6.2918148135823255
202410,75.0,11.0,31.0,13.745997551230435,12.6674548417967,4846.101,-5.078614892701211
202405,88.0,18.0,13.0,9.449986995389407,9.450065682882071,182.89,-6.2918148135823255
202301,28.0,7.0,14.0,13.264059100992695,13.1871468685343,826.08,-6.036112197176701
202401,99.0,31.0,43.0,12.255224648989778,11.858874087052637,1165.891,3.5751625297090346
202212,487.0,188.0,112.0,13.296958495329868,13.028151594141598,1275.458,6.589566640271851
202306,18.0,6.0,1.0,14.256025513759385,13.918318017345667,3017.224,-4.2193046727611385
202406,353.0,151.0,65.0,11.769828691229426,11.728867144953695,953.502,6.739604466393166
202403,230.0,18.0,32.0,12.790991312767025,12.141363443160722,324.886,-6.271039005393656
202303,202.0,7.0,35.0,11.83806226907055,11.770362224585982,133.718,-6.256157534964052
202303,52.0,18.0,14.0,12.227794997602489,12.227799890149917,218.62,-5.319485397273138
202210,17.0,7.0,9.0,10.348429751186492,10.033726029459856,264.29,-6.2918148135823255
202407,28.0,12.0,5.0,11.020741664308893,10.980314249132315,925.093,-2.1438873155294784
202301,63.0,10.0,32.0,14.414082188813119,14.188334010049983,4098.21,-6.097097427317138
202210,144.0,12.0,80.0,13.37481094122238,13.264145885756122,1521.755,-6.11367068699398
202301,309.0,17.0,32.0,13.76631506165887,13.685929068477028,3054.235,-2.4705601782119366
202404,40.0,6.0,20.0,12.92299494474089,12.271954014643686,778.923,-0.3939126616257953
202210,215.0,28.0,77.0,13.170635312077954,12.93777204662122,1075.983,-5.319485397273138
202301,217.0,101.0,56.0,12.259210487693025,12.25921522892826,703.67,-4.971539392687067
202307,905.0,394.0,171.0,11.669287982594087,11.200800415433207,1998.43,21.00997528848415
202301,133.0,24.0,30.0,13.273641363566822,12.920369584812853,567.634,0.8958701441992449
202311,74.0,10.0,26.0,11.6942465214306,10.89077714255997,432.901,-1.3020236664292817
202405,20.0,9.0,4.0,12.518157044540974,11.843667026882457,620.359,-6.2918148135823255
202312,118.0,19.0,58.0,12.210791494230115,12.21079647067907,646.817,-6.2867327161806745
202211,389.0,114.0,152.0,14.453487464670623,13.261161377075094,3878.661,1.9735551240806455
202410,17.0,4.0,2.0,8.537387898701757,8.537583881063972,26.354,-6.2918148135823255
202207,114.0,7.0,5.0,12.524526376648708,12.524530013005734,1775.577,-6.2918148135823255
202406,195.0,44.0,29.0,11.552722934844294,11.30384506239558,395.891,5.537422529361923
202409,13.0,6.0,3.0,12.256452022422325,7.926602599181384,1191.204,-6.271039005393656
202403,160.0,39.0,58.0,14.826019237010163,13.231642804089482,1890.337,18.891896460945645
202303,74.0,26.0,20.0,10.149018622727967,10.137847959055502,121.623,-5.319485397273138
202402,230.0,75.0,83.0,13.427168018412832,13.342393286361267,1277.287,-0.9125260454658726
202409,64.0,6.0,9.0,10.023268590855185,9.891465577308802,117.404,-6.2918148135823255
202212,95.0,49.0,16.0,12.671905087457093,12.611127669565358,660.046,-6.177278301592221
202308,21.0,4.0,15.0,11.369343736492205,11.347366625506945,192.907,-6.2918148135823255
202310,610.0,197.0,76.0,10.33695685705389,0.6931471805599453,867.829,5.39234085453832
202210,107.0,16.0,41.0,13.939547773181825,13.185533462660466,1944.39,-6.271039005393656
202403,142.0,19.0,34.0,12.466978154222943,12.460416369746403,480.837,-6.2168301581738
202404,118.0,18.0,59.0,12.253356914503618,12.25330445323552,614.098,-6.2867327161806745
202311,352.0,152.0,65.0,12.643656383519797,12.631235800302756,894.119,6.519509770009908
202403,71.0,13.0,11.0,11.71744872974787,11.717456880072456,547.206,8.108932412098886
202211,47.0,10.0,31.0,11.805520449282653,11.805087487443716,549.438,-6.2918148135823255
202211,163.0,39.0,26.0,12.014633650931318,10.061943238228102,1710.232,-3.2418931590503
202403,101.0,10.0,19.0,13.446807855384181,13.05738742727531,649.213,7.335678485175901
202303,215.0,34.0,54.0,12.595449021288752,12.313203593048222,1037.952,19.52445699022602
202407,610.0,192.0,79.0,10.402958960463414,0.6931471805599453,938.976,5.61243555092158
202308,9.0,0.0,0.0,5.771441123130016,0.6931471805599453,0.031,-6.2918148135823255
202312,44.0,14.0,15.0,13.057754453788561,12.390625045475488,632.718,-4.283230326862545
202307,161.0,61.0,32.0,10.52048236489583,10.450654748704556,321.865,-4.013870719451424
202303,88.0,7.0,15.0,12.547312072450136,12.058726263871923,451.577,-6.2918148135823255
202207,59.0,14.0,17.0,10.217275872072388,9.957738967368044,306.195,-5.0659576618586915
202409,88.0,17.0,26.0,12.374489647153776,12.26507241858277,2062.3,-5.147142048732019
202311,62.0,23.0,21.0,12.901689274491012,12.030176402127882,785.039,-1.4143358600397145
202403,403.0,151.0,67.0,12.973584908045426,12.366408443730027,2233.25,43.6705958103643
202211,190.0,12.0,13.0,12.576801370829477,11.937722501377884,1294.31,-6.227889159480919
202404,483.0,114.0,83.0,11.416524690683874,11.416535702626327,685.11,2.4191832582522537
202207,35.0,5.0,11.0,14.002619802137241,13.892951113744507,2511.597,-5.20629483214387
202408,97.0,9.0,52.0,12.306098959597298,11.555419660582594,806.017,-6.2918148135823255
202402,300.0,100.0,75.0,13.975781612883988,13.946040450591052,1774.547,-3.2603621615054794
202310,14.0,0.0,6.0,12.603599663536768,12.358879565773933,423.844,-3.307960486592388
202401,335.0,44.0,65.0,13.111836160184213,12.442724546869176,771.281,-5.0525165420414595
202401,301.0,142.0,76.0,13.108264453024827,12.757869372699137,817.37,-3.2144555934356545
202303,20.0,4.0,9.0,12.277388150946768,11.984496615013056,343.567,-5.304603926843534
202404,37.0,9.0,15.0,13.327512393837653,13.154420028296647,1576.84,-3.5560801596503926
202306,36.0,12.0,9.0,12.584026087915586,12.437430367978745,876.807,-6.276933343152721
202311,530.0,161.0,90.0,11.840162329380137,11.825405022561844,513.567,-4.156756520839071
202311,219.0,42.0,83.0,13.418482259676326,13.271072995753055,1567.389,4.864773966773923
202310,21.0,4.0,9.0,11.943895863486755,11.512725444967561,354.942,-5.304603926843534
202301,250.0,13.0,25.0,12.952080266862051,12.840538783050215,1057.103,4.48851022810881
202311,267.0,115.0,71.0,14.24504564584283,13.268371856439868,1546.433,-1.0822217274503174
202210,165.0,13.0,8.0,13.22493621108483,12.43272603016685,1844.644,-6.20711335129225
202301,34.0,10.0,7.0,10.407500019368872,8.480529207044645,58.081,-6.2918148135823255
202406,341.0,170.0,36.0,11.972670403324726,11.969235767083962,1458.046,-5.158201050039138
202307,1162.0,408.0,243.0,12.045440170851206,11.989277649426041,2259.939,35.11057783753744
202404,476.0,85.0,129.0,15.72525793075074,15.329293811267858,13759.409,119.79033540351794
202303,188.0,28.0,53.0,13.890529900408186,13.431103171544644,1271.334,13.692321598500532
202404,248.0,12.0,65.0,11.781676979762544,11.78168462306491,495.55,-6.2918148135823255
202403,65.0,30.0,18.0,14.972567525471304,14.480888209578058,6527.976,-5.078443523941058
202408,5.0,1.0,0.0,12.077295647126256,0.6931471805599453,486.027,-6.163963505379513
202405,413.0,176.0,153.0,13.363645427021792,12.315182623161931,1942.197,7.651948412724895
202309,1.0,0.0,0.0,3.871201010907891,0.6931471805599453,202.29,-6.2918148135823255
202301,264.0,26.0,90.0,13.81406451294495,13.627297279011131,1007.792,-4.311498702345677
202301,45.0,16.0,14.0,10.079623350242997,10.079665274569594,295.314,-5.319485397273138
202211,314.0,97.0,87.0,11.829938158292359,11.828400217881422,504.146,17.382996047448003
202208,276.0,38.0,58.0,11.913679493348274,11.691397956942552,647.154,5.000014178111876
202303,191.0,44.0,55.0,12.833675465932709,12.73180363041813,616.903,4.14597228587918
202410,206.0,12.0,3.0,7.99260665240021,7.932003152361385,12.52,-6.2263945941048435
202212,189.0,49.0,50.0,13.644436312362927,13.456870827954049,1199.001,17.815260599823134
202301,242.0,21.0,51.0,13.950233740125434,13.314559354579565,1676.84,-6.2918148135823255
202403,37.0,9.0,15.0,13.71993314245567,13.47482144279502,1754.824,-3.5560801596503926
202310,530.0,161.0,90.0,10.897979297204449,10.890348577779573,447.032,-4.156756520839071
202404,133.0,14.0,46.0,13.753775569919359,12.932086258881718,1269.196,5.476437299221486
202311,35.0,11.0,10.0,13.521814437323702,13.300702012887342,2245.475,-0.07645927210994241
202405,264.0,39.0,132.0,13.550364628250783,13.355311506375969,2222.592,-5.2860523582419505
202303,204.0,59.0,40.0,13.452012388677415,12.606454857581198,944.42,2.899339325966878
202308,231.0,11.0,15.0,10.227272501968187,10.136819030237827,73.334,-6.276933343152721
202211,63.0,13.0,15.0,11.496938349342779,11.496948510447087,428.216,-6.2918148135823255
202306,646.0,107.0,148.0,12.862739953399638,12.818660318231702,1457.78,-4.284828556397944
202207,188.0,18.0,49.0,12.316978755913599,12.302427733772937,894.447,-6.256157534964052
202306,311.0,135.0,30.0,11.292702644166996,11.003948132061856,497.898,-2.855830047357235
202408,210.0,28.0,48.0,13.046147338684971,12.987878387393167,3604.535,-6.076321619128469
202409,28.0,1.0,1.0,10.06496844345823,5.365976015021851,78.85,-6.2918148135823255
202301,264.0,20.0,57.0,12.549821911657684,12.549825457184914,1021.331,-6.250263197204988
202306,261.0,62.0,96.0,13.506576248038991,13.107341105978621,2265.106,-4.347155980963951
202309,23.0,3.0,0.0,8.232706009860976,8.232971790593437,18.379,-5.319485397273138
202303,106.0,42.0,25.0,9.552297538827965,9.552368574168076,158.366,-5.319485397273138
202309,353.0,16.0,24.0,11.122708510624436,10.337766849160253,549.136,-5.255559743171732
202409,2.0,0.0,0.0,11.850382930379844,0.6931471805599453,1018.593,-6.2918148135823255
202408,278.0,57.0,33.0,12.211124861566686,12.112953563516912,802.288,-5.205668822092183
202303,375.0,56.0,85.0,13.905614481432126,13.128965535118805,1019.13,-6.000710953668257
202312,264.0,37.0,132.0,14.273249279789937,13.94700537818232,3075.366,-5.2860523582419505
202311,324.0,81.0,95.0,14.399728083280902,14.127098592214393,1673.701,14.759069283981342
202410,175.0,12.0,16.0,9.629576884168266,9.320539164274258,88.319,-5.985524089532915
202306,68.0,12.0,26.0,11.519583252634295,11.519593186228219,375.628,6.026219188993528
202405,278.0,105.0,53.0,11.495128025939648,11.22376229623665,449.433,-3.3020254496384642
202407,127.0,16.0,89.0,11.540491992688034,11.540501720740332,393.162,-6.256157534964052
202301,136.0,59.0,34.0,12.020429578623824,12.020080359846757,506.097,-1.8983821014776519
202401,43.0,15.0,8.0,11.776911490594982,11.776919170408208,444.955,-6.20711335129225
202210,134.0,52.0,56.0,13.56147729414023,13.55475599722829,3387.144,-4.1700397617332765
202312,237.0,85.0,43.0,11.652104628867342,11.622407475587226,648.084,-5.914105868137046
202303,72.0,11.0,42.0,12.849546271846547,12.757552569756557,1517.574,2.07103552411977
202301,491.0,114.0,132.0,14.761805041618933,14.516355038158093,6348.163,72.12036248721301
202309,64.0,1.0,2.0,10.499765839127752,10.499793381646517,147.239,-6.2867327161806745
202308,59.0,15.0,29.0,11.411656567215656,11.070287944507681,2277.358,0.5195731979836369
202303,223.0,42.0,147.0,11.056635373852252,11.05665115580874,568.565,-6.250125035995331
202301,74.0,2.0,13.0,15.323179497422865,13.668860345838093,3961.992,1.5536865949535485
202307,79.0,21.0,27.0,12.232792470229555,10.98017796989595,810.283,-2.3817213401569073
202306,54.0,14.0,25.0,11.051889505706754,10.797389515931872,423.2,-6.00779446309766
202303,627.0,201.0,168.0,14.117321841336915,13.414673225166512,2389.482,19.588359972875104
202406,92.0,8.0,38.0,12.223440939691265,11.424017745604889,382.79,-6.271039005393656
202303,84.0,31.0,21.0,14.549473813026951,14.26586489815692,7029.734,0.6118497937145797
202406,13.0,5.0,0.0,12.056516395129652,11.301661076186097,632.814,-6.258381774551138
202307,485.0,37.0,182.0,13.595274027168513,13.167126395877844,2901.99,-6.2918148135823255
202210,651.0,99.0,170.0,12.839246866895467,12.669432377890365,1756.726,125.76999691479604
202303,32.0,5.0,2.0,14.039308295252171,13.674109422846463,9967.47,-4.155379018659732
202212,42.0,6.0,6.0,13.289972231231545,12.542744862154052,256.384,1.4868205168911732
202401,54.0,8.0,5.0,12.871180369058873,12.403906593954638,1283.322,-6.194456120449732
202407,41.0,11.0,10.0,12.284019311889251,12.02595865027822,1555.251,-5.260056291441973
202401,215.0,63.0,56.0,11.456862921033688,11.456873497616078,751.098,3.1907485795866837
202404,555.0,207.0,95.0,14.997349096837224,14.905940798112752,1133.134,27.94024569250825
202403,62.0,3.0,34.0,14.172190101892426,13.583192549728858,1985.554,-6.129118467118653
202306,43.0,15.0,21.0,12.44999090054078,12.371091198364917,871.014,-6.258381774551138
202311,29.0,5.0,15.0,12.353932148769026,12.353936461521188,574.278,0.734585796965245
202408,191.0,48.0,51.0,13.023578969452467,12.49736818155179,1551.954,17.815260599823134
202211,224.0,12.0,90.0,12.642619667201366,12.501581508589966,731.072,7.807344037147072
202207,285.0,51.0,95.0,12.909872880272431,12.68126591029244,1783.376,20.513508983094447
202212,234.0,80.0,50.0,13.380676369616209,13.142857922133167,688.049,-5.298709589084469
202210,139.0,40.0,62.0,12.949981854380825,12.915383487432457,661.855,-6.0666380197974155
202307,192.0,39.0,69.0,14.355317730014157,14.247000723896589,2709.653,15.419646130535417
202303,53.0,10.0,35.0,12.912957530237447,12.76024507379953,499.279,-6.258381774551138
202208,219.0,21.0,106.0,12.90445857982582,12.601268538613683,2094.807,-6.156574602244373
202303,447.0,217.0,62.0,10.585447387455497,10.585472668389881,1006.854,19.492656677780566
202407,56.0,18.0,30.0,13.553520923314268,13.553522222826498,2035.215,-6.19812621862171
202210,22.0,0.0,0.0,13.637986673911156,10.082428401170604,25100.163,-5.319485397273138
202210,371.0,75.0,71.0,11.554556731941181,11.526414083150783,488.211,8.973407295587013
202312,127.0,16.0,51.0,13.620879144824974,12.904933472082687,583.493,10.053884002121558
202212,104.0,14.0,60.0,13.953445615209233,13.808431560883974,4225.455,5.294384953705569
202404,89.0,30.0,11.0,14.04623966605815,12.677678116142726,3448.026,-4.934760343741571
202301,54.0,22.0,10.0,11.75694557651208,11.756859390891705,504.252,-6.237605966362469
202410,313.0,83.0,84.0,14.42172853997603,14.365322444325239,2728.422,8.719864698626992
202208,473.0,182.0,89.0,10.895108366626053,10.8920617359953,1095.791,11.848983662786301
202309,396.0,25.0,17.0,10.284113370630648,10.274947655341608,63.109,-6.208711580827649
202210,341.0,166.0,50.0,11.17584304222332,11.058637692164496,437.561,0.46426345494332466
202310,56.0,19.0,28.0,13.445153872969394,13.445155321219437,1447.772,-6.19812621862171
202401,159.0,35.0,45.0,12.730428323899933,12.175118470208268,840.981,0.6230611659722047
202307,383.0,109.0,70.0,11.496003085774278,11.49014801728024,511.615,15.136040025405139
202207,4.0,0.0,0.0,12.36582048911341,12.365824750897776,1271.124,-6.036112197176701
202207,108.0,32.0,37.0,14.055968938687773,13.745645877991288,2543.707,-4.150296921258081
202301,54.0,22.0,12.0,13.220083378528178,12.825659396315398,1479.214,-5.035244319432413
202404,363.0,70.0,105.0,11.087925793633502,11.048076527444262,361.227,1.2817470255865828
202210,180.0,39.0,82.0,13.464023561893118,12.77539262370333,1572.833,22.94520111351622
202308,160.0,16.0,65.0,12.121494669054876,12.111063920283858,1194.034,-3.3540507564660946
202407,135.0,37.0,48.0,11.935411557412696,11.72527496960315,610.906,-5.319485397273138
202406,263.0,43.0,106.0,12.155994402142777,12.13204390100709,860.383,11.697191721435113
202208,301.0,100.0,75.0,13.186325482446057,13.142705075062244,2001.736,-3.2603621615054794
202406,84.0,4.0,11.0,11.121747803470134,11.121762590572823,239.086,-6.227889159480919
202406,483.0,114.0,83.0,10.899827145911038,10.899845607165481,635.529,2.4191832582522537
202310,71.0,7.0,47.0,12.001707913285587,12.001714046994303,613.202,4.403808765818736
202207,582.0,248.0,166.0,12.53134670162899,12.483454350873243,2111.291,9.03226385190365
202407,228.0,26.0,96.0,13.507692442639517,13.499481135832546,2692.77,8.823099383513728
202402,1.0,0.0,0.0,14.094119846905562,0.6931471805599453,19.215,-6.2918148135823255
202210,221.0,42.0,49.0,11.938415397909093,11.015789048327752,605.348,1.238768548433999
202303,37.0,4.0,11.0,11.734828246848306,9.214431989879436,384.69,-6.226718030557788
202212,241.0,30.0,90.0,10.459926872262475,10.45995553418082,375.717,-5.807709751409733
202303,1170.0,546.0,185.0,13.930281952066286,13.816705843326023,3486.786,34.580634525961734
202301,456.0,130.0,71.0,12.083294655835278,12.003570830146318,878.094,0.5145814766351418
202210,63.0,17.0,19.0,11.803204163269275,11.803211643791865,557.23,-5.2777956196861435
202401,52.0,12.0,17.0,15.61974472689946,13.22054579202656,3947.445,-5.298709589084469
202402,399.0,130.0,52.0,11.980313175682594,11.970059130379342,781.515,-3.026880560068692
202401,150.0,12.0,9.0,12.882422029764186,11.883150194539375,118.82,-6.2620518727231165
202211,235.0,29.0,55.0,11.873595418221843,11.408464544555239,536.005,-1.1951915652235252
202406,171.0,30.0,54.0,12.821858104692375,12.78075155571404,987.829,-3.3540507564660946
202301,451.0,122.0,203.0,15.764268077980063,15.068683156835377,5617.924,8.279985868698754
202212,88.0,5.0,6.0,10.476386160499898,10.476414354531222,263.147,-6.2918148135823255
202303,261.0,91.0,79.0,12.54377626654348,12.247847785662795,703.51,-5.112826964539315
202308,371.0,53.0,96.0,13.583143349205809,12.62307757965041,2513.338,-6.044520668987901
202307,176.0,21.0,26.0,12.657033608636084,12.486465717645078,1816.363,-6.227889159480919
202307,144.0,12.0,14.0,11.709749681298344,11.002849560094784,264.555,-6.2918148135823255
202303,293.0,91.0,32.0,12.587204076622886,12.486956663480955,447.163,-0.755002172457008
202406,520.0,252.0,89.0,11.203774577902795,11.149671785671286,1010.741,3.9417094614925983
202310,179.0,8.0,36.0,9.94087967175319,9.940927835509973,226.457,-4.604992460903505
202405,79.0,21.0,27.0,12.72042205346978,11.22954081203631,616.123,-2.3817213401569073
202410,215.0,26.0,22.0,9.875242387095826,9.875293818165346,95.842,-1.962307755579058
202407,265.0,55.0,41.0,13.788167110012328,13.497081951530111,4072.358,19.058564322386644
202211,88.0,5.0,6.0,10.457458868943517,10.457487601685916,246.831,-6.2918148135823255
202404,28.0,7.0,14.0,11.741971561937053,11.53123678474148,782.234,-6.036112197176701
202303,6.0,3.0,2.0,10.327937960555372,10.327970666480054,342.289,-6.2918148135823255
202212,31.0,12.0,12.0,13.742332153628483,13.572625927459761,4309.015,-6.161023081418544
202402,215.0,63.0,56.0,11.687920246377722,11.687928640956503,795.678,3.1907485795866837
202311,581.0,124.0,259.0,14.36008406159904,14.310999168720027,2390.457,34.385047427578755
202403,15.0,9.0,0.0,14.147999156137956,0.6931471805599453,2264.942,-6.227889159480919
202310,277.0,57.0,33.0,12.373534339417104,12.312538550020593,425.316,-5.205668822092183
202306,105.0,31.0,37.0,13.590635508471916,13.360602022356645,2247.1,-4.150296921258081
202405,336.0,115.0,55.0,11.60186082325361,11.590515937602413,622.334,0.910225478562376
202306,276.0,19.0,155.0,14.154967621269233,14.138379980099067,2222.772,13.747985672646768
202210,62.0,9.0,4.0,11.08765042953924,10.68679531280403,307.312,-6.2918148135823255
202207,370.0,143.0,104.0,14.152227050466877,12.761726308892005,2471.789,0.5294446798524115
202301,119.0,16.0,76.0,12.978144216372105,12.88750143313592,591.228,-6.255207133396982
202207,526.0,95.0,63.0,11.965738427778135,11.8995067235766,817.059,-6.124010118537575
202401,532.0,76.0,51.0,12.808832757860573,12.645549410363348,487.526,9.606859686223348
202402,166.0,45.0,25.0,9.995975571971279,9.996021153939061,297.618,-0.685182180596537
202309,185.0,27.0,53.0,12.929710233088118,12.406680157178087,1110.079,-0.33248597677323666
202210,184.0,43.0,25.0,11.445631150118858,11.195430024544462,323.952,-0.8384107989174199
202406,16.0,2.0,4.0,12.508090221874316,12.136073911189898,739.716,-4.246856863870388
202301,288.0,52.0,145.0,14.347021948355847,14.178847958368507,3769.297,-5.051076191429087
202406,25.0,8.0,14.0,13.451380752611149,13.382559138520884,2764.016,-6.275982941585651
202311,299.0,88.0,99.0,13.124233627395999,12.71622804474586,988.394,7.366944453122665
202402,62.0,3.0,34.0,14.435526673656536,13.872518293786193,2371.521,-6.129118467118653
202403,127.0,10.0,42.0,14.026754792385308,13.947791544156411,1601.301,-1.3023164238335765
202407,96.0,48.0,17.0,12.238142854654614,12.238147696835822,717.521,-6.177278301592221
202303,68.0,6.0,30.0,13.081226750059024,12.613738663192391,1632.538,-6.271039005393656
202307,82.0,9.0,23.0,10.6844853411661,10.348077215328342,214.698,-6.271039005393656
202303,156.0,28.0,78.0,11.271541565366231,11.271554295381698,253.66,-4.021584014101947
202404,64.0,9.0,25.0,13.86066268391906,13.07656443506692,1348.378,0.8143433230633255
202303,28.0,7.0,14.0,11.94693915648281,11.91886379442484,814.709,-6.036112197176701
202401,133.0,36.0,26.0,12.147717633699381,11.88486136586701,432.304,2.899339325966878
202212,260.0,37.0,35.0,12.846375329209833,12.774716132318364,1710.406,0.17982885910427182
202308,81.0,25.0,24.0,12.262878219351625,12.171884845992931,840.39,1.4868205168911732
202303,35.0,5.0,14.0,12.529886530775368,12.177122607953814,853.081,-4.313722941932763
202210,97.0,18.0,28.0,14.542875573510393,12.221266630112334,9628.294,-6.2918148135823255
202303,35.0,1.0,13.0,11.943603375549797,11.750311114414089,917.492,-2.60771871543789
202401,32.0,12.0,12.0,13.98554696032459,13.794748510571788,4226.037,-6.161023081418544
202405,231.0,8.0,13.0,9.958874954615686,9.880270101359944,111.966,-6.2918148135823255
202307,85.0,27.0,25.0,13.14785372050358,12.318686789899308,1247.043,-5.303653525276463
202212,84.0,4.0,11.0,10.614278168268669,10.61430273074948,197.973,-6.227889159480919
202401,189.0,28.0,47.0,14.14908861047215,13.70852093825898,1478.678,-4.264458030904901
202301,702.0,388.0,116.0,15.230611496728141,14.806064992722634,6805.964,43.175014108411055
202207,289.0,54.0,140.0,13.506440041473352,13.431380725575842,3042.572,-5.051076191429087
202301,87.0,34.0,31.0,13.571064204654306,13.238981290124073,1189.765,-3.341393525623576
202407,467.0,135.0,191.0,15.08100471133834,14.987816828341982,12374.095,48.174383901236
202407,11.0,0.0,0.0,14.762836671303026,12.805955302503637,5155.885,-6.227889159480919
202409,422.0,113.0,42.0,10.953277176506669,7.771910256435763,1475.29,-0.3140647594745589
202207,310.0,177.0,74.0,13.606086216447109,13.382437328798314,2764.269,-1.5450280345351386
202303,584.0,121.0,171.0,13.585565176562387,12.927542427657167,2014.875,6.864439025423993
202210,190.0,44.0,54.0,12.222915013225288,12.049389595291224,594.349,4.14597228587918
202405,274.0,42.0,188.0,12.688628416002901,12.577098126191368,1558.832,7.264747061396806
202403,109.0,36.0,23.0,12.050611106902815,12.05061694787078,231.458,-6.20711335129225
202303,54.0,21.0,13.0,10.614327292626992,10.614351853901232,178.708,-5.030349741836326
202308,43.0,8.0,17.0,9.586857158128455,9.006141236662911,107.318,-6.178948639968441
202309,266.0,43.0,40.0,10.639406824939943,10.0462883511678,279.409,-2.5157316018370746
202211,130.0,10.0,40.0,13.536834476227398,13.4852855666065,1590.659,-0.32998700752438914
202208,49.0,20.0,11.0,12.419404216420354,12.411300667857624,1044.333,-6.148131633382839
202306,231.0,8.0,13.0,9.968853855967382,9.818147505369113,136.749,-6.2918148135823255
202405,18.0,3.0,0.0,13.144905386420808,12.310666867660096,1432.82,-6.0682030417823185
202405,150.0,12.0,9.0,11.18898043422584,10.256571054962539,81.501,-6.2620518727231165
202401,204.0,14.0,23.0,12.815009069155026,12.181564765875622,738.153,-6.2918148135823255
202307,317.0,70.0,104.0,13.861229343609219,12.760104299743094,4076.666,24.90548162687338
202405,57.0,4.0,5.0,9.531118671917154,9.402942238177694,65.572,-6.2918148135823255
202303,199.0,21.0,79.0,14.473923944078853,14.224760494564293,2811.697,17.187116713874886
202406,75.0,21.0,33.0,12.800912158304037,12.789898699780547,736.236,-6.276933343152721
202401,241.0,21.0,52.0,13.907075551487345,13.248225687648619,1707.288,-6.2918148135823255
202408,363.0,70.0,105.0,9.983268687540978,9.96439448743965,390.165,1.2817470255865828
202306,57.0,8.0,36.0,13.656547651257469,13.586719841385102,2203.314,-2.113361492908764
202409,184.0,52.0,22.0,11.097728152217645,11.097743298798683,199.324,-6.234431325208313
202402,174.0,4.0,3.0,12.938289085467163,12.866391835872095,1278.147,-6.115648995918721
202404,816.0,391.0,199.0,13.99386592648835,13.9140600310431,2041.179,15.768547392856354
202303,293.0,91.0,32.0,12.473596652525115,12.373914881059294,443.685,-0.755002172457008
202303,11.0,0.0,0.0,14.267599676299707,11.901434291095292,3777.043,-6.227889159480919
202406,195.0,45.0,94.0,12.496684172935767,12.402810617964612,1204.277,-5.265276550053281
202308,194.0,43.0,48.0,12.342834439784339,12.33701318479077,717.976,-6.176634226059158
202303,301.0,103.0,50.0,10.65737699505146,10.368321592451126,567.665,2.1954191155017426
202308,67.0,16.0,15.0,11.3039559852119,9.287671714912506,646.145,-5.234783934983064
202309,58.0,8.0,10.0,10.289056028929835,9.560785953663574,197.999,-6.2918148135823255
202311,110.0,22.0,22.0,12.847073536426569,12.599205354578768,852.218,-6.256157534964052
202402,55.0,17.0,34.0,12.781558970469451,12.617480063093968,1083.671,-6.2918148135823255
202408,70.0,12.0,21.0,13.728701342356837,13.480687959940806,4804.357,-4.165908065898695
202311,279.0,25.0,28.0,12.59674217015059,12.575392307001986,610.621,-5.947218290822283
202207,38.0,3.0,3.0,15.018057546297518,14.54663922261178,8142.396,-5.969246119114326
202309,60.0,7.0,30.0,9.958874954615686,9.68121861863258,268.603,-6.210067265090346
202310,17.0,7.0,5.0,10.66578759178439,10.112572746599298,652.417,-6.163963505379513
202210,5.0,0.0,0.0,10.696593183839905,0.6931471805599453,114.892,-6.2918148135823255
202210,104.0,33.0,19.0,9.36691667901828,9.36700218198956,91.959,-5.287821653279789
202410,153.0,28.0,12.0,9.110741006753427,9.11085147347544,158.101,-6.276933343152721
202308,8.0,0.0,2.0,12.084046244519975,8.765458531504226,2073.032,-6.2918148135823255
202310,338.0,74.0,80.0,12.326399110592652,12.314976376579962,435.967,-0.3139344081716535
202303,49.0,12.0,37.0,12.835091887318738,12.83509455288719,579.48,-6.2918148135823255
202408,641.0,211.0,121.0,10.463389013948712,10.101067111719063,1453.822,0.03655992425917365
202307,332.0,76.0,76.0,13.801074862887944,13.46988576418382,2932.153,7.535137108019555
202211,229.0,75.0,84.0,13.035730837737686,12.940491319570578,846.299,-1.196546395950537
202210,310.0,66.0,103.0,13.771629723292177,12.719515840465668,3688.403,24.889649754876707
202406,188.0,41.0,21.0,11.75944173380618,11.759449548962111,483.357,-3.190542169645009
202303,368.0,36.0,177.0,15.195926173068337,14.291896278272713,4752.713,-3.33916928603649
202211,38.0,10.0,16.0,13.42794774324928,13.15015557156863,1502.538,-2.617183782372393
202408,52.0,10.0,30.0,12.073009714588911,11.965592174562687,633.736,-5.319485397273138
202403,184.0,25.0,70.0,14.35471487043594,13.372804535606999,2528.756,16.15646322381906
202307,3.0,0.0,0.0,13.444078692860108,12.818221245048496,1257.857,-6.227889159480919
202401,372.0,63.0,90.0,14.805614790068121,13.244287161649607,2204.669,-3.1128033205812407
202309,176.0,7.0,20.0,13.003084223120407,12.940834306510455,1035.85,1.5893438735718224
202307,64.0,30.0,18.0,14.237353481140254,13.995400828241662,7992.796,-5.078443523941058
202303,54.0,22.0,10.0,11.534197600245768,11.534089909670058,382.639,-6.237605966362469
202301,308.0,179.0,92.0,13.385544231448703,13.111846265961383,2485.355,-3.383827957864139
202301,399.0,129.0,53.0,11.86847177223814,11.820652782342977,828.703,-3.026880560068692
202303,225.0,76.0,39.0,10.693284923775574,10.693307620356334,342.279,3.0051592346599776
202308,60.0,5.0,14.0,9.825093485108116,9.391744841707654,129.098,-6.256157534964052
202403,336.0,103.0,73.0,12.01995991129621,11.984053461877673,653.888,2.891360483269791
202403,123.0,18.0,33.0,13.484620312999269,12.583145137803681,904.113,12.906653839543415
202410,133.0,28.0,17.0,8.249313746260636,8.249575150000199,43.105,2.5007015495776983
202207,49.0,7.0,25.0,12.417795225128861,11.860175130191793,1558.175,-5.109886540578346
202410,223.0,58.0,70.0,12.143734368745427,12.12836512584825,492.279,41.0119635243294
202303,93.0,0.0,16.0,12.201838694998113,9.400795428666859,79.252,-6.2918148135823255
202309,44.0,9.0,9.0,9.223059144383958,8.961622569542543,151.929,-3.325561653626901
202207,20.0,2.0,3.0,13.674958003137439,12.597557145450546,1506.003,-6.031766427099414
202303,143.0,12.0,78.0,13.374346248893954,13.296874512106307,1397.944,-6.097838814997305
202301,277.0,57.0,33.0,13.631334081870733,13.54949995367253,587.895,-5.205668822092183
202310,150.0,57.0,22.0,9.83429823318313,9.833118734869245,321.195,4.3250920173408804
202211,43.0,15.0,21.0,12.585121907132903,12.50801628663416,781.437,-6.258381774551138
202309,3.0,0.0,0.0,8.572249397164315,0.6931471805599453,0.1,-6.2918148135823255
202301,276.0,71.0,56.0,10.616706931897728,10.616731434795195,634.492,3.8436437656013194
202301,518.0,249.0,88.0,12.074316818512816,12.074322522645174,1663.019,3.9417094614925983
202309,7.0,0.0,0.0,11.524765099074422,4.68213122712422,13.116,-6.2620518727231165
202308,164.0,11.0,6.0,9.79740455372797,9.623773649733524,97.659,-6.187935772638981
202408,51.0,18.0,16.0,11.84999752166341,11.058590439512432,710.192,-6.2918148135823255
202310,48.0,6.0,13.0,11.7146655883904,11.443993305925954,271.489,3.431479349509548
202309,45.0,3.0,4.0,5.10594547390058,5.111987788356544,8.674,-6.2620518727231165
202210,27.0,0.0,0.0,13.911884716996445,0.6931471805599453,9880.055,-6.2918148135823255
202401,54.0,14.0,25.0,11.714134197482664,11.510763128805545,469.871,-6.00779446309766
202407,166.0,40.0,26.0,11.662207167685983,9.627404615927698,2916.768,-3.2418931590503
202409,30.0,3.0,14.0,12.73913909823206,10.926316106770527,1662.318,-6.2918148135823255
202404,265.0,48.0,65.0,14.574520382623922,13.43300338803671,2937.617,-1.0868564369302156
202208,129.0,4.0,14.0,11.90760596097605,11.875364763050788,715.894,-6.276933343152721
202212,52.0,3.0,3.0,15.696078510640614,13.86360428920439,8512.594,-1.4301677320363888
202308,64.0,4.0,29.0,11.903980579361733,11.527153760980859,595.912,2.6843599345357667
202404,45.0,17.0,2.0,9.619133270177022,9.569691731118324,110.521,-6.227889159480919
202303,62.0,14.0,2.0,8.827174771362785,8.827321452697849,173.768,-6.271039005393656
202309,4.0,0.0,2.0,12.00491683241748,8.969414650866176,327.26,-6.2918148135823255
202208,120.0,1.0,14.0,10.066711233638141,10.066753702794923,89.9,-6.2918148135823255
202407,268.0,54.0,130.0,14.999586832585337,14.686828609795462,8212.284,-3.2311433844552764
202310,170.0,30.0,52.0,12.995765605862669,12.967884977215952,765.194,-3.3540507564660946
202208,172.0,46.0,46.0,10.447641563750562,8.614138397472717,278.314,-4.375180957638697
202403,63.0,4.0,52.0,11.878075394549658,11.84384660845787,283.206,-6.271039005393656
202408,30.0,8.0,10.0,10.501719475299785,10.501746964063756,146.793,-6.2918148135823255
202210,85.0,26.0,18.0,12.712905308026185,12.69207879865965,1187.123,-5.943868808996254
202310,1169.0,546.0,186.0,12.930837187655406,12.800912158304037,2793.301,34.580634525961734
202306,516.0,130.0,105.0,12.63847499962477,12.491623698973,2731.386,38.69938943936332
202307,73.0,18.0,16.0,11.632111959761392,11.583477120921174,299.749,-4.347155980963951
202408,37.0,8.0,8.0,13.492302166340814,12.985250722565787,1475.371,7.320797014746297
202410,476.0,28.0,47.0,9.232199706329077,9.232297539328226,170.295,-5.233289369606987
202410,87.0,15.0,28.0,11.310894956492398,11.230151328871031,976.182,6.180105451477186
202303,145.0,58.0,16.0,10.679366130693538,10.652022135175631,146.352,-5.255339015815672
202408,134.0,44.0,40.0,11.701386470056718,10.846186497686585,689.316,-4.283230326862545
202407,92.0,16.0,25.0,10.772099502426816,10.591647316585027,446.491,-6.152904504072394
202312,67.0,10.0,35.0,10.873963393468363,10.80242864607517,579.724,-5.299521829441883
202401,144.0,12.0,15.0,12.394765528914723,11.990760845830465,292.606,-6.2918148135823255
202301,115.0,56.0,47.0,13.256687955374169,13.153850416489119,1627.482,-4.292947133744094
202312,200.0,78.0,81.0,11.382064788520513,11.191714185307065,442.742,-5.035465046788473
202210,479.0,10.0,27.0,9.864122829013851,9.864174835150587,108.042,-6.241276064534448
202210,207.0,23.0,59.0,12.660448545452597,12.235369277485761,1269.925,2.010899131590353
202401,543.0,169.0,87.0,14.036834855439288,13.52249830530752,1634.822,36.01560806221079
202405,126.0,16.0,88.0,11.860655522427155,11.860662585297293,275.309,-6.256157534964052
202307,129.0,37.0,45.0,12.091491976818919,11.786663266397463,888.935,-3.1212988292403168
202306,1161.0,408.0,243.0,12.151584780246052,12.086483605028358,1972.042,34.13824842122825
202410,93.0,37.0,5.0,11.789640114506025,11.787947739275218,308.323,-2.166228145703051
202308,132.0,19.0,20.0,12.332035468654745,11.280160778611965,763.429,-6.2867327161806745
202208,108.0,12.0,8.0,8.991935575009146,8.043663352393944,472.43,-3.3646623698514615
202402,191.0,48.0,30.0,12.283482659936793,12.173626930162088,324.204,-2.2694811765947094
202311,34.0,7.0,12.0,10.574772486238938,10.574798038486898,52.369,-5.319485397273138
202301,472.0,83.0,130.0,16.259039763859686,15.759360729579374,18747.784,119.62905105628394
202407,528.0,336.0,79.0,12.715489277132745,12.708945731524809,1050.289,-1.834163689971951
202403,78.0,10.0,22.0,12.683700263177705,12.223042833883246,368.381,-5.2860523582419505
202408,27.0,2.0,10.0,13.013523482386978,12.945227551435837,3554.246,-6.077133859485882
202402,43.0,16.0,20.0,13.006622505112167,12.930696690586235,1039.769,-6.258381774551138
202210,191.0,52.0,101.0,11.253519819470103,11.22277367861752,723.662,-6.271039005393656
202406,911.0,307.0,121.0,12.715357082277336,12.706511513223363,1533.604,16.058980325051195
202301,99.0,9.0,10.0,11.74365616097187,11.481496715466568,157.397,-6.271039005393656
202402,106.0,26.0,46.0,12.101345262734764,12.101350814758616,958.061,6.4928026435630475
202401,37.0,10.0,13.0,13.718592085550448,13.510469350456123,2337.176,-5.153036386491083
202307,269.0,45.0,36.0,11.39089341502443,11.08111124803906,581.861,-4.221715142653951
202309,173.0,13.0,17.0,9.099297073182859,9.067624069774588,75.179,-6.250263197204988
202310,108.0,12.0,23.0,11.00039839456448,10.979291701878228,411.275,9.329381501466077
202307,101.0,9.0,28.0,13.052181227577586,11.442535188996835,768.9,-6.220500256345779
202409,20.0,0.0,0.0,14.401517306421193,14.172513448122766,2515.311,-6.194456120449732
202208,200.0,78.0,80.0,10.358599600533706,10.306148733311558,533.435,-5.035465046788473
202407,22.0,5.0,1.0,13.658400503504364,12.874714508458952,3000.741,-6.100037851278107
202210,543.0,167.0,87.0,12.972646852166962,12.40620546909244,1211.2,36.01560806221079
202207,23.0,5.0,7.0,10.985106264827667,10.881964039964258,524.724,-6.227889159480919
202407,470.0,196.0,93.0,11.067591033406591,10.507256921944856,1443.655,11.213438237401467
202210,93.0,9.0,39.0,11.969457508515356,10.97361462912515,419.523,-6.2918148135823255
202303,13.0,7.0,1.0,11.778522958453452,9.023649282664286,76.998,-5.319485397273138
202307,7.0,1.0,1.0,12.17704540198627,10.730619148090465,1441.718,-6.2918148135823255
202410,44.0,21.0,13.0,12.425798362697865,12.261847880997587,380.378,-5.2860523582419505
202404,165.0,32.0,18.0,12.957094788703222,12.91972808672147,1110.252,0.6772700131920617
202409,129.0,14.0,11.0,8.777247096750544,8.757469141470748,73.423,-6.055888245202392
202306,9.0,3.0,3.0,12.250400487379673,12.062889106162611,1337.187,-6.227889159480919
202405,84.0,9.0,13.0,11.319583404892809,11.07095714794715,245.374,-5.319485397273138
202309,116.0,1.0,2.0,10.080670931473959,9.911604520638075,29.866,-6.271039005393656
202303,333.0,126.0,18.0,11.837252821618753,11.205543959897515,1081.799,-2.684315090218941
202306,134.0,22.0,42.0,11.45732818486782,10.428748484098374,695.699,-6.19622541548757
202403,133.0,27.0,28.0,10.958304681204567,10.958322093858342,153.32,-5.298709589084469
202409,45.0,22.0,10.0,14.739373746282828,14.730745933145409,7754.766,-2.0387192717628304
202403,478.0,10.0,28.0,11.52818839163614,11.52819824011726,144.398,-6.241276064534448
202404,341.0,170.0,36.0,12.415372817903672,12.407330441342454,1274.909,-5.158201050039138
202306,5.0,0.0,0.0,11.996104417206984,0.6931471805599453,866.988,-6.2918148135823255
202405,44.0,13.0,16.0,12.236126470858638,11.938552612902335,508.66,-4.283230326862545
202408,44.0,11.0,21.0,12.257183923353715,12.257188674207086,3869.89,-4.999857126766107
202207,30.0,5.0,2.0,14.639775032054954,14.19950957598888,15519.536,-4.155379018659732
202309,8.0,1.0,5.0,13.769399601510408,13.769400648700456,653.358,-5.319485397273138
202311,204.0,81.0,49.0,11.664057306974144,11.495158564176068,537.178,6.5495342670106105
202405,13.0,0.0,1.0,14.800072834565107,12.996332925112958,3751.474,-4.2193046727611385
202410,76.0,4.0,19.0,11.971792309805048,11.060007048702303,583.246,-6.2918148135823255
202306,213.0,51.0,95.0,12.257986497332137,12.21319224095635,812.353,8.64136519304585
202408,20.0,2.0,3.0,14.041761277029195,12.731723825614724,1931.141,-6.031766427099414
202405,181.0,31.0,90.0,11.86567170163505,11.865678729165401,605.698,-3.0338369711504742
202306,424.0,148.0,68.0,11.879712112879401,11.867616442147783,868.931,3.147520303791616
202303,31.0,0.0,2.0,14.734952718865456,13.011521198177263,2323.979,-3.3748265646547635
202401,210.0,23.0,75.0,14.870730189677811,13.791582552986986,2463.01,-0.17381796524253623
202310,74.0,26.0,20.0,9.795011076200044,9.795066803581708,121.958,-5.319485397273138
202208,63.0,9.0,26.0,13.216536547421578,12.73511729040853,1863.602,0.5942486266800664
202306,34.0,11.0,10.0,12.399008504118939,12.17322915460041,994.863,0.8370265874994898
202210,130.0,10.0,40.0,13.79781185586449,13.777313240962465,1881.418,-0.32998700752438914
202303,110.0,3.0,21.0,11.626182719154661,11.626191648324026,209.704,-6.2918148135823255
202404,105.0,35.0,13.0,11.263540602450792,11.263553434726532,178.194,13.884065353254256
202303,116.0,56.0,48.0,13.163265368724755,13.049867950554143,1304.073,-4.292947133744094
202303,190.0,49.0,50.0,13.790318895869412,13.543233220949515,1085.295,17.815260599823134
202410,19.0,13.0,2.0,10.142268204629737,4.110873864173311,92.471,-6.2918148135823255
202303,435.0,233.0,46.0,11.461337390297134,11.40792044167306,506.756,4.045223918935175
202312,6.0,3.0,2.0,10.487349860546091,10.487377747159124,477.573,-6.2918148135823255
202303,63.0,17.0,28.0,12.652638109412504,12.56634162318537,1099.091,-5.958220325357702
202402,109.0,36.0,23.0,12.234446279718012,12.234451139831789,263.628,-6.20711335129225
202308,187.0,7.0,7.0,9.595194526180222,9.595262578853017,76.256,-6.271039005393656
202409,2.0,0.0,0.0,8.855092980028635,0.6931471805599453,3.475,-6.2918148135823255
202408,321.0,78.0,124.0,13.515332062783196,13.478907112735588,2578.293,8.598143317084878
202306,374.0,250.0,54.0,10.263013428702846,9.660778845727078,308.181,-3.325561653626901
202404,539.0,18.0,78.0,12.828563965460056,12.699640201859884,449.309,-6.204668384349104
202211,166.0,29.0,72.0,13.91039792112151,13.835193570263728,1999.244,30.897573510738717
202303,51.0,9.0,35.0,12.432111999956408,12.349584071537038,666.343,-6.266769148349419
202310,39.0,6.0,10.0,13.08286758642061,12.661600124083094,3541.421,-6.213007689051315
202402,159.0,35.0,45.0,12.474720970022286,12.09362597113716,774.098,0.6230611659722047
202303,4.0,0.0,1.0,11.774543297080234,10.978575296157281,1407.364,-6.227889159480919
202211,21.0,5.0,7.0,12.934804127814111,12.516791081700296,1042.202,-5.158201050039138
202406,541.0,176.0,92.0,12.529893764597828,12.35532420136602,1116.864,-2.8203257914941924
202303,180.0,57.0,38.0,13.384684564020906,11.78589483445527,1408.435,-4.19852886457247
202210,11.0,1.0,0.0,6.9865664594064265,6.9874902470009905,0.353,-6.2918148135823255
202207,2.0,0.0,0.0,13.066677290923026,13.066679405452273,944.734,-6.163963505379513
202210,114.0,56.0,46.0,13.014501959317604,12.888770420719979,1378.128,-4.292947133744094
202301,9.0,1.0,1.0,11.834994471280698,10.88773595359351,657.114,-6.276933343152721
202407,82.0,10.0,22.0,10.686658235743662,10.508240582333478,208.402,-6.271039005393656
202407,147.0,66.0,20.0,11.478737665432986,11.477536600897054,126.503,-2.635735350973976
202211,283.0,76.0,57.0,12.026347714583485,12.026353699006034,342.942,-5.219902464553458
202308,135.0,22.0,24.0,11.99778691805841,11.667850130907231,603.252,-6.276933343152721
202310,343.0,156.0,59.0,11.963988345395801,11.953622572648975,594.499,2.918688273380301
202309,29.0,0.0,0.0,11.011109135361826,5.356586274672012,203.997,-6.275982941585651
202211,39.0,6.0,10.0,13.175648187407564,12.770883487204257,3068.28,-6.213007689051315
202303,644.0,60.0,221.0,14.154753951381274,13.307941293168387,2404.596,32.537189771194676
202409,102.0,7.0,43.0,11.146661839061201,10.583828076826626,753.434,-6.275982941585651
202403,88.0,7.0,15.0,12.817258403860524,12.431836760166965,479.412,-6.2918148135823255
202410,88.0,17.0,26.0,12.644975753446007,12.45254202214788,1567.405,-5.147142048732019
202408,16.0,7.0,8.0,10.384152893207228,10.384183811320607,378.246,-6.2918148135823255
202301,187.0,72.0,55.0,13.74172837888807,13.466779690413956,979.725,-5.319485397273138
202306,118.0,26.0,32.0,13.800733919201232,13.16460260717211,2068.742,1.3204483923251482
202310,456.0,130.0,74.0,10.492356964389485,10.428245666832275,568.045,0.5145814766351418
202406,87.0,8.0,41.0,10.958774716465864,10.957154775161069,264.695,-6.186337543103582
202410,172.0,13.0,16.0,9.20109779060925,9.194109358865765,43.906,-6.250263197204988
202212,302.0,57.0,62.0,11.209533976591038,11.204741320667946,671.159,3.2472853305529483
202402,416.0,110.0,41.0,8.758726607842037,8.758883680017025,395.508,-1.2226533802796187
202407,30.0,11.0,13.0,11.973730668111557,11.973736975847048,1007.872,-6.20711335129225
202212,14.0,7.0,2.0,13.264862440011111,13.008188574240549,1382.722,-6.143187697190844
202306,63.0,17.0,28.0,12.509194902469833,12.41903251876787,1343.757,-5.958220325357702
202410,159.0,10.0,3.0,10.909289866613754,10.90930815400003,52.331,-6.271039005393656
202301,260.0,37.0,35.0,13.231813120762373,13.122999175242041,2267.975,0.17982885910427182
202212,39.0,4.0,20.0,14.314563757873412,14.003071697472706,2273.134,-5.094275395937732
202212,5.0,1.0,0.0,14.09261336682615,14.092614124802429,3463.675,-6.100037851278107
202303,17.0,4.0,7.0,12.896405870628483,12.62524340069445,1465.03,-6.275982941585651
202210,161.0,26.0,40.0,11.784561993441041,11.580771011865295,357.301,-4.311360541136021
202211,171.0,30.0,51.0,13.226717987308557,13.102754371362344,786.648,-3.3540507564660946
202211,1.0,0.0,0.0,14.94509068807424,14.945091011243106,6515.27,-6.0717201171990665
202212,154.0,15.0,34.0,15.052577848376055,13.806999440945846,14385.159,3.019648708279318
202403,74.0,11.0,21.0,11.701676309529088,11.701684589422607,154.225,-6.2918148135823255
202311,102.0,42.0,25.0,9.365033761652663,9.365119425763737,152.078,-5.319485397273138
202311,108.0,13.0,32.0,12.755236862726989,12.234859305086072,1010.224,10.132691126652565
202405,297.0,31.0,113.0,13.60945393998124,13.486641146484283,2285.698,13.384995358681413
202408,145.0,31.0,68.0,12.573129510342019,11.93158974613638,670.198,-6.276933343152721
202403,98.0,7.0,66.0,12.867034903611353,12.817095578514772,678.054,-6.271039005393656
202410,162.0,31.0,14.0,12.691457376814212,12.06504465205043,320.192,-3.046314173831791
202403,573.0,153.0,104.0,13.171717192216697,13.159389376240776,843.453,3.708390266157201
202207,399.0,130.0,52.0,10.421090160581143,10.40774163091908,750.548,-3.026880560068692
202407,17.0,5.0,6.0,10.291908226035034,9.981142797101732,370.121,-3.3748265646547635
202401,278.0,57.0,33.0,13.665338619105887,13.581883496181904,598.551,-5.205668822092183
202308,1185.0,129.0,90.0,12.571326683576839,12.104892269789977,1360.973,12.517142930473844
202401,271.0,39.0,94.0,15.42782792079917,14.417023693449146,7782.767,-1.3967346930052011
202301,428.0,144.0,74.0,10.787213769536883,10.643351320318597,433.841,-0.1664290621073956
202406,169.0,16.0,73.0,13.3349780945646,13.228061236155575,2218.734,-6.163963505379513
202211,113.0,9.0,13.0,11.654121161637006,10.8912241448583,298.448,-6.250263197204988
202211,207.0,51.0,66.0,13.897371611444594,13.42133992644546,1865.84,3.751156978612485
202309,132.0,19.0,20.0,12.32019119738188,11.362753526111842,769.642,-6.2867327161806745
202403,16.0,7.0,8.0,10.560981648381585,10.561007555452923,252.509,-6.2918148135823255
202211,116.0,13.0,14.0,13.038723039345612,12.872834782145407,1153.306,-6.171456072673977
202303,39.0,6.0,10.0,13.276347186166529,12.925632909041735,3023.165,-6.213007689051315
202306,382.0,80.0,99.0,13.2137239495851,12.959860918359151,1942.482,29.211850475891232
202210,18.0,6.0,3.0,12.88207112401692,12.655439799925468,845.482,-1.4301677320363888
202409,479.0,58.0,84.0,12.67302161404668,11.571109463829137,3217.481,17.448901187845138
202409,210.0,30.0,69.0,14.397212079210446,13.302995174024012,5517.423,-0.9532324978748701
202211,368.0,73.0,105.0,10.778393631627551,10.731624436867815,383.415,1.2966284960161865
202410,64.0,15.0,15.0,11.350182981074266,9.349928386183237,451.306,-5.234783934983064
202406,582.0,121.0,172.0,13.122685325573455,12.618516677531483,2109.995,6.864439025423993
202211,497.0,138.0,92.0,12.16581819825784,12.039043560554513,768.481,38.44912294820756
202406,1.0,0.0,0.0,5.41610040220442,5.420534999272286,76.148,-6.227889159480919
202303,104.0,16.0,31.0,12.762190895633257,12.729122251068794,533.535,-4.211915769625998
202406,108.0,10.0,15.0,9.735009727562824,9.735068900911164,401.408,-4.682144187396456
202301,164.0,3.0,9.0,12.196804831709258,12.196809878250988,208.124,-6.271039005393656
202301,43.0,15.0,21.0,12.9297757039021,12.866345333016037,1116.44,-6.258381774551138
202306,259.0,81.0,28.0,12.681626468913542,12.619714234922473,846.467,23.23707268158649
202311,55.0,8.0,19.0,11.949469255315657,11.949475717956744,394.561,-1.3069511333134747
202402,50.0,2.0,21.0,14.082657980256505,12.654760065091606,1305.004,-6.227889159480919
202406,234.0,81.0,50.0,12.463146014787236,12.403340284430836,674.322,-5.298709589084469
202211,78.0,18.0,42.0,13.322054866327475,13.307279897699598,620.611,-6.163963505379513
202303,356.0,154.0,65.0,12.674208907330085,12.504204923876774,959.451,6.583435424111315
202208,475.0,198.0,94.0,10.524010275375073,10.40134950991026,1780.793,10.461203517475537
202309,314.0,44.0,37.0,11.959193367414326,11.740467329508213,954.31,17.137779772798787
202404,172.0,8.0,31.0,13.401283677387502,12.737709211601276,967.229,-6.179574650020127
202402,38.0,14.0,9.0,11.888604678386644,11.742504265579587,348.725,-6.271039005393656
202312,189.0,28.0,47.0,13.88185245204694,13.485672267979101,1290.019,-4.264458030904901
202307,170.0,14.0,69.0,13.25797061397319,13.056601708526458,2847.454,12.740767990380013
202306,34.0,7.0,12.0,10.269171790632448,10.269206476121777,74.328,-5.319485397273138
202309,225.0,46.0,83.0,14.538274791496342,13.57215409519885,6881.854,25.632394597421666
202311,133.0,36.0,26.0,11.21863493803748,10.9961823674402,329.693,2.899339325966878
202303,217.0,41.0,82.0,13.444749729259662,13.291057501083381,1453.498,4.864773966773923
202303,355.0,63.0,146.0,13.730231497828822,13.263029258929452,2085.664,4.138637597507744
202306,193.0,48.0,30.0,10.549752747195942,10.487823827237893,226.564,-2.2694811765947085
202211,64.0,0.0,4.0,9.996476859378955,0.6931471805599453,396.517,-6.2918148135823255
202308,56.0,3.0,22.0,10.676623593166008,9.073947747070628,868.783,-6.2918148135823255
202401,121.0,27.0,47.0,12.061746050963682,12.061751827253744,584.309,-6.276933343152721
202402,54.0,8.0,5.0,12.724294847046384,12.327059432578999,1275.885,-6.194456120449732
202303,556.0,211.0,153.0,13.356150880347327,12.972551604226046,1731.378,12.996205058739077
202303,57.0,9.0,11.0,14.115330665508173,13.343825515936,4291.797,1.5507461709925794
202311,18.0,6.0,3.0,12.963140187456302,12.732775555452578,795.538,-1.4301677320363888
202408,486.0,35.0,184.0,13.571161245421719,13.06265795799189,3542.465,-6.0717201171990665
202303,943.0,142.0,198.0,14.480163094865029,14.165216978041448,3616.129,80.4863232418864
202301,174.0,34.0,45.0,12.962121852650593,11.676692615116377,643.571,-6.258381774551138
202309,50.0,12.0,11.0,13.692061877811982,11.3327336386894,1858.399,-6.2918148135823255
202311,119.0,31.0,30.0,11.78348681061359,11.771914810029347,599.256,-3.038106073968169
202303,241.0,94.0,71.0,14.417569334470343,14.28517725545488,1899.057,2.894436407232133
202212,103.0,15.0,16.0,11.51742532539512,11.465445941535874,141.484,-5.271170887812346
202406,203.0,18.0,46.0,13.954256332041352,11.65705178263264,1921.115,-4.283230326862545
202208,103.0,25.0,39.0,11.34888773562083,11.348899518139108,528.188,-1.2682573747507027
202406,15.0,1.0,6.0,12.035290255730404,11.398423291395119,914.138,-6.2918148135823255
202312,172.0,8.0,31.0,13.679422757655153,12.948985704571678,1163.34,-6.179574650020127
202211,93.0,9.0,39.0,12.466531249225195,11.31525470962905,359.983,-6.2918148135823255
202406,59.0,12.0,17.0,12.099394595638511,11.93329232177486,279.499,3.431479349509548
202308,5.0,0.0,0.0,13.09890025867652,12.988104863348221,1545.176,-6.227889159480919
202308,96.0,14.0,19.0,13.21818433582995,12.940505712995662,5363.896,-6.140247273229875
202307,89.0,27.0,24.0,10.988862614422217,10.988879503033383,2151.471,-2.2878945839866356
202210,912.0,307.0,119.0,12.699911812865766,12.64316238175653,1669.24,16.058980325051195
202303,219.0,21.0,106.0,13.718858678483349,12.849719659928915,1246.071,-6.156574602244373
202312,33.0,8.0,14.0,12.717988674588176,12.544774537478656,358.066,-4.3263801727752815
202408,4.0,0.0,0.0,12.25155735269088,12.251562130350543,1324.754,-6.036112197176701
202303,333.0,113.0,74.0,13.747279895921887,13.726022297848841,1950.485,-2.6820414920359474
202303,255.0,49.0,94.0,13.990370176952087,13.857759374090284,2062.978,-5.1969984727612335
202404,260.0,57.0,95.0,13.760375155280201,13.444642509609965,1780.838,-0.45783831572720146
202308,130.0,16.0,25.0,12.40641010365675,11.03023368044801,717.028,-0.14038492621134857
202210,27.0,11.0,2.0,12.880579672859069,12.71522186491522,1886.713,-5.04596088647694
202312,45.0,17.0,13.0,9.36228862824824,9.362374527831681,244.584,-5.319485397273138
202311,110.0,21.0,32.0,13.251769271851668,12.884195016822009,1611.133,-3.228202960494307
202401,80.0,10.0,21.0,12.805702787646462,12.20177341707734,428.064,-5.002032007757285
202303,257.0,38.0,16.0,13.122373377354329,12.565738113391413,1770.785,-6.256157534964052
202210,340.0,116.0,53.0,11.465026403650693,11.29933612646083,610.201,0.910225478562376
202306,246.0,49.0,63.0,12.968410011442742,12.56079167792039,1280.308,-2.290256984783378
202309,205.0,28.0,30.0,8.32845106681936,8.258163361537619,238.879,-6.1640671695388365
202301,62.0,23.0,21.0,13.86706641787848,13.642298186280367,2786.021,-3.023940136107723
202210,66.0,15.0,21.0,13.230841029739722,12.328148675308846,2024.025,-4.177849112367331
202403,214.0,71.0,22.0,11.656558167149072,11.534334644207728,560.452,-3.1131802518941663
202303,52.0,12.0,17.0,14.284285307446476,12.5975503849024,2916.673,-5.298709589084469
202408,36.0,18.0,10.0,13.651544699816998,13.351595555355088,6206.281,-6.00779446309766
202404,189.0,1.0,0.0,9.143345503151904,9.143452426434552,1.395,-6.250263197204988
202306,178.0,50.0,54.0,12.434915922503023,11.940980162857523,955.055,0.9374217605765827
202303,214.0,73.0,21.0,11.27135059568527,11.087206627834796,544.939,-3.1131802518941663
202301,556.0,209.0,91.0,15.455707135041312,15.26349932142249,1691.473,27.94024569250825
202311,294.0,20.0,8.0,11.051762640389974,10.104917050943584,182.647,-6.2918148135823255
202401,90.0,22.0,15.0,13.00571045293168,12.662560344722388,502.091,-2.3690641093143885
202406,532.0,76.0,50.0,10.890124905830831,10.76523761774909,302.223,9.606859686223348
202301,155.0,15.0,34.0,15.434673429322544,14.550252554341153,13570.769,3.019648708279318
202307,89.0,26.0,9.0,7.48605261786314,7.486613313139955,98.292,1.0334876178795147
202312,105.0,14.0,59.0,14.047512358879423,13.89130795937126,3909.327,6.266714370014755
202210,1516.0,222.0,850.0,15.302563637696988,15.145922954941447,10269.01,-0.20718329967289417
202312,522.0,57.0,36.0,11.912432861104145,11.824270351659342,319.944,-6.250263197204988
202308,135.0,48.0,42.0,11.867370925456678,10.217385467118802,971.766,-6.163963505379513
202207,344.0,119.0,81.0,11.561391767178227,11.318964431519243,953.924,-2.679289547254068
202402,89.0,15.0,10.0,13.198870611882086,12.677487778136177,829.837,-6.1915156964887625
202410,100.0,17.0,12.0,9.04617302576227,8.946244609330543,90.275,-6.2918148135823255
202210,98.0,7.0,66.0,12.262315918534233,12.26232064506876,505.549,-6.271039005393656
202407,47.0,18.0,8.0,11.775151258312574,11.296683045969317,914.453,-4.216292139959348
202212,252.0,84.0,48.0,13.045043791998886,12.920046438738225,901.111,35.56444816749319
202401,113.0,25.0,58.0,13.269394487419698,12.6727896296701,1887.629,-5.95730507264569
202405,152.0,31.0,58.0,13.184421324460367,13.182895759672709,823.756,-6.20711335129225
202303,92.0,8.0,40.0,12.692576887791006,11.512605413759303,356.454,-6.2918148135823255
202210,3.0,0.0,1.0,13.223355565798398,0.6931471805599453,2170.759,-6.227889159480919
202303,265.0,47.0,64.0,14.381417940814545,13.539659554918462,2512.481,-1.0660806287415472
202212,160.0,8.0,38.0,13.485030929744422,13.308017707667245,1572.492,-0.3631993191995164
202404,163.0,41.0,41.0,12.257749116496202,12.157895543399801,880.202,-6.2620518727231165
202211,127.0,17.0,49.0,13.016084662552837,12.547560852540482,461.547,10.273978698504814
202309,462.0,40.0,20.0,10.355390854750077,10.226078169476098,225.275,-6.243500304121533
202310,191.0,39.0,33.0,12.738563866068938,12.57476311307542,834.701,-1.3633016539740135
202303,196.0,46.0,92.0,12.831751684468722,12.693338914326738,1035.135,-5.265276550053281
202210,35.0,1.0,13.0,12.509870409818129,12.390325669173876,1051.808,-2.60771871543789
202301,61.0,8.0,17.0,13.219457419724856,13.206325777651452,401.295,16.169120454661574
202301,27.0,7.0,11.0,13.595725111897847,13.420770233218748,2609.15,-3.359945094225159
202207,58.0,11.0,29.0,12.45912057043723,12.185594390048664,947.374,-5.2860523582419505
202303,254.0,57.0,29.0,13.338084248662858,13.282817576813205,653.293,26.84236999633857
202212,229.0,19.0,54.0,13.405336881928323,12.928538308194957,1478.243,-4.295666830349003
202312,303.0,72.0,99.0,14.540276553404311,14.147576673302659,3456.685,23.099900336261015
202402,416.0,216.0,119.0,15.981088051894629,15.634596890672421,9204.471,22.12237524381279
202212,34.0,11.0,7.0,14.679857678777664,14.334247802161517,668.915,-2.33857149424417
202210,241.0,106.0,78.0,10.75681718515505,10.478132689015073,1005.541,-5.304603926843534
202312,183.0,39.0,81.0,13.878107821079166,13.8344981473249,1766.814,24.04538183802822
202404,43.0,5.0,8.0,12.151310182635438,11.557784101278456,257.232,1.4868205168911732
202311,27.0,0.0,0.0,13.998920688713216,0.6931471805599453,10258.465,-6.2918148135823255
202402,120.0,15.0,42.0,13.30105167523252,13.036992835326695,1002.351,-5.319485397273138
202403,264.0,19.0,58.0,12.150501794374863,12.150507080080464,763.937,-6.250263197204988
202310,174.0,40.0,34.0,12.273034789819011,11.884916516220676,835.957,-5.255559743171732
202312,690.0,190.0,123.0,13.757067554686616,13.257654470846802,2834.648,63.84595310454464
202303,106.0,26.0,46.0,11.186932132354066,11.186945986319417,616.203,6.4928026435630475
202309,402.0,89.0,73.0,12.417293401962429,10.129028228450059,1245.274,3.9736966419388917
202208,44.0,3.0,15.0,13.70868118628766,11.591829062565694,1134.509,-6.2918148135823255
202404,2.0,0.0,0.0,12.85151220076402,12.722766020324046,0.08,-6.227889159480919
202307,652.0,291.0,154.0,7.653969180478774,7.631916513071252,1610.71,12.779100144912695
202212,49.0,7.0,25.0,13.08705117605767,12.314177890968594,1243.267,-5.109886540578346
202310,453.0,182.0,128.0,14.027370690257998,13.337061768527459,2752.571,3.833854928671535
202402,68.0,10.0,36.0,11.594247354142144,11.560123886799229,667.309,-5.299521829441883
202310,12.0,0.0,0.0,13.543247663307113,0.6931471805599453,3420.701,-6.2918148135823255
202301,16.0,4.0,2.0,12.385343721000044,11.919949357542386,1007.875,-1.4152862616067843
202303,259.0,67.0,96.0,12.718776504307936,12.568470184145248,833.989,-6.121565151594428
202310,85.0,9.0,18.0,11.56188704301889,11.522509392072076,386.909,-6.243500304121533
202407,81.0,7.0,18.0,13.87832196349596,13.87832290261609,977.883,-6.00779446309766
202408,229.0,74.0,84.0,12.26906152909942,12.220966184120165,1308.125,-0.9125260454658726
202404,93.0,9.0,24.0,14.486545045078621,13.281593705374881,2420.407,-4.347155980963951
202410,3.0,1.0,2.0,7.798112628829788,7.798523053625206,11.256,-6.2918148135823255
202207,349.0,78.0,90.0,12.740827663880488,12.139895449164094,1275.385,3.6664555163224097
202404,213.0,43.0,130.0,12.81293727435192,12.765759859486126,826.782,-5.255559743171732
202410,188.0,15.0,4.0,11.336558146464489,10.953784564258017,261.591,-6.199724448157109
202309,160.0,16.0,65.0,12.11425884625752,12.10519097374892,1180.38,-3.3540507564660946
202312,388.0,68.0,82.0,13.671006037322131,13.028841397816562,1532.124,-2.9133807682273276
202303,85.0,8.0,25.0,13.05614878577836,11.983191559768867,728.253,-4.216364248800169
202210,265.0,26.0,90.0,12.996283013932162,12.944274450381563,835.562,-4.311498702345677
202410,59.0,8.0,10.0,6.448889394146858,6.450470422144176,113.393,-6.201948687744196
202211,553.0,70.0,96.0,12.756607324729403,12.60077335819115,2003.686,-5.007106295252184
202406,88.0,7.0,15.0,12.080554773000404,11.559265009775785,500.726,-6.2918148135823255
202409,33.0,5.0,5.0,12.406254585207037,8.67709870892586,609.931,-6.2918148135823255
202407,54.0,13.0,19.0,11.429217715896744,11.429228588948428,382.384,-6.163742778023453
202301,594.0,158.0,101.0,13.46684488260339,13.39935248331731,1049.535,3.488295569773941
202303,956.0,259.0,194.0,13.618804437622552,13.465069003168775,2113.031,35.29408690366758
202405,528.0,37.0,132.0,14.986675729308619,13.762288035391137,8300.131,-0.1456532539187263
202207,485.0,123.0,79.0,10.86997697994303,9.144093726157257,1667.253,81.36093507649727
202409,86.0,21.0,30.0,9.000606507571892,6.030685260261263,500.183,-4.347155980963951
202303,90.0,27.0,25.0,11.358701449120616,11.358713116574837,1517.193,-2.2878945839866356
202301,43.0,15.0,21.0,12.906681915321249,12.849467449142415,1175.141,-6.258381774551138
202403,163.0,5.0,5.0,9.402199633250627,8.855378246041125,141.012,-6.2620518727231165
202403,285.0,51.0,97.0,13.653652586456223,13.074258678250064,1032.85,20.513508983094447
202406,478.0,61.0,60.0,12.214611089050228,12.213862227805004,783.791,-4.718011657272621
202207,172.0,46.0,45.0,10.188290484237065,8.338066525518801,232.948,-4.375180957638697
202310,473.0,197.0,93.0,11.110371116488025,10.384152893207228,1265.786,10.461203517475537
202312,404.0,76.0,48.0,13.89938192695129,12.94891910070292,543.768,-4.223856816094633
202402,326.0,105.0,53.0,13.638953554162573,13.63572578082229,1280.266,-0.3320715124624112
202207,33.0,15.0,14.0,13.233054659246957,13.124027991165764,1947.681,-6.00779446309766
202404,25.0,8.0,14.0,13.361506254191449,13.288724914619554,2315.444,-6.275982941585651
202311,541.0,177.0,91.0,13.440731286658455,13.214276885955847,1041.481,-2.8203257914941924
202402,14.0,6.0,2.0,13.507169891981718,13.378622891900367,1432.635,-6.079262043089438
202402,57.0,8.0,36.0,14.021066754453356,13.956687151422493,2587.93,-2.113361492908764
202211,217.0,54.0,54.0,13.71418522333516,13.493466138031557,2009.208,5.6986736690454265
202406,45.0,7.0,36.0,10.509223276085104,10.50925055935364,201.482,-6.2918148135823255
202401,22.0,0.0,0.0,13.779517510290036,9.945588728554764,22547.991,-5.319485397273138
202308,183.0,26.0,53.0,12.762274039622925,12.153452155017876,1290.535,-0.3473674472028412
202307,78.0,28.0,24.0,13.65497671569999,13.228455225573331,4631.448,-2.108279395507113
202303,310.0,48.0,112.0,12.84272883653185,12.635700144385135,1258.622,11.029000819636481
202401,106.0,22.0,29.0,12.57833940293475,11.907599222000172,538.614,-4.80048887997561
202211,16.0,0.0,1.0,11.192940562206463,0.6931471805599453,1366.202,-6.227889159480919
202408,74.0,14.0,40.0,12.56647065026903,12.247483266775722,1306.791,-6.275982941585651
202211,255.0,79.0,68.0,11.962177767046336,11.956302738148255,616.928,6.942692169951551
202303,344.0,30.0,113.0,13.361251135678067,13.32536299518401,945.965,-3.184647831885944
202208,56.0,19.0,28.0,13.251526744078413,13.251152292237245,1571.463,-6.19812621862171
202405,181.0,42.0,55.0,12.987390946983401,12.560388308553103,917.106,20.104104962802445
202403,528.0,336.0,79.0,13.332150933167213,13.328113333373373,931.976,-1.834163689971951
202401,30.0,11.0,13.0,12.459574679256493,12.459578559639796,1170.409,-6.20711335129225
202407,46.0,17.0,20.0,12.447865217816114,12.384699886735858,1901.148,-4.1062854763920225
202303,35.0,0.0,8.0,13.516634061095756,12.056829902055497,917.648,-0.3888305642241443
202303,613.0,201.0,75.0,11.942575739866747,0.6931471805599453,1135.669,5.172246158155062
202207,277.0,58.0,32.0,12.488231995787277,12.4222117226915,574.391,-5.226444630280852
202403,124.0,35.0,52.0,14.616254402138571,12.299690485043232,1657.047,9.747246737318589
202207,1518.0,221.0,843.0,15.439550736480186,15.200052384291789,12840.174,-0.143257645571488
202301,17.0,7.0,9.0,10.947309210188068,10.692967117543896,329.115,-6.2918148135823255
202410,326.0,37.0,139.0,13.320520552984,12.935064655045505,2189.673,-6.087807721047857
202306,274.0,39.0,58.0,11.93392265666113,11.642241736440285,459.784,5.000014178111876
202406,172.0,49.0,29.0,9.996886816794678,9.460164801871723,409.197,-0.3521403178923963
202301,482.0,11.0,19.0,11.033889163693646,10.630432112679363,127.813,-6.241276064534448
202401,539.0,19.0,77.0,13.197619261883096,13.126723856681291,600.225,-6.204668384349104
202310,163.0,41.0,41.0,11.747855284535056,11.626611229374046,926.856,-6.2620518727231165
202311,42.0,28.0,8.0,12.45008100492481,12.377939744420269,1037.779,-6.227889159480919
202210,99.0,32.0,49.0,13.875644706577214,13.087386765299593,1792.687,1.1747751897317622
202306,173.0,37.0,46.0,11.933193796048073,11.776197010041864,614.464,4.493918290465253
202210,47.0,10.0,31.0,11.566380920202446,11.565726621961357,534.152,-6.2918148135823255
202409,9.0,3.0,0.0,12.350488956896994,8.623353387244627,25.374,-6.2918148135823255
202307,261.0,68.0,75.0,13.774292651747992,13.161466775984216,2040.656,-3.1532866614913364
202309,213.0,23.0,78.0,13.878201748837517,12.844774199900398,3548.32,0.5628056100427781
202312,381.0,6.0,20.0,12.56392539558289,11.642970788309919,642.573,-5.772818296284798
202309,84.0,7.0,37.0,9.900131928722766,9.900182095527402,155.675,-6.2918148135823255
202405,36.0,18.0,10.0,13.7740633680501,13.528545561685243,3889.901,-6.00779446309766
202303,113.0,7.0,16.0,12.65822730035657,12.658230481630321,1144.885,-6.227889159480919
202405,174.0,66.0,91.0,13.48020004627926,13.480167883147855,1693.847,3.5161808117996234
202211,223.0,42.0,147.0,11.049126546631992,11.04914244753755,583.05,-6.250125035995331
202407,521.0,185.0,172.0,13.114333221834064,12.966644802404907,3392.488,22.66765500065197
202403,75.0,14.0,16.0,12.21381757597762,12.17026410429138,674.36,-6.036112197176701
202310,485.0,36.0,184.0,13.541540708465968,13.02717319040058,2564.184,-6.2918148135823255
202405,44.0,3.0,15.0,12.522790325128383,10.793146793409365,758.569,-6.2918148135823255
202402,341.0,169.0,36.0,12.831045369610225,12.77041439137075,1474.331,-5.158201050039138
202303,18.0,2.0,5.0,12.22915909087547,10.144824594042303,364.728,-6.2918148135823255
202408,200.0,79.0,81.0,10.76420214752143,10.751799184597422,678.265,-5.035465046788473
202306,103.0,14.0,44.0,12.401890219991898,12.218223523699159,1206.742,14.199091803569493
202207,28.0,0.0,0.0,14.952819704648801,14.451096949624636,13923.712,-6.100037851278107
202303,170.0,48.0,68.0,12.107240771835048,11.939656181982498,933.796,7.184917505250491
202211,31.0,5.0,7.0,13.070425664897702,12.46831767211988,1480.061,-1.4092537626380626
202307,337.0,74.0,80.0,11.68769356610927,11.678999069119433,486.444,-0.3778600622730597
202311,482.0,11.0,19.0,9.767324127723256,9.735956081214809,99.917,-6.241276064534448
202306,187.0,46.0,19.0,12.35491497524996,11.625378767241278,751.941,-4.267398454865869
202306,181.0,42.0,55.0,12.822792242640134,12.50990730964249,1010.783,20.104104962802445
202306,200.0,79.0,80.0,10.303437479956182,10.258816591150495,434.403,-5.035465046788473
202210,305.0,143.0,77.0,11.94853172999038,11.749932472943591,569.627,-3.2144555934356545
202312,63.0,14.0,14.0,11.593943081880669,11.593952303612602,473.341,-6.2918148135823255
202310,202.0,7.0,35.0,11.905582228659165,11.815190684546753,133.55,-6.256157534964052
202309,33.0,7.0,6.0,11.843932796160374,11.739638637598702,512.447,-6.2918148135823255
202309,19.0,3.0,4.0,6.86484777797086,4.553876891600541,35.697,-4.347155980963951
202207,44.0,11.0,21.0,12.323064256981912,12.323068704935297,3502.051,-5.0637827808675135
202210,277.0,39.0,58.0,11.836297988063382,11.52518994779021,523.637,5.000014178111876
202207,75.0,14.0,16.0,11.652783054944923,11.589951318820782,976.531,-6.036112197176701
202401,152.0,31.0,58.0,13.812776824718219,13.808090094296789,1285.732,-6.20711335129225
202208,38.0,3.0,3.0,14.900856232986998,14.438039976188296,8417.277,-5.969246119114326
202210,85.0,20.0,39.0,13.630762860469636,13.50604084938922,2528.252,1.6866200005580119
202208,266.0,24.0,98.0,14.097845610550413,13.902675839776617,5069.516,44.10258541412122
202310,261.0,109.0,113.0,12.196537328546835,12.169548692847464,928.432,0.36590500164775364
202210,159.0,15.0,33.0,13.885215709053204,13.825973628631044,2789.48,72.65139570128
202402,103.0,44.0,12.0,12.43443853665879,12.332736132992494,404.406,-6.227889159480919
202309,461.0,96.0,76.0,11.93719924250979,11.848633123661928,780.207,7.4893876989690344
202403,14.0,5.0,5.0,12.271509200814348,12.059919070118664,237.97,-6.258381774551138
202406,439.0,11.0,17.0,9.789534672460096,9.672752760526098,207.147,-6.271039005393656
202307,50.0,12.0,38.0,12.82400855321624,12.824011248492365,835.137,-6.2918148135823255
202410,474.0,166.0,110.0,13.734781948447173,13.399514695589858,6004.496,-3.23990125995928
202303,36.0,7.0,17.0,12.16581819825784,12.049646879656187,421.424,-6.234431325208313
202408,62.0,11.0,38.0,13.742375189601185,13.740223275312589,4012.034,0.3302970816253872
202307,17.0,5.0,5.0,12.219368857822515,11.627565789702027,732.468,-4.347155980963951
202303,267.0,51.0,128.0,15.397461336768774,15.103642049225932,5874.07,-2.2429820961494142
202303,301.0,99.0,76.0,13.53070966426126,13.462084616012142,1345.914,-3.2603621615054794
202301,233.0,46.0,73.0,13.080453291126886,13.06915245607126,797.112,-6.101636080813506
202303,34.0,11.0,7.0,13.895497571779243,13.57626176060777,622.353,-2.33857149424417
202311,105.0,14.0,52.0,13.106000228315633,12.953755358738134,1570.11,-5.718692015211344
202211,103.0,16.0,30.0,12.656182830856025,12.632010091269004,470.28,-4.211915769625998
202207,246.0,59.0,69.0,12.92839263151438,12.60264835979242,1802.285,11.606667951434202
202210,87.0,36.0,16.0,12.011789837336943,11.010398644018933,523.745,-6.023405607738274
202408,200.0,62.0,73.0,12.890859979745638,12.814554785208871,3207.964,8.630543388402591
202211,391.0,72.0,142.0,14.586806499967178,14.442375297642176,3519.776,16.171416803089485
202402,21.0,4.0,9.0,12.549754544251783,12.258978139625093,540.604,-5.304603926843534
202212,483.0,36.0,180.0,14.039779875365985,13.465507592507866,2461.969,-6.2918148135823255
202212,3.0,1.0,1.0,11.77644291042271,11.686021261679537,564.827,-6.2918148135823255
202301,55.0,16.0,2.0,11.103678213566603,11.10369327029282,316.025,2.492582972231549
202301,76.0,28.0,28.0,12.286859691499831,12.235087610598699,1041.534,-6.153716744429807
202407,695.0,215.0,113.0,9.972640411224445,9.972687069337132,1845.486,11.535964542703772
202402,67.0,20.0,10.0,10.476921711213846,10.154129532552147,70.921,-6.271039005393656
202210,344.0,30.0,113.0,13.085475301536071,13.074342617167764,1014.686,-3.184647831885944
202303,207.0,42.0,53.0,13.792579642673553,13.42931411108837,1872.195,0.6771874470456583
202407,36.0,6.0,11.0,12.405677318446688,8.98594603876032,623.598,-6.2425499025544635
202306,209.0,28.0,47.0,12.98033887737491,12.900873458086775,2690.328,-6.076321619128469
202211,171.0,35.0,68.0,14.858758821912907,13.584826145691524,5728.807,-2.053654744498136
202303,104.0,26.0,20.0,14.306806513177458,13.794405402746788,1570.673,11.463642415397496
202409,9.0,0.0,5.0,11.154978283509006,11.086257149210962,307.156,-5.319485397273138
202401,4.0,0.0,3.0,14.075660834907579,14.075661605843006,1174.074,-6.227889159480919
202212,118.0,34.0,26.0,13.699622600512347,13.53663492805138,941.095,-5.255559743171732
202406,184.0,39.0,81.0,13.398146436554008,13.377483001181657,1567.384,25.969264862457926
202401,388.0,75.0,82.0,14.769184161348731,13.887005762669027,2582.894,-1.0280128802304604
202405,133.0,27.0,28.0,10.51017774785748,10.510205005097685,116.601,-5.298709589084469
202312,146.0,22.0,62.0,12.973979371638071,11.616555484182403,870.284,0.04627673114072284
202208,59.0,6.0,19.0,13.974345108465775,12.823970818587705,2775.244,-4.347155980963951
202402,132.0,37.0,47.0,12.707023675574867,12.297274397289955,630.999,-5.319485397273138
202207,101.0,12.0,45.0,14.198297107246791,14.059824428308762,6481.729,11.540788461960071
202401,104.0,16.0,31.0,13.04582784572621,13.007858961196547,748.575,-4.211915769625998
202409,82.0,15.0,55.0,12.141928713198865,12.14193404441393,1221.271,-6.2918148135823255
202409,140.0,39.0,69.0,11.69447172129643,11.661604057341592,1258.851,1.081802127340307
202211,65.0,30.0,18.0,14.401516193330016,14.079200097712564,5557.515,-4.1061141076318695
202402,186.0,27.0,51.0,13.65975459035176,13.131820517351922,1021.688,-5.894027246512613
202310,84.0,13.0,18.0,10.67211319427198,10.672136376495851,154.755,-5.851625420815807
202303,29.0,8.0,10.0,11.005294732100756,11.00531134546621,94.448,-6.2918148135823255
202301,171.0,25.0,81.0,15.2829398761899,13.570263258805626,3168.895,-6.2918148135823255
202307,261.0,109.0,113.0,12.112086089349479,12.07619741812335,1227.296,0.36590500164775364
202306,59.0,12.0,17.0,12.13451756581795,11.99580830004113,315.657,3.431479349509548
202301,118.0,18.0,58.0,12.021861304217751,12.021723033621976,737.413,-6.2867327161806745
202306,52.0,12.0,17.0,14.35745919684593,12.359287173017822,3543.006,-5.298709589084469
202404,250.0,62.0,97.0,13.430766772669362,12.720487819146697,1362.108,13.08523394510152
202309,401.0,57.0,82.0,9.01322999770879,8.916237731721479,467.386,-0.3290823817102586
202210,483.0,36.0,180.0,13.670361078840646,13.199161442297587,2568.31,-6.2918148135823255
202306,200.0,62.0,73.0,13.259626548274763,13.115765660255994,2275.664,8.630543388402591
202311,55.0,16.0,2.0,10.33514009039794,10.335172561620322,153.034,2.492582972231549
202303,333.0,129.0,72.0,10.51753741173737,10.488659691430774,933.819,7.211725812407881
202303,12.0,4.0,6.0,11.851552521156446,11.733601975640648,308.711,-6.2918148135823255
202407,204.0,15.0,22.0,12.07505238309177,11.622506063538962,684.643,-6.2918148135823255
202406,120.0,26.0,33.0,13.833882750912172,13.213510357652586,2118.145,1.3204483923251482
202211,53.0,13.0,9.0,9.860893154903707,9.860945329270454,169.671,-3.3748265646547635
202308,307.0,19.0,15.0,11.472488812862714,8.783702698635217,192.911,-6.2263945941048435
202301,46.0,25.0,8.0,13.537687723107885,11.85024734054602,770.756,-2.402497148345576
202309,19.0,2.0,7.0,8.277411998949004,8.277666160851503,439.984,-6.271039005393656
202303,556.0,212.0,153.0,13.09588386926661,12.657606758492248,1664.649,12.996205058739077
202310,84.0,14.0,17.0,13.46274937383774,13.009763386535033,2244.905,5.294931646016421
202210,395.0,17.0,16.0,12.529361939175978,12.17444781051196,1242.271,-6.250263197204988
202406,2.0,0.0,0.0,12.759359878912647,12.644608182249133,0.0,-6.227889159480919
202303,34.0,15.0,9.0,10.221759448941915,10.22179581852967,84.227,-6.194456120449732
202409,324.0,140.0,152.0,13.31379497811585,13.038625183157162,3817.68,-3.835750748152702
202403,68.0,18.0,45.0,12.00651133447352,12.006517438790189,586.835,-5.319485397273138
202410,179.0,19.0,31.0,12.031647827262825,12.007518042896832,459.524,-6.194456120449732
202308,409.0,34.0,25.0,9.583488878607804,9.364005219520333,112.22,-6.220500256345779
202210,14.0,5.0,3.0,11.873414127430918,11.594569966010608,709.617,-6.163963505379513
202309,11.0,2.0,0.0,6.535241271013659,6.536691597591305,5.734,-6.2918148135823255
202303,11.0,1.0,0.0,7.265429723253953,7.266128779556451,0.427,-6.2918148135823255
202301,374.0,64.0,90.0,14.925123121151248,13.18581130405987,2091.507,-3.1128033205812407
202210,180.0,123.0,24.0,12.788977971614882,12.783738826214973,996.189,-5.999504516991357
202407,300.0,47.0,59.0,11.647639907515146,11.443907593170772,583.267,-4.296617231916073
202409,367.0,55.0,20.0,12.202601628514346,11.642417460202983,483.65,-6.187067217314591
202307,85.0,9.0,18.0,10.138322492439922,9.902937401230647,412.971,-6.243500304121533
202309,162.0,9.0,23.0,12.563628201616188,10.551297351207467,548.021,-6.256157534964052
202303,34.0,11.0,9.0,13.48778119083481,13.274730753805098,2382.479,-0.07645927210994241
202404,444.0,119.0,201.0,14.769747729912053,14.490096030968562,3528.307,7.32348832438624
202403,934.0,454.0,206.0,13.955873189454813,13.626460414920093,3167.347,31.955488139238767
202402,318.0,72.0,103.0,15.289185790302394,13.461000412015766,4231.452,24.90548162687338
202408,28.0,3.0,7.0,14.248517548967536,13.94143723288296,4721.993,-5.892429016977214
202404,249.0,79.0,44.0,11.56066746095565,11.528818498972141,289.944,-3.831843771579251
202308,514.0,123.0,74.0,12.391809197916619,11.967009293980839,819.21,-2.881207357475306
202404,6.0,2.0,4.0,13.251885242606082,13.251886999635298,1320.55,-6.2918148135823255
202403,418.0,68.0,153.0,13.726789720679617,13.502614603751617,1720.476,-5.214820367151807
202403,72.0,11.0,42.0,13.25249474649407,13.245914633731505,1838.425,2.07103552411977
202407,1433.0,527.0,172.0,13.147210124456837,12.87957053703703,2193.642,55.775144670335195
202306,31.0,0.0,2.0,14.123109221806317,12.580167478336392,2842.882,-3.3748265646547635
202303,39.0,4.0,20.0,13.593324048539344,13.30893422648766,2097.542,-5.094275395937732
202207,498.0,13.0,18.0,12.398959030803598,11.682153339086335,1144.31,-5.099390700889879
202407,188.0,0.0,7.0,9.915663128466262,9.768927059140433,73.28,-6.2918148135823255
202212,46.0,25.0,8.0,13.319261511150296,11.699819883609317,557.541,-2.402497148345576
202210,899.0,361.0,146.0,10.989858554781884,10.922569502247429,1592.881,56.24591504310905
202406,173.0,57.0,58.0,13.41709951135952,12.38220425070771,1916.569,-1.1951194563827041
202410,13.0,2.0,0.0,11.971501547816969,9.551160286590816,810.406,-6.2918148135823255
202406,65.0,21.0,29.0,12.554307572517297,12.487994409213195,1575.92,-6.258381774551138
202409,57.0,7.0,27.0,10.095305541807429,10.076642221505265,250.02,-6.2918148135823255
202401,281.0,76.0,58.0,12.353738055668426,12.344799269539486,394.633,-5.219902464553458
202301,170.0,35.0,67.0,15.577058898899068,14.034773790569982,6622.612,-2.053654744498136
202406,113.0,9.0,13.0,11.12959849003407,10.686772467932132,298.162,-6.250263197204988
202410,18.0,1.0,0.0,11.290006888347316,6.4425401664681985,504.028,-6.271039005393656
202207,22.0,0.0,0.0,13.671566281811302,10.053242872620965,25514.234,-5.319485397273138
202404,103.0,14.0,44.0,13.337223112458211,13.08702424117482,1147.134,14.199091803569493
202408,158.0,59.0,26.0,8.555836815008442,8.556029215201436,285.47,0.2639941651816651
202407,188.0,28.0,46.0,13.01601125916001,12.734000194152827,1429.282,-4.264458030904901
202303,5.0,0.0,0.0,11.69448840075068,0.6931471805599453,121.037,-6.2918148135823255
202410,11.0,0.0,2.0,5.247024072160486,5.25227342804663,11.352,-6.2918148135823255
202301,230.0,19.0,31.0,13.252491234567568,12.398641518775678,433.18,-6.271039005393656
202401,114.0,29.0,25.0,12.93040594431119,12.930408367546136,773.84,-3.3747544558139424
202212,514.0,230.0,97.0,12.083814611989823,11.899581452091338,2166.572,20.656971435937876
202410,3.0,0.0,2.0,8.186742787113518,8.187021067343505,97.955,-6.227889159480919
202408,8.0,1.0,2.0,14.107736790065793,13.81467921249237,5981.16,-6.227889159480919
202410,2.0,0.0,0.0,9.219002745054835,0.6931471805599453,2.628,-6.2918148135823255
202308,223.0,4.0,15.0,10.497201063380588,10.355645388636274,287.357,-4.3263801727752815
202310,419.0,71.0,152.0,13.00502024497633,12.916249003082982,1776.4,-5.214820367151807
202402,84.0,6.0,12.0,13.038873066905303,12.576784114901635,1634.886,-6.2867327161806745
202210,33.0,3.0,9.0,11.222720211974009,11.100088249532442,106.498,-6.2918148135823255
202309,156.0,20.0,11.0,11.716307028162475,11.271974295006054,252.304,-6.2620518727231165
202210,652.0,290.0,156.0,7.2909747781429814,7.198931240688173,1338.596,12.779100144912695
202208,195.0,47.0,23.0,8.123854263105914,8.07402621612406,233.868,-3.3057362470053024
202210,384.0,110.0,84.0,9.257891673834406,9.257987025443535,1561.202,16.72996915564749
202409,172.0,13.0,16.0,8.835355971121606,8.82864061741828,62.902,-6.250263197204988
202306,16.0,2.0,4.0,12.268432232012866,11.890690442436114,733.828,-4.246856863870388
202308,29.0,0.0,0.0,4.68213122712422,0.6931471805599453,8.703,-6.276933343152721
202303,73.0,14.0,40.0,13.440622180434708,12.823571822542718,972.999,-6.275982941585651
202306,301.0,103.0,50.0,10.405413693115086,10.169307378130775,632.36,2.1954191155017426
202301,391.0,72.0,143.0,15.312804778709022,15.029781256498612,4987.198,16.171416803089485
202405,268.0,24.0,97.0,13.13480367502264,13.059459785707629,676.35,-5.283828118654865
202210,26.0,12.0,7.0,12.17774518487632,12.030081012431088,347.156,-5.265276550053281
202402,349.0,127.0,89.0,14.160905723726232,13.522953957615176,2916.018,13.270994877744814
202405,347.0,119.0,81.0,12.155542217980447,11.43295108829541,579.95,-2.679289547254068
202405,191.0,44.0,56.0,12.638633979300039,12.483389938756924,589.702,4.14597228587918
202301,47.0,10.0,31.0,12.44862266724941,12.448348010960409,753.998,-6.2918148135823255
202208,259.0,37.0,35.0,12.398451788151348,12.387764837649057,2364.532,0.17982885910427182
202403,53.0,8.0,16.0,12.169289359436606,10.89457030826157,222.475,-6.237605966362469
202301,202.0,6.0,26.0,13.083318968708504,12.045610423089112,628.797,-6.256157534964052
202410,291.0,92.0,141.0,14.38946589846877,14.02877264805375,4215.978,1.9735551240806455
202211,121.0,27.0,47.0,11.571052853646837,11.571062288899773,400.998,-6.276933343152721
202311,17.0,1.0,1.0,9.328034514792826,7.565793282428515,52.999,-6.2918148135823255
202409,398.0,56.0,83.0,9.725914702764378,9.462965052612562,488.687,-0.3290823817102586
202301,31.0,7.0,8.0,13.336309562316476,12.80481024062894,605.4,-6.1422507854609
202306,106.0,26.0,46.0,10.758158167252745,10.758179438191325,692.824,6.4928026435630475
202207,194.0,55.0,26.0,12.15854068948482,12.067890454690223,928.57,-0.8845010687911268
202407,410.0,115.0,63.0,10.949911409458652,10.949928968875328,670.815,2.098817624200281
202301,59.0,5.0,14.0,11.761339023126272,11.118296433940062,339.974,-6.2918148135823255
202306,11.0,1.0,0.0,5.6131281063880705,5.616771097666572,0.393,-6.2918148135823255
202402,81.0,21.0,31.0,11.909383463918418,11.441547608809866,198.206,-6.271039005393656
202303,140.0,26.0,63.0,13.581228958239562,13.474147782127147,528.998,-6.276933343152721
202208,453.0,122.0,203.0,15.23431228266446,14.600140603494157,5158.347,8.279985868698754
202403,300.0,100.0,75.0,13.803641397334177,13.77557150686806,1499.356,-3.2603621615054794
202301,124.0,26.0,27.0,12.60397926006046,12.281027045077424,328.691,1.0334876178795147
202210,7.0,1.0,0.0,13.071648862859828,9.427465850964829,1408.307,-6.227889159480919
202404,193.0,39.0,70.0,14.421247918530353,14.391185841959048,2051.802,15.199551434152157
202406,17.0,3.0,3.0,12.42578632154119,10.997271537014264,931.879,-6.143187697190844
202405,54.0,14.0,25.0,11.126144712066191,10.894310452294558,356.192,-6.00779446309766
202408,78.0,15.0,10.0,13.110562014447785,11.546650334371849,2397.15,-3.2135422174207635
202301,56.0,19.0,28.0,14.126426130238459,14.112749567068187,2216.084,-6.19812621862171
202407,202.0,6.0,26.0,12.056760242343165,11.216928922914363,453.004,-6.256157534964052
202211,247.0,96.0,61.0,8.620832226175724,8.621012520055235,420.644,-3.119074589653231
202303,84.0,9.0,13.0,11.845619143251357,11.708039843562934,338.642,-5.319485397273138
202307,145.0,98.0,19.0,11.28798029170939,11.287992814171558,416.359,-3.906966588197433
202208,260.0,68.0,96.0,12.267308845000747,12.203840155377458,1316.565,-6.121565151594428
202403,231.0,22.0,29.0,13.862458073117317,13.818783197034499,1849.026,5.724084186713993
202301,164.0,53.0,27.0,15.10446933954187,13.862206149093979,2087.43,10.26396913421897
202210,203.0,83.0,40.0,11.169321860483546,10.993227262700639,375.803,-3.0700304059814294
202405,277.0,72.0,58.0,8.948715833843691,8.94884572927805,331.422,3.623549069218061
202402,555.0,207.0,95.0,15.816643876465617,15.723301604013834,1434.03,27.94024569250825
202303,539.0,177.0,89.0,12.923068179955342,12.616969640857643,1078.102,-2.8203257914941924
202301,356.0,49.0,37.0,14.974301878992502,14.838117588590038,3084.369,-6.057721343735703
202312,115.0,15.0,62.0,14.358942955542743,14.240959322733447,1861.264,4.752514633444225
202303,150.0,12.0,9.0,11.414772247561753,10.261930931870822,104.47,-6.2620518727231165
202303,339.0,15.0,41.0,14.486599739788865,12.162919811713278,1096.658,-6.092648948142966
202311,65.0,14.0,33.0,12.72088531047362,12.678972077887934,1485.115,4.409216828175177
202211,28.0,0.0,0.0,15.01081358817417,14.4855103938921,9680.622,-6.100037851278107
202404,205.0,59.0,40.0,13.129207900125664,12.237542242399568,866.079,2.899339325966878
202210,593.0,156.0,101.0,12.80626811291564,12.787335297486656,785.132,4.460624986083129
202303,147.0,23.0,40.0,13.530434420446026,12.970318811494646,1161.49,25.353318183128998
202301,120.0,1.0,14.0,11.774258428599005,11.774266128814226,73.239,-6.2918148135823255
202303,31.0,7.0,8.0,13.196340340976802,13.021530374851523,424.599,-6.1422507854609
202303,211.0,40.0,16.0,11.999435854929516,11.810582620444087,356.594,1.3029192553388693
202303,84.0,14.0,17.0,10.676669748432332,10.676692825266652,100.441,-5.851625420815807
202309,4.0,2.0,2.0,9.239607869656751,9.239704980606087,33.836,-6.2918148135823255
202306,142.0,16.0,43.0,12.501224251427999,12.386095729524826,1234.541,-0.5883429704170613
202406,181.0,42.0,55.0,12.783744438265167,12.401664099822455,953.689,20.104104962802445
202404,651.0,289.0,155.0,10.829887018558571,9.898324245579248,1379.92,12.779100144912695
202406,363.0,82.0,80.0,13.719121896807946,13.141344098400593,2162.808,11.719345031803117
202208,176.0,65.0,36.0,13.766939869708242,13.722392573542841,2569.311,-1.2354503457712012
202212,129.0,15.0,64.0,12.521489041339656,12.437743733828002,792.453,5.604401336667392
202402,25.0,2.0,4.0,14.014763794760926,11.966304162692392,652.586,-4.3263801727752815
202404,44.0,14.0,15.0,12.634342406291601,12.115354406609217,539.317,-4.283230326862545
202404,410.0,127.0,189.0,15.286770413014873,13.91597289711789,6230.854,10.407652314418458
202303,70.0,18.0,45.0,12.843363505335383,12.612980046367289,1275.487,-6.2918148135823255
202307,24.0,3.0,3.0,13.445211801335192,11.784257094474574,2004.36,-4.347155980963951
202307,145.0,58.0,16.0,10.21990284381078,10.20824795652266,147.719,-5.255339015815672
202310,47.0,18.0,8.0,11.655908301648354,11.097970469988296,655.086,-4.216292139959348
202308,124.0,15.0,13.0,10.744019720009131,10.122341918431909,434.421,-6.2168301581738
202405,134.0,37.0,47.0,12.037707246925113,11.853695595257669,429.712,-5.319485397273138
202301,281.0,77.0,63.0,14.220917664390374,13.807266670308382,2621.189,5.793174504363455
202207,302.0,103.0,50.0,10.285922831529602,10.14203190042636,753.5,2.1954191155017426
202403,324.0,78.0,125.0,14.060335754428111,13.968278854167997,1656.506,9.570472733394066
202405,224.0,72.0,41.0,10.646257883569398,10.646281672985488,282.647,-2.8305867621847476
202402,5.0,0.0,0.0,11.536720113535946,0.6931471805599453,884.612,-6.2918148135823255
202403,42.0,4.0,30.0,12.676554285510573,12.266061771344145,744.718,-6.2918148135823255
202407,423.0,149.0,69.0,11.753193550885607,11.711120370920472,934.404,3.15246423998361
202312,18.0,3.0,0.0,13.614612725597379,12.899367315213064,2130.411,-6.0682030417823185
202312,65.0,14.0,33.0,12.939651344384455,12.906418850816811,1672.407,4.409216828175177
202406,77.0,17.0,14.0,12.474694215243213,12.352304914470267,1474.214,7.362348631123636
202301,14.0,2.0,1.0,15.951125299153096,15.855658233815237,6549.925,-5.111876562972245
202310,450.0,121.0,203.0,14.603143942590117,14.422920095445571,3404.668,7.5277511487728255
202406,195.0,1.0,3.0,10.049577258408023,9.840494503208207,67.244,-6.208711580827649
202212,143.0,62.0,68.0,12.194708315451123,12.194713372584083,776.214,-5.954397856235217
202211,651.0,99.0,170.0,13.530127174833996,13.355832634654218,2122.225,125.81904109846782
202211,288.0,52.0,143.0,13.760031674100386,13.714170836955741,2169.809,-5.051076191429087
202303,39.0,6.0,17.0,13.664270139216116,13.248305040762078,804.061,-0.14038492621134857
202212,78.0,18.0,27.0,14.091682896826203,13.254878253550993,1938.993,-5.142369178042463
202306,60.0,10.0,31.0,12.577932709724024,12.254534184279615,884.053,-5.2860523582419505
202409,24.0,6.0,3.0,10.176335136029452,10.176373195745152,153.571,-6.235381726775383
202310,1.0,0.0,0.0,12.750917014104463,0.6931471805599453,14.131,-6.2918148135823255
202407,401.0,75.0,47.0,12.353789817512196,11.85189458179003,545.294,-4.244632624283302
202402,293.0,44.0,65.0,12.461753084456154,12.461756956395629,504.959,-6.2918148135823255
202404,27.0,6.0,12.0,13.359341981486988,13.156020565892424,1987.559,-3.359945094225159
202301,252.0,46.0,110.0,13.30051123642657,13.17238706618365,1343.455,-6.276933343152721
202408,19.0,3.0,5.0,12.140365441749,10.176791757041954,645.239,-6.2918148135823255
202301,99.0,0.0,11.0,11.054787163483244,11.05480297463485,110.719,-6.2620518727231165
202211,160.0,38.0,59.0,14.529351635188497,12.823525981720918,1848.642,18.7357274186638
202404,403.0,151.0,67.0,12.511282701412636,12.03628026971296,1873.823,43.6705958103643
202312,266.0,60.0,66.0,10.460671815280136,10.189305388378159,360.867,-4.574499845833286
202404,178.0,27.0,39.0,12.270712724010624,12.071357695635129,296.09,-3.3242878156068856
202208,72.0,12.0,41.0,12.750223755077746,12.654412040764706,2310.407,2.07103552411977
202402,22.0,5.0,1.0,14.28736871650702,13.389837640484759,2175.743,-6.100037851278107
202406,135.0,6.0,11.0,12.219842405741094,12.193539431905304,1065.844,-6.192231880862646
202310,47.0,9.0,8.0,12.736795009810615,11.643874776891703,1553.267,-5.304603926843534
202408,83.0,11.0,32.0,12.430806930955736,12.228675270739602,901.724,-5.319485397273138
202408,314.0,87.0,57.0,9.855452103497571,9.855504562513977,586.797,-1.287434953403972
202211,7.0,0.0,0.0,13.856327112469732,13.48171054776361,1338.12,-5.319485397273138
202311,333.0,76.0,76.0,14.117000116831639,13.82763970159886,2270.879,7.535137108019555
202406,259.0,65.0,98.0,12.387143420422476,12.323882347497674,926.768,-6.121565151594428
202401,118.0,19.0,58.0,12.324650920455529,12.32455321563061,745.237,-6.2867327161806745
202301,469.0,9.0,3.0,12.982758722658822,12.53439749644397,1111.065,-6.204172927331281
202401,143.0,68.0,29.0,12.764982470046338,12.764985329202858,1235.913,0.255875587835515
202306,55.0,8.0,6.0,12.258375679958622,11.764796405036387,963.02,-6.194456120449732
202308,153.0,8.0,3.0,11.741876122358187,5.375278407684165,286.25,-6.271039005393656
202303,235.0,29.0,55.0,12.421599261505214,11.987506103709071,540.299,-1.1951915652235252
202310,200.0,87.0,30.0,8.129174996911793,8.129469764784231,202.968,-5.2860523582419505
202210,151.0,63.0,26.0,11.664959620825726,11.664968210378253,377.542,-4.009656457470438
202211,426.0,148.0,68.0,12.460722615811694,12.432578537835186,883.741,3.147520303791616
202303,66.0,15.0,21.0,14.464009161132074,12.799446451031226,2050.939,-4.177849112367331
202407,196.0,46.0,74.0,13.054373574104806,12.093900091645608,1340.05,-1.1291443806319181
202311,45.0,10.0,12.0,12.576083272653936,12.25100776952392,571.109,1.5507461709925794
202404,38.0,2.0,3.0,14.107297693104936,13.780221147105696,5206.287,-5.969246119114326
202309,395.0,161.0,104.0,13.127878143092353,13.114825035366028,3738.089,27.478443236797425
202402,528.0,336.0,79.0,13.373115870051198,13.36781465093679,1130.578,-1.834163689971951
202407,31.0,5.0,14.0,10.328363054164116,10.31374117737609,220.702,-1.1942411636564554
202403,166.0,40.0,26.0,12.808871068052731,10.353734803416186,2046.698,-3.2418931590503
202311,367.0,213.0,52.0,13.81511648032588,13.063366804596612,881.744,-2.73774490463188
202301,33.0,8.0,14.0,12.900928365704722,12.72361565704369,488.746,-4.3263801727752815
202307,352.0,152.0,65.0,11.697062040287744,11.540618449986978,1125.825,6.519509770009908
202404,293.0,91.0,32.0,12.478558589459997,12.396631019746694,458.64,-0.755002172457008
202401,2.0,0.0,0.0,12.93515871764544,12.79758015726583,0.18,-6.227889159480919
202404,59.0,4.0,11.0,15.546665801001236,12.72988951642767,7435.292,-5.319485397273138
202303,132.0,36.0,53.0,13.90714033703125,13.81618832822611,3741.857,5.881125920584308
202301,256.0,130.0,68.0,13.595934385979145,12.913191762406978,1823.064,-5.0637827808675135
202407,1529.0,224.0,872.0,15.481200062088261,15.29802582041935,14623.203,-1.1795127159820815
202301,64.0,17.0,29.0,12.75670246603594,12.677609473825335,1599.85,-5.958220325357702
202311,338.0,15.0,41.0,13.870025258048338,11.886851745212587,948.489,-6.092648948142966
202301,942.0,142.0,198.0,15.02602462152963,14.498586695385617,5111.557,80.4863232418864
202404,220.0,56.0,54.0,13.404681087356959,13.310693513145452,2036.34,5.762599323146832
202406,74.0,11.0,21.0,11.535420542797599,11.535430320310297,213.066,-6.2918148135823255
202311,89.0,30.0,23.0,12.210333554948841,12.03786698897163,353.93,-6.2918148135823255
202310,56.0,5.0,23.0,13.578227513496342,13.36761591393326,2107.353,3.8436437656013194
202407,285.0,51.0,97.0,12.56258207577227,12.344437960901804,1244.359,20.513508983094447
202308,230.0,85.0,21.0,9.84823907830565,8.765770543987257,204.14,-4.474930402950733
202404,27.0,2.0,10.0,13.437213532525965,13.380311752321274,2575.925,-6.077133859485882
202404,102.0,8.0,33.0,14.56110976132663,12.866515832916992,2516.126,-6.276933343152721
202409,66.0,21.0,19.0,10.10895581217033,10.108996524638528,156.89,-6.276933343152721
202303,212.0,32.0,101.0,13.987949273294268,13.509295132346983,2498.164,21.399456141431756
202210,203.0,7.0,26.0,11.775328190236555,11.166724053039157,358.711,-6.256157534964052
202409,173.0,21.0,52.0,10.839169062202215,10.765828833982527,453.046,-6.256157534964052
202303,246.0,91.0,26.0,12.511934705981346,11.882390268837351,414.092,-4.2534673860033365
202301,1.0,0.0,0.0,15.954522636696582,15.954522754467709,5828.028,-6.0717201171990665
202301,321.0,17.0,12.0,14.03731561389307,13.908738571564275,4703.302,-4.091453364558326
202211,107.0,42.0,26.0,9.284426915328881,9.284519770150434,152.781,-5.319485397273138
202408,171.0,25.0,81.0,14.617550259301812,12.591848519912864,3169.672,-6.2918148135823255
202409,104.0,15.0,27.0,9.51259080860336,9.512664721164834,318.404,-6.276933343152721
202301,150.0,15.0,21.0,13.433204203759644,13.418227882263668,1480.496,-5.224846400745453
202307,62.0,23.0,21.0,12.276307412212624,11.521449035911106,1104.658,-1.4143358600397145
202210,103.0,15.0,16.0,10.82683333888396,10.745291779083457,119.486,-5.271170887812346
202308,5.0,0.0,2.0,11.977250501484022,0.6931471805599453,194.737,-5.303653525276463
202307,45.0,1.0,10.0,12.219886789363544,12.219891720755554,644.994,-2.3275124929370503
202303,174.0,66.0,91.0,13.554785848691305,13.544045607593096,1826.557,3.528838042642141
202210,174.0,66.0,89.0,13.501361299297322,13.469297836470686,2243.662,3.748932739025399
202403,188.0,0.0,7.0,10.866757285604278,10.528891081009554,62.848,-6.2918148135823255
202404,210.0,28.0,48.0,13.281011926634,13.228782532505628,2358.022,-6.076321619128469
202402,78.0,10.0,21.0,12.860151501325138,12.332819827349562,430.463,-5.222126704140544
202406,67.0,7.0,20.0,14.090668023956852,13.53077879573073,2478.348,6.412393252538516
202410,312.0,50.0,92.0,13.872908332044164,12.290459748790338,1917.982,-6.275982941585651
202407,2.0,0.0,0.0,13.830933018083803,13.765133685638986,1073.937,-6.2867327161806745
202301,689.0,203.0,171.0,14.790214338517051,14.02292789809687,3532.694,19.61812291373431
202410,5.0,0.0,0.0,11.851281640149963,8.61830469278465,913.879,-6.276933343152721
202311,216.0,58.0,62.0,12.02339302463892,11.892443507323893,649.723,-5.047950908870839
202409,145.0,1.0,0.0,4.663439094112067,4.672828834461906,40.854,-6.2620518727231165
202306,281.0,2.0,5.0,9.688436171119255,9.554851637414007,66.097,-6.2918148135823255
202312,20.0,2.0,3.0,14.886267120000603,11.549045221276588,1442.741,-6.031766427099414
202303,111.0,28.0,61.0,12.2798201955968,12.24951520337301,671.61,-1.9261143207481028
202306,10.0,4.0,3.0,12.658055496543376,12.145669561672394,1386.611,-6.2918148135823255
202210,384.0,110.0,84.0,9.257891673834406,9.257987025443535,1561.202,16.72996915564749
202207,105.0,14.0,50.0,12.830059976377365,12.694821357775075,2178.116,-5.654766361109939
202406,397.0,212.0,65.0,12.28160674314054,12.27809558837737,734.72,3.1714757984855684
202306,158.0,36.0,64.0,12.427037825916333,12.030736632909932,784.091,-3.278197545733179
202211,746.0,467.0,130.0,12.69202036454026,12.688936970366457,1625.712,15.014042226175958
202301,65.0,15.0,33.0,13.302348874400735,13.279763628793036,2027.531,4.189122131791917
202406,322.0,103.0,53.0,12.288656736536323,12.283801910025678,879.175,-0.3320715124624112
202409,465.0,123.0,138.0,13.291729709837949,13.019980645965253,2346.286,2.695076501580294
202303,143.0,19.0,32.0,12.257440437142737,12.223121484629733,405.155,-6.2168301581738
202403,86.0,14.0,32.0,14.685056791866405,13.418953653725117,2856.33,12.1806029901626
202211,49.0,26.0,13.0,10.528302357719248,10.090672264996071,288.151,-6.276933343152721
202303,323.0,36.0,93.0,13.201954290726473,12.661159318130467,1176.698,1.7233822769379934
202409,558.0,300.0,109.0,13.334492896335433,13.333491026039953,1486.131,4.960998556535564
202311,380.0,25.0,76.0,13.881975971451809,13.699549611295067,2248.989,31.67921662317398
202311,350.0,159.0,59.0,13.214349858016702,13.181854180220274,1341.472,20.607095087914622
202303,25.0,2.0,3.0,13.038686072577644,11.583094977277117,2179.81,-6.258381774551138
202301,166.0,15.0,8.0,13.86797966081804,13.033206427591358,2783.264,-6.20711335129225
202401,397.0,212.0,65.0,13.646002555815974,13.640776145857751,1127.236,3.1714757984855684
202307,88.0,14.0,10.0,12.318718061747722,12.055022985899194,777.994,-6.1915156964887625
202306,256.0,51.0,94.0,13.257062088447524,13.13744310463942,2135.474,-5.1969984727612335
202307,43.0,9.0,19.0,12.0760209061699,12.004152280667489,2919.235,-3.2950690385566825
202406,9.0,0.0,0.0,13.744973280209962,12.895146541518809,5395.789,-6.163963505379513
202303,329.0,86.0,100.0,13.493968312291056,13.306864224485912,1708.206,24.997051219845638
202208,188.0,87.0,37.0,12.387431238823567,12.318610839910106,1305.537,0.837573279810341
202410,24.0,2.0,4.0,14.20182546589939,14.036427632517592,1465.545,-5.314403299871487
202301,52.0,13.0,14.0,10.921431938136783,10.777934935151473,299.588,-6.258381774551138
202310,195.0,1.0,3.0,9.56724528946897,9.33025446864152,62.85,-6.208711580827649
202406,1175.0,551.0,167.0,12.095878243222462,12.039333056862503,2183.04,17.863096643788055
202307,139.0,60.0,31.0,8.421783006611578,8.422003004412488,478.88,-2.9776156490408296
202306,334.0,44.0,65.0,12.076806429807307,11.596963258573025,673.858,-5.0525165420414595
202303,144.0,12.0,14.0,11.68931278227599,11.008512568976428,186.317,-6.2918148135823255
202211,146.0,42.0,47.0,12.516582177621325,11.741876122358187,830.955,0.6906569182455904
202310,194.0,45.0,22.0,8.288785810426928,8.216088098632316,162.557,-3.2849604388166336
202210,333.0,151.0,79.0,13.084553508542033,12.883197145784488,2096.078,6.824557668630288
202404,33.0,8.0,14.0,12.2322081191348,12.062392788139542,296.359,-4.3263801727752815
202306,20.0,9.0,4.0,13.154851864507691,11.834646579645431,841.962,-6.2918148135823255
202402,58.0,7.0,3.0,10.757455972332892,10.757477258212903,35.619,-6.275982941585651
202211,20.0,1.0,10.0,13.55172338163769,13.349792134097049,3111.901,-5.999738734184544
202312,89.0,30.0,15.0,12.22880235728082,12.228807244902185,209.714,-6.271039005393656
202409,57.0,1.0,8.0,7.909856667269403,7.9102237070973445,85.198,-6.156574602244373
202311,938.0,456.0,206.0,13.302574375201385,13.13204436505718,2607.454,30.91923306882817
202208,83.0,14.0,17.0,13.670243138222455,12.96240821746254,3094.708,5.231005991915016
202210,85.0,20.0,39.0,13.630762860469636,13.50604084938922,2528.252,1.6866200005580119
202303,38.0,5.0,9.0,12.833816931489418,11.220699752468574,613.287,0.5303229725786602
202401,5.0,1.0,0.0,14.097243720688644,14.09724447516334,3075.365,-6.100037851278107
202312,82.0,9.0,23.0,12.062208048765859,11.65610763863686,183.807,-6.271039005393656
202403,6.0,2.0,4.0,13.498138741365098,13.498140114877327,1516.487,-6.2918148135823255
202212,404.0,35.0,167.0,14.418618691855823,14.364428181202777,4037.258,-6.165341007558852
202402,212.0,40.0,17.0,12.908714607651909,12.644292091960795,467.309,1.3029192553388693
202210,244.0,72.0,73.0,12.15488460876074,11.848861843759561,767.912,6.825899863055858
202408,174.0,39.0,36.0,11.982303898822046,11.615310558446515,1231.22,-5.255559743171732
202401,281.0,40.0,159.0,14.07544880510696,13.973612848455158,1697.355,-5.252164374661515
202311,197.0,59.0,38.0,13.207024327637209,12.98904910406485,861.783,26.201830624361108
202311,160.0,35.0,45.0,11.511254068965794,11.007253206445032,505.532,1.595390582281393
202407,82.0,9.0,6.0,12.418935531436764,12.122870368336311,1153.602,-6.271039005393656
202210,107.0,21.0,14.0,11.173978167912376,11.173992202507653,156.05,-6.2918148135823255
202303,59.0,4.0,12.0,15.788749979936926,12.981555288008147,7439.698,-5.319485397273138
202403,103.0,14.0,44.0,13.371449101746402,13.108029131221176,1300.714,14.199091803569493
202303,109.0,12.0,32.0,13.107834340255614,12.520313880167206,1110.087,10.132691126652565
202301,213.0,32.0,102.0,14.675407853916484,14.079052590129484,3241.097,19.454797308813383
202310,352.0,101.0,77.0,12.220596659546272,11.960255223843658,888.818,1.6012849200404569
202207,36.0,7.0,17.0,11.30932715489007,11.09108704274412,529.693,-6.234431325208313
202402,573.0,153.0,104.0,13.299550106841217,13.28515546958978,977.782,3.708390266157201
202207,297.0,125.0,96.0,11.379005425403694,11.355253593015995,659.889,-6.241276064534448
202303,313.0,69.0,101.0,15.087633198522779,13.220003567896997,3648.108,24.90548162687338
202207,149.0,66.0,20.0,11.550519856378926,11.545199025520525,164.284,-2.635735350973976
202401,35.0,1.0,13.0,12.427775159047979,12.370841043076538,1119.449,-2.602636618036239
202410,2.0,1.0,1.0,9.147081032336992,9.147187556970914,23.789,-6.2918148135823255
202311,274.0,74.0,92.0,14.567393518778514,14.108785958550573,4147.238,19.895191277890547
202310,375.0,124.0,144.0,12.398220763141865,12.135376538646696,852.316,9.427032952002968
202402,63.0,4.0,52.0,12.016242973245898,11.984053461877673,338.59,-6.271039005393656
202405,116.0,23.0,70.0,12.876836170805026,12.711078366468538,473.993,-6.2918148135823255
202410,143.0,7.0,2.0,11.889009821651529,7.487173694213739,175.761,-6.271039005393656
202307,204.0,59.0,40.0,12.112712064023437,11.869088277792205,1079.963,2.899339325966878
202301,305.0,143.0,76.0,13.051756346720232,12.67766251602978,873.936,-3.2144555934356545
202403,400.0,131.0,52.0,11.615102920061556,11.604200240745815,677.367,-3.0119990896390876
202211,761.0,147.0,330.0,13.490619401010221,13.459712372417693,2439.474,-6.12830622676124
202308,420.0,26.0,31.0,11.639875246229197,11.62674510116969,680.715,12.5919052850869
202303,75.0,7.0,36.0,13.066302948793215,12.627397979348936,803.258,11.430209376366305
202306,52.0,15.0,16.0,11.24746140108488,10.501966846976991,421.769,-6.2918148135823255
202310,470.0,85.0,122.0,5.638354669333745,0.6931471805599453,1639.266,34.694754837107745
202402,27.0,6.0,12.0,13.449200776256339,13.259603882757645,2483.308,-3.359945094225159
202303,191.0,39.0,68.0,14.340132572351044,14.306526866411721,1925.07,15.419646130535417
202404,16.0,2.0,4.0,11.943466851896861,11.455084465280379,606.438,-4.246856863870388
202401,64.0,11.0,38.0,14.698371488939815,14.686731536350539,2612.543,1.5227211943178336
202407,51.0,5.0,12.0,11.937689805718884,11.578525922054178,937.441,-6.2918148135823255
202208,157.0,39.0,59.0,12.797414095800566,12.546312774720306,1876.095,-6.276933343152721
202309,204.0,37.0,82.0,13.399153851149315,12.599458424742977,2676.274,-6.19909082992963
202310,164.0,40.0,26.0,11.23155675457504,9.395574350217172,2001.007,-3.2418931590503
202311,498.0,13.0,17.0,12.559117508691006,12.262074835645459,868.161,-5.084509230460275
202311,242.0,92.0,71.0,14.377686494492236,14.166621551800448,1909.952,2.894436407232133
202306,37.0,4.0,11.0,11.884654524947624,9.215626376405421,486.507,-6.226718030557788
202310,37.0,7.0,7.0,9.93042155377621,9.930470223866015,43.065,-6.2918148135823255
202310,316.0,82.0,72.0,13.411624202969325,13.108319218259464,1527.265,58.793278658899546
202407,72.0,17.0,17.0,11.541969571671949,11.541979285360966,287.23,-4.347155980963951
202210,194.0,80.0,108.0,11.670911637027011,11.670313755218972,650.532,-6.2918148135823255
202401,32.0,5.0,2.0,14.259647510676213,13.677975733719402,12136.703,-4.155379018659732
202310,190.0,44.0,55.0,12.311126114053852,12.133082509902799,600.477,4.14597228587918
202408,528.0,336.0,79.0,12.71220627910553,12.705980891003312,1319.167,-1.834163689971951
202208,107.0,15.0,52.0,12.995250201037107,12.436799371757676,2081.195,-5.319485397273138
202308,88.0,25.0,20.0,12.736986150021362,11.44664676393084,1722.312,-0.4036294685073445
202210,190.0,44.0,54.0,12.222915013225288,12.049389595291224,594.349,4.14597228587918
202410,100.0,12.0,31.0,11.111805901292295,10.245160527556513,199.369,-6.2918148135823255
202312,34.0,10.0,7.0,8.490849216076635,8.491054533806542,33.748,-6.2918148135823255
202403,23.0,6.0,7.0,14.372718878846491,10.364481970436772,1923.175,-6.2918148135823255
202312,62.0,23.0,21.0,13.369453116461719,12.321577532620017,969.655,-1.4143358600397145
202212,175.0,4.0,11.0,12.359793232880921,11.400014292492612,251.831,-6.2918148135823255
202309,61.0,6.0,5.0,11.88982647595364,9.992459506338392,451.522,-5.304603926843534
202410,120.0,13.0,13.0,11.623876325491267,11.361265015277883,360.596,-6.2168301581738
202311,181.0,122.0,26.0,13.203945207713025,13.110580227964848,1016.651,-5.999504516991357
202404,143.0,63.0,67.0,11.86423705178808,11.858336205302878,851.504,-5.967055087077736
202311,282.0,82.0,41.0,11.9328981606104,11.881097068332096,478.208,-4.23646438508353
202301,34.0,15.0,9.0,10.752911722153339,10.75293310498079,126.923,-6.194456120449732
202303,563.0,247.0,213.0,14.030801760121856,14.004682762063702,3025.807,-0.0641371561697408
202303,563.0,247.0,213.0,13.87631304631446,13.8469646503868,2751.439,-0.0641371561697408
202405,142.0,19.0,34.0,12.306040144983207,12.301091873921331,486.234,-6.2168301581738
202301,110.0,49.0,40.0,13.436087395589361,13.432965272470307,743.924,-6.2918148135823255
202312,268.0,94.0,54.0,12.02874460037869,11.976269468050207,556.056,4.653666403061202
202207,88.0,25.0,25.0,12.07780736257815,12.07781304683475,2277.3,-2.2878945839866356
202303,99.0,0.0,11.0,9.86516243821446,9.865214390314636,50.118,-6.2620518727231165
202410,127.0,27.0,16.0,10.42171570981886,10.053759290414428,112.988,-5.304603926843534
202301,68.0,11.0,22.0,14.61009998779255,13.725059453708147,4177.714,-5.138237482207883
202407,51.0,18.0,16.0,12.192166400355605,11.323591377758436,576.548,-6.2918148135823255
202407,641.0,210.0,120.0,10.345445297003318,9.992093490870152,1000.134,0.03655992425917365
202311,3.0,1.0,1.0,11.795122522191436,11.702462593467743,436.49,-6.2918148135823255
202301,81.0,34.0,8.0,10.99909533218394,10.956718859163896,151.787,-5.996362363483974
202212,184.0,44.0,25.0,12.546412393677876,12.154968806878962,340.977,-0.902336453018826
202210,170.0,48.0,68.0,12.278058367302794,12.094666111705822,1023.267,7.184917505250491
202301,185.0,13.0,46.0,15.667396328789433,13.430256817136131,6313.4,-6.240325662967377
202410,1.0,0.0,0.0,14.543070759377239,14.543071242463308,2969.052,-5.319485397273138
202404,310.0,178.0,76.0,13.321881226776537,13.310400237360556,1957.25,-1.5450280345351386
202303,582.0,125.0,256.0,14.24494346320201,14.18259028393304,2227.752,34.385047427578755
202301,39.0,6.0,17.0,14.033789496211433,13.593883356410451,1050.959,-0.14038492621134857
202212,23.0,5.0,7.0,11.47183260043467,11.397458495161516,442.219,-6.227889159480919
202306,88.0,29.0,14.0,11.91327752369157,11.913284224510075,216.904,-6.271039005393656
202405,83.0,12.0,31.0,12.63964890659937,12.405210348377537,475.459,-5.319485397273138
202303,196.0,81.0,108.0,11.903080638507626,11.90172581750931,722.633,-6.2918148135823255
202311,137.0,60.0,34.0,11.721897066926305,11.721905181076165,382.537,-1.8983821014776519
202409,302.0,63.0,55.0,11.230774733075986,11.153647135161382,486.553,-6.171456072673977
202307,194.0,63.0,53.0,12.027525954955202,11.839542151960677,687.523,0.38078647207735816
202405,905.0,393.0,172.0,12.282098063922632,11.794254902094233,1483.77,21.00997528848415
202303,275.0,9.0,1.0,10.968060348980714,9.427948631791715,286.515,-6.256157534964052
202408,120.0,33.0,30.0,11.585013541364482,11.575627926581628,1022.376,-3.0715391129993566
202312,31.0,6.0,13.0,10.928812045434405,10.896035374127038,197.856,-1.1942411636564554
202207,341.0,101.0,71.0,11.488417585315677,11.42722595438019,593.095,2.891360483269791
202210,6.0,1.0,0.0,15.205800675406488,15.089910884173966,8038.978,-6.163963505379513
202401,85.0,24.0,20.0,13.01887887870353,12.982432120696307,1388.108,-5.943868808996254
202301,645.0,60.0,222.0,15.275316034582957,14.220077262628893,3490.927,32.537189771194676
202301,173.0,37.0,45.0,13.199683613281561,13.009445487709254,917.229,4.493918290465253
202303,100.0,9.0,10.0,11.300820760771234,11.102412638540438,126.857,-6.271039005393656
202306,170.0,31.0,109.0,14.161138609045423,13.514425735245183,2927.204,-0.017648922960683322
202208,62.0,17.0,34.0,12.52017510540208,12.407195511475114,2242.178,-6.22494873551995
202303,90.0,10.0,44.0,12.251112930539872,12.006261025401562,590.075,-5.2860523582419505
202401,893.0,189.0,179.0,14.873812179695229,14.794597293674164,5413.392,6.241062330234923
202307,223.0,42.0,146.0,10.698807673830618,10.698830245410743,806.718,-6.250125035995331
202310,103.0,25.0,38.0,11.176767179061333,11.176781174568776,403.363,-1.2682573747507027
202210,175.0,4.0,11.0,11.669595824878655,11.18271160379947,237.84,-6.2918148135823255
202404,376.0,110.0,74.0,10.343740486129956,10.343772679288913,695.686,2.634311467564011
202406,381.0,6.0,21.0,11.402708732511229,10.96358421275364,621.388,-5.772818296284798
202403,264.0,28.0,38.0,12.28012204453995,11.878901023791917,530.326,-4.2266590788459455
202408,50.0,18.0,19.0,15.790830677104346,15.550911117193404,6716.379,-3.1042424778195348
202301,61.0,25.0,26.0,11.984122132262973,11.689497189783577,1292.024,-6.2918148135823255
202407,7.0,2.0,2.0,14.781113984131881,14.70941906624278,3186.529,-6.227889159480919
202408,110.0,23.0,47.0,11.152744381702208,11.15275871748935,753.796,-2.7145424755049867
202210,152.0,34.0,33.0,12.638828613874242,12.105627805893441,763.75,-6.256157534964052
202409,7.0,2.0,2.0,10.678744533629564,9.251098364448351,284.044,-6.2918148135823255
202210,257.0,41.0,16.0,12.979420982748413,12.393808684192283,2103.514,-6.256157534964052
202409,19.0,2.0,5.0,13.48707871060656,11.019104440020062,2566.274,-6.239375261400307
202311,336.0,129.0,72.0,11.696279821576132,11.672967329073101,937.775,7.275651466509288
202403,157.0,29.0,78.0,11.49591154561097,11.495921717154042,282.383,-4.021584014101947
202409,34.0,2.0,2.0,12.589506845567517,5.929589143389895,848.359,-6.250263197204988
202211,601.0,200.0,119.0,13.381689184277436,13.286274836882022,953.494,0.978072637240472
202401,120.0,15.0,42.0,13.442158753569062,13.190761938990798,1051.559,-5.319485397273138
202406,14.0,2.0,1.0,15.28487158843495,15.226341665869557,9256.556,-5.111876562972245
202301,35.0,10.0,12.0,13.414652321906797,12.849133697521475,1904.58,-5.160920746644047
202303,79.0,7.0,18.0,12.770786843030972,12.741196657848986,685.444,-6.00779446309766
202406,1140.0,534.0,183.0,12.552007116535686,12.48328762863211,3245.116,30.69131686072498
202210,162.0,17.0,20.0,10.778977123006351,10.647304082870662,102.254,-6.276933343152721
202312,99.0,0.0,11.0,10.151791899508838,10.15183090487208,71.146,-6.2620518727231165
202403,375.0,124.0,145.0,13.600036272504969,13.283168439069307,1086.612,9.427032952002968
202208,341.0,169.0,36.0,12.11807714808919,11.936865522013964,1754.134,-5.201350895951876
202311,240.0,21.0,51.0,12.941721209646865,12.479338806247593,1139.921,-6.2918148135823255
202212,200.0,0.0,0.0,11.04771035245629,9.796681548218318,211.325,-6.20711335129225
202303,49.0,7.0,26.0,13.451493008670216,12.37190059418033,824.653,-5.191561980229505
202303,361.0,82.0,79.0,14.476734573378284,13.566437473138322,1963.745,10.683089961392524
202409,94.0,13.0,15.0,11.18856557679256,10.951280118874264,341.495,2.5074644426611528
202211,92.0,13.0,27.0,11.787134684767178,11.408098140474062,328.522,-5.180575087763207
202307,180.0,14.0,46.0,12.390388046628189,12.194875187336885,1324.958,-5.972137184479387
202303,52.0,15.0,16.0,12.237135170981992,11.05456578110754,412.343,-6.2918148135823255
202406,71.0,7.0,47.0,12.1234461861765,12.123451616841837,769.304,4.403808765818736
202303,68.0,12.0,26.0,11.654876314287499,11.654884990888874,382.127,6.026219188993528
202309,4.0,1.0,0.0,11.376624526405765,10.20411052912071,654.717,-6.227889159480919
202408,60.0,7.0,32.0,13.068517353890247,13.046080426313171,3312.297,-1.2993759998726073
202407,116.0,12.0,14.0,13.83396423662252,13.748964690120374,1687.674,-6.1380230336427894
202207,36.0,24.0,7.0,10.902297921958713,10.902316337656254,845.52,-6.2918148135823255
202404,60.0,5.0,14.0,11.62365255477476,11.211833885608513,273.673,-6.2918148135823255
202312,98.0,23.0,22.0,14.492462297501913,14.262495656936558,11405.673,-0.08600471023133949
202312,50.0,2.0,21.0,13.435205757937942,12.268145629727952,1094.431,-6.227889159480919
202307,202.0,6.0,26.0,12.007170385463983,11.211293206231721,453.732,-6.256157534964052
202301,11.0,4.0,1.0,12.593743707791191,11.27057360971472,2119.976,-6.2918148135823255
202309,199.0,20.0,13.0,10.94326944214039,10.781764842212066,195.418,-6.271039005393656
202212,53.0,24.0,17.0,11.885467852536003,11.885474742316735,400.476,-0.017648922960683322
202207,231.0,8.0,13.0,9.965757878262252,9.846229133695847,178.878,-6.2918148135823255
202303,163.0,33.0,59.0,12.737435920513713,12.691561999602996,959.405,31.73209193536931
202207,57.0,4.0,4.0,9.348884181424243,9.231808278591423,81.621,-6.2918148135823255
202207,255.0,79.0,68.0,11.574970254341755,11.571665959992828,799.504,6.942692169951551
202303,215.0,97.0,47.0,12.68305499178458,12.650784107488535,703.445,-0.9199376200533393
202407,111.0,13.0,34.0,12.493170797533587,12.19563334515089,1565.659,10.132691126652565
202407,38.0,3.0,19.0,11.296534066478552,11.11102898173909,552.054,-6.094955753876456
202402,906.0,18.0,76.0,12.715879750782236,12.693470980845456,658.746,-5.184245185935185
202409,1.0,0.0,0.0,14.50134657699793,14.50134708066678,3311.652,-5.319485397273138
202306,105.0,32.0,34.0,12.062537092032246,11.967904284947855,605.208,-1.3551830766278634
202404,181.0,55.0,39.0,13.55957647549349,11.791844251751852,1453.911,-4.19852886457247
202405,49.0,16.0,22.0,12.749712930520356,12.087182121835244,826.229,-4.292947133744094
202311,62.0,23.0,21.0,13.43111932759446,13.248620627487137,1926.606,-3.023940136107723
202312,114.0,62.0,20.0,13.575803079099394,12.765359808045606,1184.611,-1.2657087436482328
202406,55.0,17.0,34.0,12.619634883225793,12.427570843993456,842.401,-6.2918148135823255
202402,105.0,14.0,59.0,14.412277886824844,14.267481954340385,3790.207,6.266714370014755
202312,563.0,247.0,213.0,14.887178074834301,14.559309502174925,3698.729,-0.0641371561697408
202303,98.0,30.0,34.0,13.182737614936059,12.933855524880514,1555.055,0.07898009596090105
202210,82.0,14.0,33.0,13.641613019285748,13.48621173080957,3110.42,2.9364608091749673
202210,38.0,2.0,13.0,10.16481281589039,10.164851316670035,189.983,-6.163963505379513
202309,142.0,24.0,20.0,11.36898580808561,11.350477121216516,652.594,3.577152552102934
202307,1177.0,549.0,168.0,11.862610033063577,11.822180655297888,2539.875,16.890767227478868
202410,43.0,9.0,9.0,9.080003870248179,9.080117784926209,87.24,-3.325561653626901
202301,92.0,9.0,22.0,15.01730709593951,13.65470897650924,3368.584,-4.347155980963951
202310,111.0,28.0,61.0,12.060185230696067,12.045099579393234,670.23,-1.9261143207481028
202407,35.0,3.0,17.0,13.593430191268947,13.438173617577446,3109.741,-4.072852437360835
202210,523.0,108.0,186.0,13.26227835154779,12.842271096147318,3723.85,32.48673735891292
202211,418.0,12.0,38.0,10.505834368769577,10.496455217294162,894.067,3.9823106763028644
202306,35.0,12.0,7.0,13.72510980716755,13.588781837604936,662.429,-2.33857149424417
202303,35.0,7.0,11.0,13.109101830521135,12.462844377824368,1943.743,0.5144911005819859
202303,25.0,1.0,7.0,11.865903584064672,10.74753012020266,457.171,-6.276933343152721
202406,168.0,10.0,17.0,10.632074268135453,10.632098397371642,176.29,-6.276933343152721
202307,49.0,7.0,25.0,12.361125775169935,11.770284918546796,1386.015,-5.109886540578346
202401,10.0,4.0,3.0,12.925854454186116,12.476359291052772,1589.067,-6.2918148135823255
202409,387.0,37.0,43.0,10.887642519226413,10.635350511098748,824.535,3.6723498540814745
202210,73.0,14.0,40.0,12.963670062080672,12.304840477124648,946.298,-6.275982941585651
202410,82.0,15.0,55.0,12.374814919783685,12.37481914340768,921.539,-6.2918148135823255
202310,249.0,13.0,25.0,11.605696059118646,11.427955638960135,672.714,4.48851022810881
202212,62.0,15.0,23.0,11.869606408890961,11.869613408824462,320.188,-6.22494873551995
202402,292.0,119.0,45.0,10.545288805744486,10.545315122572783,814.284,12.175194927806158
202311,118.0,25.0,55.0,13.809013497702866,13.361345631605362,1867.924,-6.11447786699559
202306,99.0,32.0,42.0,11.104355541908586,10.9532246734221,796.343,3.5751625297090346
202210,112.0,28.0,30.0,12.349085818661234,12.08964556515078,832.89,-6.258381774551138
202307,173.0,39.0,35.0,12.139473335758932,11.623482455534873,1017.467,-5.255559743171732
202207,24.0,9.0,12.0,11.816763818990095,11.576247621636389,978.897,-6.2918148135823255
202401,133.0,14.0,46.0,13.815960456744639,12.701235242020676,1701.386,5.476437299221486
202211,21.0,7.0,5.0,12.452921004643034,11.962069283298051,664.049,-6.227889159480919
202211,95.0,16.0,28.0,13.114732334921403,11.690519196523953,1721.123,15.483328385828434
202308,7.0,0.0,0.0,11.49530106361649,5.318119993844216,14.489,-6.2620518727231165
202212,104.0,18.0,25.0,12.25243128450819,11.665869703053506,286.985,0.7680188359964326
202303,264.0,19.0,58.0,11.735788977077119,11.735796979285729,689.007,-6.250263197204988
202405,529.0,161.0,90.0,11.029423136853127,11.017530178859595,432.899,-4.156756520839071
202312,15.0,1.0,1.0,14.00483669199444,13.19878723724738,1554.025,-5.319485397273138
202401,59.0,15.0,23.0,14.128601571747575,14.015562334662988,5544.173,-4.076571894128723
202301,532.0,161.0,90.0,12.726228606012484,12.642451624414692,749.362,-4.156756520839071
202208,36.0,4.0,11.0,12.719919700173287,10.05560760059696,683.687,-6.226718030557788
202311,60.0,15.0,19.0,10.925848548137349,10.869957958953366,243.553,-5.099390700889879
202301,942.0,142.0,198.0,15.016727869404244,14.484164206116073,4853.077,80.4863232418864
202410,30.0,6.0,7.0,9.68502054910582,9.685082755569091,82.687,-6.271039005393656
202312,71.0,13.0,11.0,11.446604022038436,11.446614707682807,609.258,8.108932412098886
202301,109.0,36.0,23.0,12.18218458420162,12.182189705066842,273.852,-6.20711335129225
202303,37.0,9.0,14.0,13.174891309313212,12.991714682952894,1697.66,-5.153036386491083
202310,55.0,15.0,19.0,11.689589380786638,11.682929808720655,617.07,-6.160479637513261
202408,274.0,42.0,188.0,12.805450209009429,12.714148492121833,2679.052,7.264747061396806
202210,193.0,47.0,30.0,10.443162989406174,10.286945605381202,218.228,-2.2694811765947094
202407,250.0,92.0,26.0,12.642529186132853,11.092229960967021,441.239,-4.061690423699117
202303,200.0,62.0,73.0,13.541110553689123,13.254876501769651,1946.779,8.630543388402591
202402,12.0,4.0,6.0,11.956905909306727,11.8033462836305,419.575,-6.2918148135823255
202405,172.0,37.0,45.0,11.986678307125475,11.986684533717382,444.529,4.493918290465253
202207,92.0,11.0,25.0,12.029657610840287,11.77670411334045,810.265,-5.319485397273138
202406,181.0,122.0,26.0,12.990033548327398,12.75040364250352,1203.881,-5.999504516991357
202212,52.0,13.0,14.0,10.600576952328698,10.505094936455558,204.454,-6.258381774551138
202303,354.0,152.0,65.0,12.28848638623584,12.114182112064725,883.368,6.583435424111315
202303,144.0,37.0,52.0,12.69876993958121,12.526705818121641,890.133,-4.2505269620423665
202208,71.0,13.0,11.0,12.418422150163096,12.418426193564972,687.063,8.108932412098886
202312,62.0,15.0,23.0,11.922999933635293,11.923006569621583,287.507,-6.22494873551995
202407,347.0,43.0,114.0,11.390430093680195,11.390441396755197,565.734,-2.1624388841310616
202303,66.0,3.0,16.0,13.956251151738678,13.57908037904304,1755.983,13.636451673312243
202310,115.0,2.0,4.0,12.20088420884105,9.880525940898782,716.126,-6.20711335129225
202407,189.0,1.0,0.0,7.1252830915107115,7.126087273299125,1.77,-6.250263197204988
202212,9.0,0.0,0.0,14.11477850422748,0.6931471805599453,5145.633,-6.2918148135823255
202303,60.0,2.0,11.0,11.136849241755852,10.703963310848598,178.635,-6.250263197204988
202402,469.0,9.0,3.0,12.820520174446264,12.41592424900295,1032.507,-6.204172927331281
202308,20.0,7.0,9.0,14.440293240997564,14.440293776375183,2061.393,-5.222126704140544
202306,5.0,1.0,0.0,12.60823229662961,0.6931471805599453,385.819,-6.163963505379513
202311,71.0,13.0,11.0,10.847879714521158,10.847899160126937,508.885,8.108932412098886
202308,23.0,2.0,6.0,9.73613342286396,9.736192529758796,66.895,-6.271039005393656
202402,123.0,26.0,28.0,12.542662732349637,12.269657587155285,282.711,0.061158201570327364
202405,149.0,33.0,89.0,13.982703248405832,13.75307542315788,2729.249,8.546654166469931
202410,143.0,12.0,26.0,13.270234956302362,11.643857231492984,638.096,-6.250263197204988
202303,9.0,1.0,1.0,11.635222740540602,10.343450701051859,559.386,-6.276933343152721
202308,52.0,5.0,6.0,12.184792827725124,9.11305824916963,487.767,-6.2918148135823255
202301,22.0,6.0,7.0,12.783463797166805,12.132496070621462,1497.826,-6.2918148135823255
202310,95.0,23.0,44.0,13.375089031659494,12.146821455124883,1537.102,-4.3420738835623
202303,25.0,4.0,11.0,13.403469374793477,13.22635035018388,2314.795,-5.319485397273138
202210,344.0,184.0,41.0,11.019153595770065,10.70191774575062,550.741,-0.9845702769134288
202309,110.0,19.0,22.0,11.689052877600856,11.625101700748017,426.74,2.743170283685025
202211,139.0,44.0,60.0,13.76306291336028,12.273997613677942,1461.2,-4.871956459967388
202409,32.0,7.0,15.0,11.136164424990419,11.128908688067934,175.244,-6.2918148135823255
202403,40.0,13.0,15.0,10.763292585423422,10.628012268788328,221.977,-6.2918148135823255
202207,51.0,10.0,29.0,11.91337803125485,11.88238335777239,239.836,-5.319485397273138
202401,74.0,26.0,20.0,11.140614629394223,11.140629140128539,175.474,-5.319485397273138
202303,41.0,6.0,28.0,13.510397443782814,13.487597982693194,1368.288,-5.2860523582419505
202306,58.0,4.0,11.0,14.82586851567724,12.343488359401688,8534.973,-5.319485397273138
202210,477.0,61.0,58.0,12.35793499483942,12.296621508232787,711.901,-4.718011657272621
202303,33.0,8.0,14.0,12.250008187925776,12.09770204856415,285.115,-4.3263801727752815
202308,292.0,26.0,53.0,12.53557061841405,12.403742479270928,881.308,-4.085509668203354
202211,238.0,82.0,42.0,11.589330796172634,11.582115650322852,452.021,-5.914105868137046
202312,114.0,4.0,13.0,10.51080447649088,10.510831716653778,105.096,-6.2918148135823255
202210,69.0,23.0,19.0,10.100861911956375,8.743531633626967,555.389,-6.0851563808485025
202212,522.0,189.0,167.0,14.494714481541104,14.168731042121399,3632.015,22.66765500065197
202409,10.0,0.0,0.0,11.118459642320433,0.6931471805599453,262.648,-6.2918148135823255
202211,275.0,9.0,1.0,11.181347233147324,9.980865173557472,313.229,-6.256157534964052
202312,23.0,7.0,10.0,13.861583701039223,13.833249292191761,2152.409,-6.173680312261062
202207,101.0,49.0,28.0,9.937647404182833,9.294129897705867,246.883,-4.387617461125155
202210,61.0,10.0,11.0,11.757775712044129,11.268775311873341,550.045,-3.119074589653231
202403,424.0,16.0,24.0,11.888597810136845,11.576538558031299,932.552,6.568562294820367
202311,103.0,25.0,38.0,12.165740114536433,12.165745320307552,364.607,-1.2682573747507027
202212,235.0,36.0,99.0,14.636990705215647,14.1475831302408,3464.88,21.567585947895616
202401,92.0,16.0,25.0,12.418272532799115,12.066413947825101,526.165,-6.152904504072394
202403,171.0,47.0,70.0,12.741179089794736,12.56099505467653,1119.718,7.184917505250491
202306,27.0,12.0,9.0,12.13049744367504,12.054941568775964,350.783,-5.265276550053281
202307,20.0,4.0,9.0,12.07371770347337,11.736197008093137,448.359,-5.304603926843534
202211,644.0,209.0,117.0,10.816131643490086,10.383596203640058,945.949,0.03655992425917365
202410,207.0,10.0,58.0,13.066457355464737,12.765851277348668,1375.669,11.522933360019001
202409,83.0,2.0,4.0,6.804614520062624,6.805722553416985,29.523,-6.276933343152721
202210,332.0,119.0,130.0,12.826759342235814,12.651873229827741,2157.955,12.821970723258266
202307,16.0,4.0,2.0,11.76329500253803,10.991998999024808,1009.852,-1.4152862616067843
202311,190.0,40.0,38.0,11.686214686091143,11.296596143963688,395.567,-4.255065615538735
202211,76.0,57.0,8.0,11.749356347411215,11.7493642417845,226.859,-3.3748265646547635
202410,256.0,9.0,17.0,9.770241833388766,9.175334762777368,44.254,-6.2918148135823255
202408,312.0,47.0,114.0,12.205947637717022,12.18740956869966,1721.747,11.029000819636481
202406,29.0,11.0,2.0,12.803993892736962,12.668195301325033,2427.559,-5.031079416047335
202401,14.0,5.0,2.0,11.297154667985431,0.6931471805599453,428.0,-4.155379018659732
202404,344.0,156.0,60.0,12.627063273280084,12.617970353368877,611.337,2.918688273380301
202303,121.0,25.0,57.0,13.67240432969372,13.226876534154977,1762.257,-6.11447786699559
202402,7.0,2.0,2.0,14.1582552245594,13.583514185812389,1992.473,-6.227889159480919
202307,97.0,26.0,36.0,12.583844476888213,11.882127614785785,621.616,-4.265408432471971
202212,49.0,7.0,26.0,13.969371767327571,12.955715937322774,1004.263,-5.191561980229505
202301,37.0,5.0,9.0,14.074922005617566,12.036706799896436,833.35,0.5303229725786602
202307,90.0,9.0,31.0,12.011000139810786,11.39178555129812,301.67,-6.192961555073656
202303,17.0,8.0,1.0,12.003925861184655,12.003931981304243,291.817,-6.1171916303908676
202307,469.0,9.0,3.0,12.430703090869375,11.911735141411551,1034.605,-6.204172927331281
202403,113.0,9.0,13.0,12.086844190758702,11.31121311606434,323.52,-6.250263197204988
202208,267.0,36.0,134.0,13.530507560251467,13.13500908237181,3363.738,-5.2860523582419505
202310,84.0,9.0,13.0,11.54783883791541,11.311946944356999,281.109,-5.319485397273138
202409,219.0,16.0,26.0,11.095575005062832,11.087558624655156,245.858,-6.256157534964052
202301,182.0,34.0,95.0,12.43023567699785,11.605176424674335,2359.044,16.884190246438756
202303,58.0,7.0,3.0,10.366214772811087,10.366246250532733,25.596,-6.275982941585651
202307,582.0,126.0,258.0,13.980837690765641,13.930518190193633,3253.667,34.385047427578755
202404,105.0,21.0,14.0,11.301673428498757,11.301685780658842,132.491,-6.2918148135823255
202410,361.0,167.0,78.0,13.058398558334918,12.4779034985808,2319.165,3.048813483023819
202404,22.0,5.0,1.0,13.490844948014551,12.537862508357657,1921.464,-6.100037851278107
202303,114.0,12.0,15.0,8.043984431221553,8.044305406990638,244.887,7.320797014746297
202312,1107.0,385.0,210.0,13.680668592628672,13.172976640623087,2532.011,55.37226573915721
202308,227.0,15.0,36.0,11.390373576388713,11.085751413699848,364.419,-6.256157534964052
202403,371.0,248.0,55.0,11.271656129671937,11.081634727650705,391.587,-3.325561653626901
202404,84.0,4.0,11.0,11.06415089616141,11.06416655995377,203.359,-6.227889159480919
202403,47.0,11.0,16.0,13.360362437216082,12.714392131554726,801.299,-6.178624248453057
202408,427.0,17.0,26.0,11.62575402523555,11.3160099322729,1316.716,6.568562294820367
202402,217.0,46.0,87.0,15.667660582401627,13.463177602507008,5506.676,-5.2070245063548795
202407,246.0,49.0,64.0,12.726790182601476,12.411589759927317,1548.728,-2.290256984783378
202408,499.0,17.0,11.0,12.50597351352639,12.227124492226785,2553.478,-1.5474956729306122
202311,177.0,8.0,8.0,13.64593502439162,12.1690922210552,838.032,7.320797014746297
202303,98.0,9.0,53.0,12.243960740372739,11.856352035487323,471.991,-6.2918148135823255
202301,132.0,37.0,48.0,12.808518011440952,12.332172114699825,707.303,-5.319485397273138
202303,62.0,23.0,21.0,13.478086268284338,13.271744988996382,1921.065,-3.023940136107723
202210,95.0,34.0,20.0,11.862532489912535,10.847354540180387,244.798,-4.02752771045692
202308,11.0,5.0,4.0,6.335054251498059,6.336825731146441,45.881,-6.2918148135823255
202208,175.0,70.0,27.0,8.130353547431238,8.130647968160584,256.33,2.180537645072137
202306,128.0,10.0,41.0,13.56388136586472,13.525289264417543,2202.583,-1.3023164238335765
202210,544.0,91.0,174.0,13.110400101936857,12.881887993864282,1170.174,27.556376657305577
202312,293.0,44.0,65.0,12.35685193431425,12.356856234492492,431.322,-6.2918148135823255
202403,258.0,81.0,29.0,12.917415771206601,12.824908371696829,792.707,23.989307401512413
202210,119.0,30.0,30.0,11.57858211077337,11.578591475252964,687.927,-3.038106073968169
202409,210.0,14.0,31.0,11.153947871968821,10.837696784912628,324.733,-6.256157534964052
202310,171.0,25.0,81.0,14.25244913901599,12.463470752873363,2161.914,-6.2918148135823255
202410,224.0,68.0,33.0,11.824980586762361,11.80339863867249,255.33,-0.017648922960683322
202404,35.0,0.0,8.0,13.933104242361505,12.241623170235563,926.724,-0.3888305642241443
202301,45.0,17.0,16.0,11.44450742823412,11.267459614651527,496.678,-4.347155980963951
202210,161.0,36.0,55.0,12.651018048481992,12.610864193514306,356.913,-5.2860523582419505
202212,265.0,48.0,63.0,14.637208812424118,13.665560542977614,3022.09,-1.002154974640141
202207,23.0,5.0,1.0,13.722911599475614,13.073752797108748,3001.12,-5.12770843496892
202306,285.0,83.0,41.0,11.595205667583956,11.532492770462758,516.324,-4.23646438508353
202212,42.0,8.0,22.0,12.273151686811852,11.83177911611009,660.227,-6.2918148135823255
202405,522.0,185.0,171.0,13.410551321881279,13.219847555996237,2386.673,22.66765500065197
202403,419.0,190.0,98.0,13.33054921783755,13.172984245764162,904.352,-1.734922873252474
202406,278.0,105.0,53.0,11.442610291055203,11.120682557031186,473.422,-3.3020254496384642
202401,189.0,46.0,19.0,13.102580989903323,12.325157056252799,737.012,-4.139547146663057
202401,333.0,113.0,74.0,14.287986129441787,14.25261192056545,2656.461,-2.6820414920359474
202303,479.0,10.0,28.0,10.729941100404298,10.729962980087919,116.729,-6.241276064534448
202310,221.0,6.0,11.0,13.693528217556617,11.772231210780545,1792.549,-4.211282151398518
202310,59.0,15.0,23.0,13.767099421954592,13.65331157727742,4633.25,-4.076571894128723
202307,143.0,9.0,30.0,13.3421316388311,13.123962098768025,2908.144,-4.313722941932763
202309,46.0,8.0,19.0,12.932615916708547,11.005759802035724,1536.125,-6.253299677149487
202405,581.0,98.0,87.0,12.969675959819844,12.733814381672477,763.631,14.038393289406473
202407,306.0,179.0,93.0,13.110798764298394,12.863100299283733,2127.397,-3.4172609968953265
202306,92.0,11.0,27.0,12.026790465148643,11.793869890369267,710.271,-5.319485397273138
202311,176.0,5.0,14.0,12.961515991275684,12.950245584693162,1241.104,-6.163963505379513
202306,156.0,73.0,35.0,12.529745460777287,12.45284678226886,764.909,-1.2478148192094247
202207,134.0,0.0,1.0,7.780720886117918,0.6931471805599453,24.945,-6.2918148135823255
202210,32.0,5.0,2.0,14.541562877278718,14.137157005118329,11138.393,-4.155379018659732
202210,36.0,12.0,9.0,12.508311994801925,12.317909146655335,887.862,-6.276933343152721
202306,4.0,1.0,3.0,11.41125812115002,11.411269191240297,310.911,-6.2918148135823255
202207,483.0,11.0,19.0,9.680531483645991,9.45930760329985,124.312,-6.241276064534448
202208,186.0,33.0,98.0,14.13445507771727,14.069952756335187,5648.295,-5.623970452537256
202308,3.0,1.0,0.0,5.5093883366279774,0.6931471805599453,190.27,-6.271039005393656
202211,537.0,179.0,87.0,13.592288253549121,13.298098289803475,1157.84,-2.8411015996828617
202208,98.0,31.0,42.0,9.971940278170571,9.774118912194846,1041.178,3.5751625297090346
202301,53.0,13.0,9.0,10.306349274774178,10.306382694441655,254.615,-3.3748265646547635
202301,1108.0,389.0,203.0,13.968220486121394,13.430243587163186,3453.675,56.34459515546639
202410,17.0,2.0,8.0,12.375528459116675,11.570354397772178,1138.614,-6.2918148135823255
202404,263.0,38.0,132.0,14.143695694083272,13.780022230784578,2223.073,-5.2860523582419505
202309,35.0,10.0,5.0,11.718686817386676,8.37655086161377,1494.513,-4.278148229460894
202312,56.0,5.0,23.0,14.330662011821271,13.904365401391706,2303.109,3.8436437656013194
202212,30.0,1.0,10.0,11.818327114321413,11.537939976964939,273.236,-6.276933343152721
202408,246.0,49.0,64.0,12.674381088759647,12.402038198239367,1933.605,-2.290256984783378
202312,86.0,27.0,26.0,13.743844831867575,13.012343133165599,1142.768,-5.303653525276463
202311,22.0,5.0,1.0,12.798537240724086,12.37424879275332,2062.287,-6.100037851278107
202210,34.0,0.0,8.0,12.876611165562478,11.801077427006605,940.727,-0.3888305642241443
202211,176.0,66.0,35.0,13.448443228337673,13.321504357994508,1610.096,-1.2354503457712012
202410,30.0,2.0,6.0,9.440419814291506,9.440499258184298,201.796,-6.2168301581738
202406,40.0,13.0,15.0,10.357711078278063,10.339158502701359,220.892,-6.2918148135823255
202403,21.0,7.0,5.0,12.803771136693783,11.900688138832052,674.981,-6.227889159480919
202312,396.0,18.0,15.0,12.768259411382008,12.413485109568391,1374.912,-6.250263197204988
202402,130.0,38.0,45.0,13.213557826469234,12.490736417492432,834.75,-3.1212988292403168
202310,362.0,82.0,79.0,13.414868798783807,12.773268205702799,2315.883,11.719345031803117
202409,36.0,4.0,11.0,12.75910107006454,11.590043901126519,2459.791,-3.2135422174207635
202311,624.0,240.0,144.0,13.576624998868118,13.369296890139454,3185.002,26.477386508550794
202303,93.0,0.0,16.0,12.610687392183499,9.567595147779924,83.02,-6.2918148135823255
202410,8.0,1.0,3.0,11.92460455954486,11.924611184891448,433.274,-6.212057287484245
202409,15.0,4.0,3.0,10.013596775216158,10.01364156102802,35.229,-6.258381774551138
202211,110.0,49.0,40.0,13.209582732764957,13.209584565715357,562.745,-6.2918148135823255
202404,11.0,0.0,0.0,15.062546587375863,12.444975366254068,3531.08,-6.227889159480919
202402,230.0,112.0,39.0,13.933065123078807,13.735581677145548,1475.436,4.736143625764191
202211,506.0,64.0,91.0,12.319530786743114,12.310531755043524,889.537,34.500736961956875
202303,102.0,10.0,19.0,13.722260853921037,12.42730637429373,834.363,-6.1429669698347835
202402,33.0,3.0,9.0,11.967955040572223,11.784798226215246,248.526,-6.2918148135823255
202303,204.0,18.0,46.0,15.016727568576412,11.999681731881635,1456.046,-4.26834885643294
202410,360.0,164.0,105.0,12.083322921270328,12.05810613756652,5422.281,15.828757393423123
202307,104.0,14.0,59.0,13.641707019624931,13.523125443527626,4172.328,5.294384953705569
202310,12.0,1.0,2.0,12.790155236590804,12.440001822306213,3385.463,-6.194456120449732
202408,4.0,0.0,1.0,13.304961562599786,13.19808290744365,2606.632,-6.227889159480919
202406,167.0,60.0,57.0,12.847249987108402,12.312039477341207,1279.881,13.903332454424996
202408,306.0,179.0,93.0,13.05018185614424,12.757229903609502,2599.188,-3.4172609968953265
202312,365.0,212.0,51.0,14.207839766679298,13.36334684684687,1043.114,-2.73774490463188
202208,940.0,142.0,197.0,13.9760771829552,13.659858585093692,5375.297,80.4863232418864
202301,420.0,72.0,151.0,13.92429141757107,13.672031565911425,1957.681,-5.214820367151807
202210,16.0,6.0,4.0,13.17628321939376,12.90184138679507,1647.823,-6.258381774551138
202211,35.0,7.0,11.0,13.210277180418414,12.578187773956785,2005.465,0.5144911005819859
202212,433.0,235.0,97.0,12.147590414654518,11.659369380978829,1101.578,-3.303245858364916
202208,6.0,1.0,2.0,13.315547390192934,13.31554903885212,2105.515,-6.148131633382839
202409,1.0,0.0,0.0,11.065137236215541,0.6931471805599453,0.0,-6.2918148135823255
202403,68.0,3.0,15.0,13.05143864106755,11.86037296670882,778.911,-4.3313241089672765
202410,94.0,13.0,15.0,11.585822704482894,11.324352408206183,249.788,2.5074644426611528
202212,823.0,395.0,199.0,14.048960020469826,13.899359857519018,2452.15,15.548452696473097
202303,174.0,34.0,45.0,12.227481824767674,10.988963941811097,472.983,-6.258381774551138
202409,37.0,3.0,11.0,10.20588580882359,10.205922760324748,119.678,-6.276933343152721
202303,217.0,54.0,53.0,13.766859034183819,13.521680290703928,1858.709,5.9187683654286865
202410,253.0,39.0,48.0,11.968792136658848,11.496440328710365,479.339,22.928606424741176
202405,188.0,18.0,49.0,12.616412519304516,12.576901449339426,609.544,-6.256157534964052
202211,174.0,66.0,89.0,13.476719033873952,13.4490565256524,1922.154,3.748932739025399
202409,2.0,0.0,0.0,9.451323841418724,0.6931471805599453,7.209,-6.2918148135823255
202303,822.0,394.0,199.0,14.26658426649464,14.0884525268943,2559.662,15.548452696473097
202210,144.0,82.0,25.0,11.958226481575592,11.953970049583862,476.688,-6.227668432124859
202312,489.0,138.0,93.0,12.662927710020634,12.529908232085766,964.688,38.44912294820756
202402,310.0,47.0,113.0,13.223456801964382,13.154600144094161,1564.298,11.029000819636481
202404,111.0,28.0,61.0,12.536975832311434,12.494400759252347,693.404,-1.9261143207481028
202407,190.0,51.0,102.0,11.165450924366091,11.162814644244133,807.34,-6.2918148135823255
202402,54.0,13.0,19.0,12.089538829274222,12.08954444723597,370.38,-6.163742778023453
202301,51.0,5.0,12.0,12.214308636454888,11.775397415947012,1095.605,-6.2918148135823255
202310,22.0,5.0,1.0,13.64885484848463,12.758027736541836,1937.713,-6.100037851278107
202307,169.0,10.0,17.0,10.576329979755709,10.576355492237692,215.488,-6.276933343152721
202301,130.0,10.0,40.0,14.370308472851294,14.303989954224136,1854.288,-0.32998700752438914
202310,7.0,1.0,3.0,13.773441953415183,13.63322820040202,2399.872,-6.227889159480919
202403,153.0,45.0,55.0,12.680905221621927,12.680908331563009,691.039,-4.3313241089672765
202212,153.0,38.0,44.0,13.846750470619378,13.841254325215033,2044.612,10.74701561549393
202308,49.0,13.0,7.0,8.763115329619787,8.763271714012943,38.862,-6.2918148135823255
202303,115.0,27.0,58.0,12.96065118123323,12.261374893314828,1589.17,-5.95730507264569
202404,335.0,44.0,65.0,12.689865144843541,12.078761864718707,645.651,-5.0525165420414595
202404,61.0,7.0,5.0,9.421573272264558,9.421654227536814,61.993,-6.276933343152721
202303,46.0,10.0,13.0,12.908120100876838,12.510482770672732,554.174,1.5507461709925794
202405,141.0,43.0,60.0,13.659905320781188,13.520179304980877,3738.795,11.284530493842547
202409,259.0,81.0,82.0,12.408621576004098,11.157820716201014,3031.141,18.560547871326044
202208,134.0,36.0,27.0,11.766823220253405,10.722187506016818,443.672,2.899339325966878
202309,24.0,2.0,4.0,14.090188694553047,13.838189437036537,2283.596,-5.314403299871487
202408,18.0,3.0,0.0,13.076976814407328,12.976502574732097,2331.927,-6.0682030417823185
202408,28.0,7.0,14.0,13.406723939743715,13.403289680952039,1329.604,-6.036112197176701
202306,167.0,62.0,35.0,14.349546525571192,14.292895627227333,1096.052,-3.149395835963297
202407,23.0,7.0,10.0,13.367512617687362,13.324579060576268,2402.954,-6.173680312261062
202306,1.0,0.0,0.0,15.348336936177589,15.348337152102085,9133.872,-6.0717201171990665
202407,90.0,18.0,43.0,12.642887830847414,12.5296007529241,1727.892,-6.19812621862171
202409,162.0,31.0,14.0,12.35474692866188,11.92791176896203,409.53,-3.046314173831791
202301,483.0,122.0,80.0,12.27805371457106,9.93928896499951,2718.522,81.60180558106921
202210,515.0,232.0,96.0,10.514719439894806,10.360215954581834,1881.371,20.656971435937876
202310,286.0,50.0,145.0,13.349384202368963,13.279587614725129,2517.967,-5.051076191429087
202303,170.0,30.0,51.0,13.053264071682026,12.953797969449052,770.601,-3.3540507564660946
202301,90.0,22.0,15.0,13.099190958733432,12.796231494577349,555.433,-2.3690641093143885
202403,460.0,100.0,109.0,14.590039549198986,14.420056006681348,2644.956,46.19891702469078
202212,85.0,13.0,16.0,13.62296895394696,13.622970166273166,571.184,32.89616510643222
202310,86.0,20.0,39.0,13.660253432918866,13.537377415683173,2419.728,1.6866200005580119
202211,74.0,20.0,41.0,12.458576921217375,12.388277528851377,792.343,-1.8933000040760009
202210,310.0,177.0,74.0,13.235433100612113,13.089319388950656,1931.116,-1.5450280345351386
202403,293.0,91.0,32.0,12.667788904187534,12.574026245628051,479.646,-0.755002172457008
202301,45.0,1.0,10.0,13.118180641949998,13.11818265033097,773.395,-2.3275124929370503
202401,906.0,18.0,76.0,12.626551153091357,12.604046430279896,697.335,-5.184245185935185
202210,164.0,3.0,9.0,11.591191210165295,11.591200457309084,144.827,-6.271039005393656
202303,112.0,24.0,28.0,13.20729809963829,13.13209982399975,1056.845,-6.258381774551138
202306,244.0,72.0,73.0,11.910445763156375,11.54780986682373,639.677,6.825899863055858
202312,45.0,16.0,17.0,11.106354745899447,11.106369762380034,386.411,-4.347155980963951
202307,143.0,19.0,33.0,11.610759729318582,11.561191682379716,526.835,-6.2168301581738
202211,39.0,4.0,20.0,13.504037033421668,13.183097169732035,1956.156,-5.094275395937732
202301,4.0,0.0,0.0,13.436836834093423,11.280766395729064,5490.667,-6.275982941585651
202408,81.0,7.0,18.0,14.119015289311237,14.119016027537361,1100.783,-6.00779446309766
202309,25.0,4.0,9.0,13.239228658719668,7.780303087908373,649.227,-6.2918148135823255
202306,226.0,13.0,91.0,12.109743446702277,12.015577778047058,633.229,7.807344037147072
202207,17.0,7.0,5.0,10.606956282167944,10.606981025150217,907.744,-6.163963505379513
202407,257.0,35.0,19.0,12.810989524695705,12.25574813197188,2399.926,-6.256157534964052
202208,14.0,9.0,0.0,9.9765056452727,9.976552123393134,3875.352,-6.227889159480919
202303,196.0,45.0,93.0,12.777518185219174,12.676148147193025,975.953,-5.265276550053281
202301,46.0,18.0,2.0,10.73070660463555,10.637824659920936,152.322,-6.227889159480919
202405,189.0,83.0,41.0,12.539855554864618,12.539859135904445,823.2,0.9014989339117472
202409,338.0,16.0,32.0,11.894698792821549,11.459461395100904,508.367,-6.250263197204988
202404,275.0,90.0,76.0,13.166395573708675,13.098801974754668,1152.159,-4.795373575023463
202311,265.0,47.0,64.0,14.002124555704693,13.464936962883518,2586.7,-1.002154974640141
202210,125.0,44.0,15.0,10.8830722814489,9.744140059301994,618.872,-2.335631070283201
202301,154.0,4.0,8.0,10.78768888290167,10.787709534884778,100.768,-6.2918148135823255
202207,332.0,119.0,129.0,12.907257437772586,12.728846602812006,2661.519,12.821970723258266
202301,41.0,8.0,21.0,13.409829926632648,13.017107300737006,1015.328,-3.3748265646547635
202303,381.0,6.0,20.0,11.720589829435978,11.056130219690564,573.101,-5.772818296284798
202306,165.0,3.0,9.0,11.602491908329272,11.602501051562593,133.466,-6.271039005393656
202312,6.0,2.0,4.0,13.211809122248,13.21181095112208,1852.887,-6.2918148135823255
202301,469.0,9.0,3.0,12.914453206730709,12.468083001225496,1071.353,-6.204172927331281
202406,46.0,10.0,7.0,13.470313772911561,11.453419592120731,2229.013,-5.304603926843534
202301,110.0,23.0,20.0,13.622606402477961,13.276048806161947,1366.584,-6.256157534964052
202212,27.0,7.0,11.0,13.290269867897168,13.114607377245614,2197.171,-3.359945094225159
202408,98.0,46.0,27.0,10.062327221849518,9.33485624667375,281.388,-4.387617461125155
202402,154.0,61.0,19.0,11.939669234682775,11.939675760969024,398.411,6.4282251245351905
202408,41.0,6.0,27.0,12.878698190369322,12.829917978303477,2000.739,-5.2860523582419505
202406,263.0,112.0,70.0,13.288381079054254,12.480661879620234,1717.964,-1.0822217274503174
202401,225.0,86.0,76.0,14.257986888816474,13.928643688437392,2273.176,10.257255902989138
202212,284.0,80.0,42.0,12.471957628066836,12.397250700837333,560.681,-4.23646438508353
202301,51.0,18.0,16.0,13.555334697193706,12.119424838804502,910.536,-6.2918148135823255
202310,652.0,290.0,155.0,7.741099090035366,7.705262474866325,1250.029,12.779100144912695
202403,441.0,175.0,105.0,12.969207535894625,12.966322245130666,1420.467,29.513462811795208
202410,668.0,222.0,85.0,9.365033761652663,9.365119425763737,780.355,0.8558004568965405
202301,59.0,12.0,17.0,13.422488710380321,13.194282097751284,380.064,3.431479349509548
202311,87.0,14.0,32.0,14.029938639670235,13.000177664170646,2542.556,13.15293240647179
202409,2.0,1.0,0.0,7.108244139731541,7.109062135687172,21.411,-6.2918148135823255
202211,156.0,73.0,35.0,12.451208581733198,12.38283712365759,676.526,-1.2478148192094247
202407,4.0,0.0,0.0,15.856949823894404,15.71396904665413,21508.106,-5.239727871175058
202301,152.0,16.0,33.0,15.253290969893003,14.253069117452851,3446.157,13.01530144295439
202409,388.0,38.0,37.0,10.961191037360607,10.495349236591386,706.395,-6.275982941585651
202207,27.0,11.0,2.0,12.942231421683367,12.818801214440201,2491.877,-5.04596088647694
202407,904.0,393.0,172.0,11.634753641335221,11.285372205167318,1893.771,21.00997528848415
202403,186.0,27.0,51.0,13.438352984151434,12.947173926569972,796.085,-5.894027246512613
202308,13.0,1.0,1.0,8.903679332926599,8.87458787627932,463.463,-6.2918148135823255
202311,347.0,41.0,112.0,12.203178461416838,12.202646783961983,488.594,-2.1624388841310616
202307,100.0,9.0,10.0,10.921991853622236,10.845251080383314,137.263,-6.271039005393656
202211,194.0,55.0,27.0,12.431525528284732,12.30101457572075,641.766,-1.1045957651743858
202211,301.0,100.0,75.0,13.645234561239521,13.584622092077618,1328.27,-3.2603621615054794
202303,48.0,10.0,8.0,14.376608104695562,11.89647210897737,1663.275,-5.304603926843534
202312,103.0,14.0,44.0,13.111005115881762,12.854185848610527,1369.855,14.199091803569493
202410,60.0,7.0,25.0,12.31155815337615,11.659067014309427,655.867,-6.276933343152721
202405,325.0,77.0,57.0,12.69319761455289,12.690065468135183,580.998,-6.164693179590523
202405,67.0,28.0,14.0,9.830002463273651,9.830056274450245,141.197,-3.906966588197433
202409,2.0,0.0,0.0,7.22402480828583,0.6931471805599453,964.635,-6.2918148135823255
202311,225.0,86.0,76.0,13.731436317907313,13.534082223400079,1524.209,10.257255902989138
202310,262.0,99.0,73.0,12.693209902282364,12.29664891074834,1733.505,-2.1674488726918915
202402,159.0,18.0,32.0,15.188895702543057,14.161644540662046,3352.277,13.079227097055798
202308,12.0,0.0,4.0,12.113063316736907,9.877348894926433,1220.366,-6.271039005393656
202409,42.0,9.0,9.0,14.425712990669206,14.419259150776634,4906.129,5.0691749523701635
202303,14.0,5.0,3.0,11.920947301860082,11.59639307021149,650.628,-6.163963505379513
202207,47.0,11.0,14.0,11.39567228891345,11.390057020513959,750.962,1.5507461709925794
202405,195.0,45.0,94.0,12.604049788672434,12.520908932489132,1022.364,-5.265276550053281
202303,167.0,62.0,35.0,14.481463812756685,14.365156237708101,979.666,-3.149395835963297
202306,74.0,2.0,12.0,13.831830657706359,12.845360083294695,2857.645,2.526016011262737
202212,616.0,199.0,76.0,11.372110468328,0.6931471805599453,1128.07,5.172246158155062
202212,32.0,8.0,7.0,4.672828834461906,4.68213122712422,21.962,-6.2918148135823255
202309,65.0,8.0,25.0,11.184990680370673,10.945829268410877,242.393,-6.2918148135823255
202408,391.0,72.0,143.0,14.430821594597312,14.062517500110722,6561.681,15.199087386780297
202303,121.0,27.0,47.0,12.032962532818392,12.032968477785827,450.641,-6.276933343152721
202303,265.0,53.0,41.0,13.449096917919018,13.055357815622967,2805.743,20.03089373869583
202407,80.0,30.0,20.0,12.952431154873105,12.171419087030294,1130.986,-4.347155980963951
202308,38.0,8.0,4.0,11.54356135684533,9.838095333769076,627.634,-6.243500304121533
202311,27.0,17.0,7.0,10.676877420772277,10.67690049281473,112.414,-4.347155980963951
202404,191.0,39.0,33.0,13.06319070100481,12.813196142988435,837.03,-1.3633016539740135
202310,196.0,45.0,93.0,12.413728885166037,12.299681378694741,1222.005,-5.265276550053281
202303,94.0,17.0,14.0,11.470404110689069,11.416513678620158,490.314,-6.2918148135823255
202312,363.0,82.0,80.0,14.243153900750164,13.414543319258522,2293.096,11.719345031803117
202211,114.0,2.0,4.0,13.280416148447294,10.271804465008787,709.063,-6.20711335129225
202210,479.0,172.0,106.0,11.687332450678577,10.594206788021406,827.451,7.411127266748876
202208,88.0,14.0,10.0,12.302187047315838,12.148205156826641,844.089,-6.1915156964887625
202303,173.0,33.0,28.0,12.468875275439954,12.401914884553857,533.388,-6.2918148135823255
202404,198.0,56.0,28.0,12.489049917745835,12.389526893920062,559.07,-1.1045957651743858
202403,555.0,207.0,95.0,15.54671024702363,15.450123698218595,1227.166,27.94024569250825
202210,25.0,4.0,11.0,12.451564600508146,12.051539392531131,1958.911,-6.097097427317138
202210,61.0,22.0,21.0,12.523838867641269,11.716355984974419,786.093,-1.3504102059383083
202311,522.0,57.0,36.0,11.436918768302519,11.282643999249553,270.51,-6.250263197204988
202301,81.0,26.0,35.0,13.769022541817392,13.724172379308767,2229.34,-6.213007689051315
202307,175.0,36.0,26.0,12.913428404457402,12.662573014738163,980.556,-5.092051156350646
202406,99.0,9.0,10.0,10.944929662589201,10.827885333304181,116.165,-6.271039005393656
202312,254.0,57.0,29.0,13.564196415397612,13.483784639732292,692.142,26.84236999633857
202401,41.0,4.0,18.0,14.002123725940383,13.768888441879213,1979.346,0.5479241396131735
202402,20.0,2.0,3.0,15.138700835315882,12.827973524678871,1447.731,-6.031766427099414
202406,310.0,17.0,31.0,13.375269205403386,13.29567950678322,2591.061,-2.2504654818286776
202301,49.0,17.0,21.0,13.532638233441412,12.559584592463771,1244.696,-4.292947133744094
202303,74.0,21.0,33.0,12.766707913619062,12.692527704842725,620.777,-6.276933343152721
202301,305.0,143.0,76.0,13.242687182570464,12.884973832072879,915.045,-3.2144555934356545
202211,56.0,8.0,19.0,12.018549584336753,12.0185556156089,389.165,-1.3069511333134747
202210,1.0,1.0,0.0,12.52977801715861,12.529781634468888,2437.354,-6.2918148135823255
202401,180.0,8.0,37.0,10.396871958682176,10.396902486042325,393.136,-4.604992460903505
202310,522.0,57.0,36.0,11.037627847263384,10.84536805540928,312.506,-6.250263197204988
202402,161.0,17.0,18.0,11.940699859998228,11.776012545066628,99.846,-6.276933343152721
202408,71.0,23.0,19.0,12.690696994246672,6.535241271013659,840.375,-6.0851563808485025
202301,91.0,17.0,10.0,12.330773917132143,12.3043511427908,162.981,-6.2918148135823255
202308,64.0,4.0,15.0,10.951683355290221,10.699867987737726,221.096,-6.227889159480919
202309,32.0,0.0,1.0,6.617402977974478,6.618738983517219,2.797,-6.2918148135823255
202405,1433.0,527.0,172.0,13.37991917663336,13.176400703490906,1714.977,55.79592047852387
202311,161.0,37.0,56.0,12.829263991102605,12.825834285227753,360.016,-5.2860523582419505
202401,441.0,174.0,107.0,13.354604618949258,13.35099265457286,1670.473,29.513462811795208
202310,3.0,1.0,1.0,11.265245851311018,11.16413365305147,451.755,-6.2918148135823255
202303,115.0,27.0,58.0,13.143570899726123,12.318467859574126,1526.516,-5.95730507264569
202403,227.0,19.0,57.0,13.570741093177398,13.04607179213261,1352.565,-4.296617231916073
202306,260.0,27.0,37.0,11.787765429408712,11.54168783363788,583.4,-4.2266590788459455
202306,652.0,289.0,156.0,8.086717920303906,8.058010800802085,1401.832,12.779100144912695
202408,250.0,93.0,26.0,12.695042155038086,10.968715397184654,542.54,-4.061690423699117
202211,704.0,215.0,112.0,11.21165819687444,10.784814099374188,1680.731,11.541046640105423
202301,15.0,1.0,6.0,12.043536068817865,11.360182127705029,960.092,-6.2918148135823255
202303,129.0,37.0,45.0,12.487454915833426,11.996671730132269,641.496,-3.1212988292403168
202303,28.0,3.0,6.0,13.71496952105007,13.176917848370243,2784.264,-5.828503362875808
202308,613.0,133.0,226.0,13.578806730277122,12.713552679045067,5812.018,6.6220764870937
202212,14.0,5.0,2.0,11.692802369368367,11.425448525077552,505.917,-3.296019440123753
202301,230.0,113.0,39.0,14.076183392770787,13.842607108048451,1638.818,4.736143625764191
202312,57.0,8.0,36.0,13.951324718091335,13.876179414096475,2362.706,-2.113361492908764
202301,14.0,5.0,2.0,11.769372255673682,11.627351761966784,608.256,-3.296019440123753
202207,404.0,76.0,49.0,12.467601946127715,11.934605071385775,543.851,-4.203081007905964
202401,86.0,14.0,32.0,14.846694464978464,13.435452928819837,3622.118,12.1806029901626
202307,155.0,37.0,41.0,13.356312339431256,12.853183740961017,1822.967,-4.347155980963951
202407,426.0,105.0,101.0,12.492547739876846,11.322394301383495,1159.444,8.692327369063316
202303,219.0,68.0,84.0,13.233827826101582,13.207955581177195,1328.819,-2.134087942501525
202408,114.0,10.0,46.0,9.031333316150057,9.03145291191651,909.316,-6.227889159480919
202210,34.0,11.0,9.0,13.22027743689683,13.025894326368054,2291.232,-0.07645927210994241
202408,232.0,11.0,30.0,7.4205789054108005,7.421177528595393,372.288,-4.715787417685535
202306,489.0,137.0,90.0,11.171096908847732,9.7005142080113,1007.866,2.9391879974242396
202303,254.0,26.0,91.0,15.28803628360982,13.897212196543018,4739.135,-5.319485397273138
202309,212.0,20.0,29.0,12.964220740307532,12.210258871048415,821.884,-6.126964032335669
202409,20.0,3.0,5.0,9.972827030614742,9.364433907313582,359.947,-6.2918148135823255
202407,68.0,19.0,26.0,13.083703626882086,13.083121384024626,1556.007,-4.021680070085478
202407,559.0,125.0,101.0,11.818260797659327,11.738952854024252,679.196,3.1271340288944938
202301,122.0,58.0,45.0,13.213576083106435,13.056435090990217,1250.143,-2.6433266354602556
202301,190.0,39.0,33.0,13.6921241024327,13.457539059576252,1269.533,-1.3633016539740135
202303,279.0,7.0,5.0,10.435115303931381,10.361133894030637,99.679,-6.276933343152721
202208,97.0,17.0,15.0,10.493299942049775,10.482065278352938,595.97,-6.2918148135823255
202303,24.0,3.0,3.0,13.266636866560754,11.996425111883735,1356.426,-4.347155980963951
202405,129.0,4.0,14.0,11.884199324272135,11.871711179664171,497.804,-6.276933343152721
202403,98.0,30.0,34.0,13.599111709915412,13.155747862090578,1862.358,0.07898009596090105
202303,161.0,13.0,35.0,12.245663482486881,12.095705171506136,489.579,0.5144911005819859
202406,268.0,94.0,55.0,11.01389665108375,10.98334166827565,419.668,4.638784932631598
202208,102.0,20.0,31.0,11.91467701969974,11.914683711147067,810.232,-1.7422130591957998
202210,323.0,57.0,77.0,11.95099973442179,11.338155324329108,863.426,-6.2918148135823255
202410,170.0,9.0,8.0,9.153346650456063,9.153452509769135,64.498,-6.291742704741504
202303,170.0,30.0,110.0,14.184022566605435,13.860351027587427,2378.45,-0.9899783392698707
202407,181.0,122.0,26.0,13.013055079498406,12.747873543595485,1444.834,-5.999504516991357
202407,815.0,391.0,199.0,13.45529793524111,13.179340885993021,2196.185,15.735114353825166
202402,124.0,11.0,51.0,15.29678481707873,14.218266666711505,3629.683,16.601872875196882
202301,78.0,30.0,20.0,14.145368108563959,12.666395188923053,981.966,-4.347155980963951
202303,83.0,22.0,16.0,12.460113908172227,12.099605962739451,324.567,-6.2918148135823255
202301,17.0,1.0,1.0,8.67368398817567,8.389132521348719,85.792,-6.2918148135823255
202211,114.0,56.0,46.0,13.037848517883681,12.923951462309303,1281.016,-4.292947133744094
202407,82.0,18.0,21.0,11.000164636569727,10.774508914962748,316.946,-5.2809702608402995
202308,148.0,53.0,72.0,14.042846907203788,11.660595188697798,1806.627,-3.3748265646547635
202312,748.0,466.0,134.0,13.2554859364678,13.255487687181871,2004.745,15.39030596484107
202306,11.0,4.0,1.0,11.20192017521155,9.077608659522225,396.107,-6.227889159480919
202210,91.0,33.0,13.0,10.843553403061053,10.84310410971378,209.245,-1.3662420779349826
202308,13.0,4.0,6.0,11.717334618228188,9.250137841850249,319.488,-6.2918148135823255
202311,254.0,57.0,29.0,13.165579942650334,13.091553593010799,564.479,26.84236999633857
202311,140.0,38.0,44.0,13.593260357493346,13.591566686479295,1606.475,10.74701561549393
202406,106.0,36.0,46.0,11.34300272419019,11.343014576252745,650.055,-5.099390700889879
202403,88.0,5.0,6.0,10.339255522574339,10.339287860440365,218.145,-6.2918148135823255
202301,272.0,18.0,151.0,14.35414841105725,14.3017608672602,2386.692,13.747985672646768
202404,61.0,25.0,26.0,11.870502002351419,11.467331686911509,1012.321,-6.2918148135823255
202212,746.0,466.0,131.0,13.321350292467184,13.316740308617849,2144.822,15.014042226175958
202404,16.0,4.0,2.0,12.056435099509699,11.395278670032656,732.653,-1.4152862616067843
202403,893.0,188.0,180.0,14.717929925772012,14.646914200406007,4508.109,6.241062330234923
202406,299.0,88.0,99.0,13.237415576607606,12.89169911631584,1143.581,7.366944453122665
202210,391.0,72.0,141.0,14.416262256857317,14.272189557307643,3526.439,17.143746219398672
202208,85.0,13.0,16.0,12.355423251987428,12.355427558313638,600.428,32.89616510643222
202301,132.0,36.0,53.0,14.69109428870618,14.634252846991217,5741.059,5.881125920584308
202408,141.0,43.0,60.0,13.567313266360934,13.432953544311438,5808.927,11.284530493842547
202306,131.0,26.0,28.0,10.143960085972113,10.14399939801143,121.475,-5.298709589084469
202303,25.0,2.0,3.0,12.902858199176139,11.32993968763064,2309.753,-6.258381774551138
202303,41.0,0.0,0.0,14.250547413214017,0.6931471805599453,6335.218,-6.2918148135823255
202402,380.0,25.0,76.0,14.580537837954314,14.335306230283503,3270.693,31.67921662317398
202308,40.0,1.0,7.0,10.074073853111662,9.107753783201082,44.153,-6.2918148135823255
202401,356.0,49.0,37.0,14.943905248469145,14.842343238656856,2906.631,-6.057721343735703
202303,120.0,30.0,29.0,12.72866575999505,12.05391165163107,470.492,-3.3540507564660946
202212,141.0,42.0,61.0,14.1801439492827,13.977368318938304,4651.11,11.064435797459288
202403,171.0,8.0,42.0,11.742846000563462,11.742853946499315,228.395,-6.2918148135823255
202208,98.0,21.0,23.0,15.126861251680575,14.628003108655824,14555.176,0.8863247060778479
202301,1178.0,548.0,168.0,13.19094122944929,13.06153636010731,2618.592,16.90342445832139
202207,290.0,77.0,112.0,13.956358866551653,13.131675881126636,1762.6,-5.216507096043242
202409,1165.0,151.0,101.0,12.595418534258442,11.573474789834272,3151.129,19.302012875437427
202406,14.0,5.0,2.0,10.521749535904284,0.6931471805599453,305.898,-4.155379018659732
202307,119.0,27.0,32.0,13.692412547821526,12.96385521753561,2497.024,1.3204483923251482
202312,145.0,98.0,19.0,11.907639655174249,11.907646393877656,367.689,-3.906966588197433
202403,268.0,55.0,129.0,15.319207215601933,15.072365998005452,6265.468,-3.2311433844552764
202303,144.0,68.0,29.0,12.270693975738979,12.08062846308827,857.214,0.260957685237166
202210,200.0,78.0,80.0,10.362840918533156,10.25976241645352,369.134,-5.035465046788473
202303,57.0,8.0,36.0,13.765805475384607,13.717937419599561,1813.051,-2.113361492908764
202306,7.0,1.0,1.0,12.191293976992364,10.874493716599092,1192.838,-6.2918148135823255
202303,333.0,129.0,72.0,11.29455799002381,11.088950094102968,854.832,7.211725812407881
202408,501.0,111.0,175.0,13.678199459815346,13.258604345810618,5460.634,30.009938502751872
202402,20.0,9.0,1.0,12.872511307926818,12.698067070010973,2125.867,-5.122626337567269
202311,95.0,14.0,57.0,13.09530251271742,13.09530456757598,601.895,-6.271039005393656
202208,339.0,15.0,40.0,13.26617276996492,11.678202587154924,1368.601,-6.092648948142966
202404,228.0,19.0,58.0,13.150929454047123,12.653527066577267,1183.45,-4.296617231916073
202301,200.0,0.0,0.0,11.729181350680463,9.723104116372433,281.721,-6.20711335129225
202408,7.0,0.0,0.0,14.610417529346073,14.41149243904896,2368.619,-5.319485397273138
202303,447.0,217.0,62.0,11.018465195290503,11.0184815912866,1265.844,19.492656677780566
202303,236.0,82.0,44.0,11.654095111716673,11.635107698837857,442.268,-5.914105868137046
202309,248.0,57.0,44.0,10.364292755677457,10.136462615763627,629.471,4.135931390739962
202301,91.0,35.0,31.0,11.4815070346918,10.029811785869622,2253.53,-0.63400981332118
202303,113.0,9.0,13.0,11.379748295315627,10.86597461129999,267.306,-6.250263197204988
202402,35.0,11.0,10.0,13.709942242939878,13.501083334572405,3005.013,-0.07645927210994241
202307,150.0,12.0,9.0,10.775805498021132,9.7749721303007,133.296,-6.2620518727231165
202301,288.0,107.0,124.0,14.68250137576859,14.303526610104903,6967.596,-5.9039151188966015
202406,66.0,15.0,21.0,13.577744365032924,12.639107524050758,2349.955,-4.177849112367331
202301,182.0,25.0,63.0,14.340338490242603,13.390400750088721,2471.335,17.128792640128246
202303,111.0,28.0,61.0,12.284412365481389,12.242664907329763,690.323,-1.9261143207481028
202211,65.0,16.0,32.0,12.884179789632338,12.849837861841559,1511.777,4.189122131791917
202208,135.0,0.0,2.0,7.429520842786462,0.6931471805599453,28.044,-6.2918148135823255
202404,61.0,10.0,31.0,12.95566868269831,12.532021851622776,799.623,-5.2860523582419505
202303,177.0,8.0,8.0,13.807066002861564,12.025785018897205,837.881,7.320797014746297
202405,172.0,48.0,29.0,10.076600170244772,9.61953186182516,370.705,-0.31870727886120864
202405,54.0,11.0,13.0,14.02234097062897,12.29962673886229,4560.067,-5.005702105929265
202301,178.0,51.0,53.0,13.526133716869737,12.757287530200733,1146.252,0.9374217605765827
202407,10.0,4.0,3.0,12.49987594498689,11.944448107397683,1658.471,-6.2918148135823255
202311,26.0,6.0,8.0,12.947762340549273,12.49455439815252,826.758,-4.313722941932763
202401,88.0,5.0,6.0,10.364671149400635,10.364702675748784,256.403,-6.2918148135823255
202210,172.0,31.0,51.0,13.021636554037846,12.911266967000786,772.103,-3.3540507564660946
202408,97.0,28.0,35.0,13.082597075444538,12.723740805657831,2715.468,0.07898009596090105
202301,161.0,36.0,55.0,13.078183668732567,12.96453929221076,551.683,-5.2860523582419505
202403,650.0,99.0,168.0,14.277936801194961,14.150411560844002,2340.872,124.91063733626005
202405,110.0,21.0,32.0,13.361610172706829,13.033499376274966,1660.736,-3.228202960494307
202210,174.0,35.0,25.0,13.185604807683148,12.84818965497734,753.972,-5.092051156350646
202303,162.0,41.0,41.0,11.896976247694319,11.787704652066486,851.2,-6.2620518727231165
202210,17.0,8.0,1.0,11.567527280161812,11.567536748737975,301.451,-6.1171916303908676
202303,463.0,133.0,190.0,15.127967294998495,15.04411226553411,9259.484,48.330552943517844
202402,70.0,18.0,45.0,13.11445821377023,12.931621670433385,1589.525,-6.2918148135823255
202307,472.0,181.0,90.0,10.987036963527192,10.985275773591676,994.236,11.848983662786301
202402,256.0,29.0,98.0,14.965330404011288,14.03702478264645,3218.532,-4.274891022160334
202301,191.0,53.0,100.0,12.319124506810656,12.265232665929606,1011.497,-6.271039005393656
202210,238.0,82.0,42.0,11.325028393843088,11.323772628023256,414.994,-5.914105868137046
202212,82.0,14.0,33.0,14.148306043613045,13.841030145589682,3016.168,2.9364608091749673
202405,231.0,14.0,93.0,12.328232754476069,12.23886408125509,660.673,7.807344037147072
202407,51.0,20.0,9.0,10.084725188767045,9.670104253491726,745.801,-4.216364248800169
202310,14.0,4.0,6.0,11.3055076141175,11.216148828725508,238.432,-6.258381774551138
202407,195.0,44.0,95.0,12.408572576012254,12.317327753890268,1450.606,-5.265276550053281
202207,13.0,3.0,6.0,11.980169038764808,11.980175306019342,1471.524,-6.163963505379513
202301,14.0,5.0,2.0,11.604474033322271,0.6931471805599453,446.724,-4.155379018659732
202405,40.0,10.0,14.0,12.133915845524507,11.428401899899574,453.982,-6.2425499025544635
202207,171.0,9.0,27.0,13.055000605154827,12.16608884129694,1372.749,-6.243500304121533
202401,91.0,39.0,17.0,13.467650930413505,11.380011024848509,784.015,-6.023405607738274
202303,94.0,8.0,46.0,11.952141224480311,11.952147669876526,333.203,-5.503679416229737
202306,266.0,60.0,66.0,9.18686701579054,9.172534657240284,349.046,-4.574499845833286
202308,17.0,5.0,5.0,13.419270270065313,13.356568720877606,1331.986,-6.213007689051315
202403,70.0,26.0,18.0,13.511648966824428,11.252028124044102,466.213,-6.256157534964052
202301,12.0,4.0,6.0,12.08331161519218,11.972455689083295,453.118,-6.2918148135823255
202301,301.0,100.0,75.0,14.161420264103347,14.089785910626736,2041.988,-3.2603621615054794
202404,314.0,86.0,57.0,11.383465771715759,11.383477153783312,394.726,-1.287434953403972
202307,426.0,106.0,101.0,12.814669055687219,11.502986234055456,1216.505,8.692327369063316
202303,9.0,0.0,0.0,13.908883407810755,12.901167927308135,3589.438,-6.163963505379513
202405,566.0,131.0,272.0,14.133880649221457,14.054666031510248,4083.334,18.15919705144531
202409,40.0,11.0,9.0,11.436864818357265,10.275774984838279,296.147,-4.347155980963951
202308,25.0,1.0,4.0,11.812911531878173,8.761863373274727,20.708,-6.2918148135823255
202301,451.0,122.0,202.0,15.52632204877374,14.964783324166913,4946.271,8.279985868698754
202303,105.0,35.0,12.0,11.95487035381887,11.954876781648803,231.159,13.884065353254256
202310,81.0,34.0,8.0,9.96988372217581,9.95113420600348,87.832,-5.996362363483974
202409,23.0,8.0,5.0,12.996793351684756,11.333870566832354,1557.981,-5.319485397273138
202212,105.0,35.0,12.0,12.181098368276034,12.18110349470663,250.97,13.884065353254256
202211,23.0,8.0,3.0,10.843123648405275,10.843143186715016,94.25,-6.2918148135823255
202311,85.0,4.0,22.0,11.9678598716632,11.583411887221422,694.509,-5.595873445814275
202208,234.0,80.0,50.0,12.403984538995218,12.362447991808114,878.475,-5.298709589084469
202306,31.0,5.0,9.0,13.072355572210864,12.599053481733172,1698.208,-2.3815831789472504
202404,649.0,98.0,169.0,14.087854094221814,13.990710986268379,1904.801,124.91063733626005
202310,67.0,3.0,14.0,12.111739987795435,11.348498834614803,619.231,-4.3313241089672765
202210,45.0,17.0,16.0,10.906212828397074,10.637440727488327,292.293,-4.347155980963951
202303,107.0,10.0,15.0,9.641927964229918,9.641992909837995,388.669,-4.682144187396456
202410,347.0,37.0,21.0,11.053758902024423,10.7490553457913,191.411,-5.248170840036591
202311,284.0,88.0,103.0,13.605091950049857,13.332995384757465,1985.589,7.814416221925754
202210,29.0,8.0,10.0,10.593128593766785,10.593153681259418,93.134,-6.2918148135823255
202409,114.0,28.0,41.0,14.847867652855138,12.707541632171992,8044.651,-2.3559519339226225
202401,159.0,25.0,27.0,12.695557159141913,12.695560223848597,594.867,-6.1833971191426125
202402,9.0,0.0,2.0,12.298742980371483,12.29874753783079,445.168,-6.163963505379513
202403,168.0,10.0,17.0,11.448877490161797,11.44888815154042,196.719,-6.276933343152721
202402,214.0,35.0,54.0,12.996673162238832,12.647538544812594,1346.396,19.52445699022602
202406,377.0,56.0,86.0,13.339437346012012,12.781887938651073,1127.162,-6.000710953668257
202211,176.0,5.0,14.0,13.03715619006712,12.909100847610757,1258.365,-6.163963505379513
202405,375.0,141.0,71.0,11.457835498652269,11.413657463311559,530.374,-1.1104901029334506
202405,515.0,230.0,97.0,10.814082091865401,10.765343217715396,1463.01,20.72089709003928
202301,275.0,91.0,73.0,14.230086040300392,13.711440320650327,1513.637,-4.795373575023463
202306,178.0,20.0,62.0,13.591449085489309,12.914549228121393,2042.84,-3.256692063333501
202410,393.0,103.0,81.0,13.664487648227023,13.648809956273185,2808.709,4.89397788227855
202311,61.0,7.0,5.0,10.009647748364518,10.009692711382444,56.153,-6.276933343152721
202210,109.0,16.0,25.0,12.960721710058388,12.399758549486512,1215.998,11.274040334084452
202406,430.0,7.0,31.0,9.835797403566177,9.828332878935367,160.191,-6.271039005393656
202406,51.0,9.0,18.0,11.437404186877691,11.285849190628305,401.053,-6.161023081418544
202208,17.0,6.0,1.0,14.214001402335102,14.060810043805173,4437.619,-4.2193046727611385
202408,145.0,41.0,47.0,11.964160307322581,11.305729078985467,1275.424,0.6267312641441842
202301,652.0,290.0,156.0,9.791773562906126,9.675394271496005,2188.279,12.779100144912695
202405,83.0,9.0,15.0,12.594144022620398,12.019297184815311,2189.001,-2.1616266437736487
202407,340.0,16.0,41.0,13.305329726275186,11.786990241462824,1131.464,-6.092648948142966
202308,348.0,96.0,97.0,14.926244416000047,14.787638942968927,4454.993,9.756119769037587
202311,7.0,0.0,0.0,14.204189564484357,13.849883964965386,1439.671,-5.319485397273138
202404,696.0,199.0,133.0,12.381923311193816,12.198191672079298,1155.878,6.421539117667766
202309,11.0,3.0,3.0,12.102660231090363,12.0073289810395,732.847,-5.250395079623678
202309,33.0,8.0,20.0,11.016512149807108,10.919333984679737,549.139,-6.258381774551138
202308,155.0,1.0,3.0,7.5595594960077,7.560080465021827,13.059,-6.234431325208313
202404,4.0,0.0,0.0,13.543683461796592,11.413999757013936,4568.067,-6.275982941585651
202301,143.0,9.0,30.0,13.761326774345315,13.608882374077961,2478.643,-4.313722941932763
202408,43.0,23.0,17.0,4.77912349311153,4.787491742782046,543.412,-6.2918148135823255
202310,383.0,109.0,70.0,11.853183383987782,11.850447150727012,467.852,15.136040025405139
202310,40.0,10.0,14.0,11.913491927615983,11.23463911415881,482.34,-6.2425499025544635
202407,89.0,16.0,10.0,12.070945694965522,11.78549897574121,792.551,-6.22494873551995
202309,58.0,1.0,7.0,11.520367702690658,0.6931471805599453,558.444,-6.163963505379513
202311,143.0,68.0,29.0,12.354065835437861,12.354070147613506,823.3,0.255875587835515
202407,60.0,15.0,19.0,10.666906786081405,10.66693008931473,293.389,-5.099390700889879
202307,119.0,17.0,26.0,13.922725952270564,13.082037093332678,3103.14,5.521811384721309
202310,63.0,33.0,14.0,8.100464891029363,8.10076824307173,324.542,1.4868205168911732
202212,179.0,14.0,46.0,12.840886015860047,12.492266110555496,1131.016,-5.972137184479387
202306,126.0,16.0,49.0,12.430862840382478,11.906331487029716,482.681,10.273978698504814
202211,143.0,11.0,14.0,11.798961182923872,11.151826463590629,192.299,-6.2918148135823255
202309,43.0,6.0,3.0,11.926285988758313,11.243292849923064,859.513,-6.2918148135823255
202312,536.0,18.0,77.0,12.986390148780545,12.929763580000678,540.548,-6.204668384349104
202210,68.0,8.0,27.0,12.891671408332789,11.540608723070166,798.554,-6.2918148135823255
202312,576.0,219.0,205.0,15.629419897556858,15.462855821469127,6013.661,29.324729285806562
202207,414.0,17.0,22.0,11.338345861764337,10.929529148369403,1062.13,6.568562294820367
202303,124.0,26.0,27.0,12.358952518223987,11.977256787056435,256.339,1.0334876178795147
202210,376.0,111.0,73.0,8.855092980028635,8.855235623206967,631.085,2.6501433395606853
202303,33.0,8.0,6.0,10.241886503279616,10.241922148185072,186.096,-4.134603210471063
202301,31.0,12.0,12.0,13.948649748687686,13.761880852081292,4284.315,-6.161023081418544
202211,211.0,35.0,57.0,13.20411109226513,13.056313314462813,1063.129,1.743522893459776
202403,5.0,0.0,0.0,12.19207513588632,0.6931471805599453,768.681,-6.2918148135823255
202307,911.0,308.0,119.0,12.530096290384392,12.467166873072857,1919.186,16.058980325051195
202307,11.0,1.0,2.0,13.360947113206416,12.978920167470696,4135.685,-6.258381774551138
202311,1.0,0.0,0.0,13.39894456236643,13.398946079109376,8354.607,-6.227889159480919
202207,405.0,35.0,168.0,13.831096464238014,13.792600106381167,4442.31,-6.165341007558852
202211,188.0,42.0,21.0,10.1756878991372,10.175725983494056,461.543,-3.190542169645009
202211,49.0,23.0,21.0,13.492089384507711,13.44481492477742,2143.435,-6.22494873551995
202312,319.0,42.0,117.0,13.945311752040698,13.90710475112527,2188.233,5.044799498068629
202311,55.0,22.0,12.0,12.967714573533886,12.603532463300198,1038.706,-5.035244319432413
202409,34.0,4.0,1.0,7.4977617006225685,7.498315870766981,28.617,-6.276933343152721
202210,53.0,8.0,16.0,11.296049729793,10.263362371409995,207.422,-6.237605966362469
202303,65.0,4.0,4.0,12.674014776347423,12.668969833731966,1517.554,-6.227817050640098
202403,106.0,23.0,25.0,13.83048389593276,12.850234392856924,1496.56,-6.258381774551138
202208,302.0,103.0,50.0,10.166774468153188,10.029106473960287,896.991,2.1954191155017426
202408,88.0,5.0,6.0,9.7066816015412,9.70674247507645,325.035,-6.2918148135823255
202310,223.0,42.0,49.0,11.323047429770627,11.31766455464227,488.064,1.238768548433999
202301,518.0,249.0,88.0,12.04066130173816,12.02388507975902,1574.01,3.9417094614925983
202404,63.0,10.0,32.0,14.045583644495515,13.875636231797452,3374.474,-6.097097427317138
202210,66.0,8.0,17.0,14.013430655817025,13.44041557337296,9247.226,-5.1708582808816566
202211,9.0,0.0,2.0,10.779310393854486,10.7793312195951,568.602,-6.163963505379513
202401,214.0,35.0,54.0,12.967086396871826,12.541226155871122,1389.645,19.52445699022602
202404,60.0,6.0,14.0,14.583259053250194,13.677904589805562,10485.889,-6.227889159480919
202407,181.0,42.0,55.0,12.789399379710199,12.343431703289022,1130.417,20.104104962802445
202303,102.0,19.0,31.0,12.103480516573521,12.103486056755072,490.637,-1.7422130591957998
202406,44.0,3.0,15.0,12.663427869892283,11.095969590146566,906.722,-6.2918148135823255
202210,24.0,3.0,3.0,13.50852061580359,11.916542199220771,1561.878,-4.347155980963951
202301,205.0,70.0,41.0,13.279339775412613,13.216057706970986,1466.429,-6.235381726775383
202308,195.0,5.0,66.0,12.640840859761996,12.306040144983207,1352.561,-6.17799823840137
202303,231.0,8.0,13.0,10.0519075576544,9.931199991102664,131.256,-6.2918148135823255
202307,88.0,18.0,13.0,9.212438170058329,9.21253795551967,212.769,-6.2918148135823255
202403,106.0,22.0,29.0,12.458887614103842,11.683688815638755,469.562,-4.80048887997561
202303,176.0,5.0,14.0,13.175788497835134,13.035290180322058,1514.952,-6.163963505379513
202303,212.0,28.0,82.0,15.209132754795064,14.1415456595481,7347.902,7.561667519318224
202303,14.0,5.0,2.0,11.52335093045381,11.070630383611347,351.845,-3.296019440123753
202309,75.0,14.0,14.0,10.757924157061597,10.738112593745406,286.49,-6.276933343152721
202401,16.0,2.0,4.0,12.522097975923531,11.981233908199702,810.88,-4.246856863870388
202409,255.0,71.0,17.0,10.304241580914173,10.301122081529105,165.708,-4.177753056383801
202307,542.0,177.0,91.0,12.325609697555613,12.07239838555774,1331.122,-2.8203257914941924
202402,145.0,32.0,67.0,13.135790824393338,12.84206994162556,521.384,-6.276933343152721
202301,556.0,234.0,162.0,15.073753910256633,14.496819947538327,6105.074,16.622141613227726
202403,38.0,3.0,19.0,12.03997083458316,11.060400195374662,478.083,-6.094955753876456
202406,544.0,169.0,88.0,12.58674288582008,12.123565654001784,1123.674,36.01560806221079
202303,344.0,30.0,113.0,13.010774617548764,12.992179518389014,968.075,-3.184647831885944
202306,716.0,290.0,152.0,12.16876530071966,12.16516731420417,2856.619,41.039099608155574
202408,396.0,18.0,15.0,12.562827086308948,12.223421283864786,1934.936,-6.250263197204988
202212,55.0,21.0,13.0,10.41876325997573,10.418793126323825,218.206,-5.030349741836326
202301,20.0,1.0,10.0,13.910109575861995,13.338780355968833,3497.795,-5.999738734184544
202309,28.0,2.0,0.0,5.365976015021851,5.3706380281276624,4.04,-6.2918148135823255
202208,107.0,10.0,15.0,8.886685639065584,8.886823846515187,570.942,-4.682144187396456
202303,229.0,75.0,84.0,12.796541820394236,12.708891298894248,922.129,-1.196546395950537
202207,110.0,27.0,61.0,11.903669413230332,11.889435388622973,1038.474,-1.9261143207481028
202208,213.0,32.0,104.0,13.574379955198157,13.275008925088283,4068.385,17.51013847619501
202403,71.0,7.0,47.0,12.5678296538757,12.567833136127533,647.342,4.403808765818736
202210,255.0,79.0,68.0,11.646966727588952,11.64267220482288,585.218,6.942692169951551
202210,823.0,393.0,200.0,13.575789099350967,13.43489122144875,2012.059,15.548452696473097
202307,179.0,8.0,36.0,9.91095956737483,9.911009193934975,264.564,-4.604992460903505
202406,34.0,3.0,10.0,11.19340866899843,11.145781627176344,200.798,-6.2918148135823255
202410,11.0,5.0,4.0,6.395261598115449,6.396929655216146,31.171,-6.2918148135823255
202401,341.0,169.0,36.0,12.776317458988785,12.722100713087189,1479.262,-5.158201050039138
202303,84.0,14.0,17.0,13.953971654606384,13.303322339621129,2202.128,5.294931646016421
202212,440.0,234.0,46.0,12.533237416044962,12.474105428928866,693.293,4.045223918935175
202211,20.0,3.0,4.0,10.897664823067354,10.657988500785741,709.74,-6.20711335129225
202211,14.0,9.0,0.0,10.162885884509508,10.162924459547607,2552.997,-6.227889159480919
202405,293.0,119.0,45.0,9.866252865925903,9.866304761408411,572.412,12.17526703664698
202212,63.0,9.0,26.0,14.044875516130181,13.498671522522741,1410.15,0.5942486266800664
202310,54.0,14.0,25.0,10.91051438267176,10.54141267859585,438.274,-6.00779446309766
202404,68.0,18.0,45.0,11.886060200247643,11.886067085948453,543.845,-5.319485397273138
202303,40.0,26.0,8.0,12.586876140567476,12.522447854380783,979.564,-6.227889159480919
202405,2.0,0.0,0.0,13.61431194540063,13.561862695055398,820.428,-6.2867327161806745
202301,375.0,56.0,84.0,14.447463485748871,13.29306097026894,1371.088,-6.000710953668257
202401,86.0,20.0,39.0,14.634246673169017,14.240703780788703,2834.453,1.6866200005580119
202410,76.0,10.0,6.0,7.423568444259167,7.424165281042028,20.156,-6.271039005393656
202401,149.0,29.0,70.0,14.158345367563886,13.714301413428924,3910.741,-2.3049177278569215
202409,753.0,122.0,94.0,12.089162353921887,12.068056927617231,1261.378,3.440859431831985
202210,239.0,93.0,71.0,13.970608217835787,13.86050399988731,1683.256,2.894436407232133
202402,188.0,0.0,7.0,10.84546552414626,10.405837357821074,78.164,-6.2918148135823255
202311,547.0,29.0,61.0,12.482798669063873,12.30391144386415,623.483,-6.224493790970703
202407,7.0,0.0,0.0,14.221194975355733,13.998259523406139,2157.376,-5.319485397273138
202311,132.0,37.0,47.0,11.993293943105055,11.790655681567678,451.267,-5.319485397273138
202303,12.0,6.0,1.0,11.29539115242053,8.795582216956426,75.557,-5.319485397273138
202310,203.0,13.0,80.0,14.780303412527896,13.635956767369247,5746.098,1.1906070617284366
202301,153.0,61.0,18.0,12.016744600523182,12.016750642691475,439.252,6.4282251245351905
202310,143.0,62.0,68.0,11.537686367911688,11.53769612329544,934.656,-5.967055087077736
202406,38.0,14.0,9.0,11.230827770812349,11.200759424826883,250.5,-6.271039005393656
202410,11.0,1.0,3.0,6.152732694704104,6.154858094016418,8.429,-6.2918148135823255
202210,161.0,26.0,40.0,11.784561993441041,11.580771011865295,357.301,-4.311360541136021
202307,642.0,209.0,119.0,10.102338411281293,10.033199159057785,995.341,0.03655992425917365
202403,72.0,15.0,20.0,11.592789695179148,11.588394653106107,459.844,-6.222586334723208
202303,75.0,15.0,11.0,13.030986850632285,11.459661809643231,1330.376,-3.2135422174207635
202210,220.0,6.0,11.0,13.689860029590621,11.59340807587215,2039.483,-4.211282151398518
202406,81.0,7.0,18.0,13.624491688961303,13.624492899442862,847.305,-6.00779446309766
202207,279.0,7.0,5.0,9.742790491838836,9.716856724154075,126.184,-6.276933343152721
202307,54.0,23.0,19.0,10.586685402242406,10.581089530093944,162.707,-6.2918148135823255
202312,54.0,22.0,10.0,11.684489365111222,11.684497788540147,296.844,-6.237605966362469
202410,13.0,4.0,3.0,6.739336627357174,6.740519359606223,87.249,-6.276933343152721
202410,13.0,0.0,4.0,9.643550340392906,9.57275879054198,20.191,-6.271039005393656
202301,164.0,3.0,9.0,12.253614411727408,12.253619179569268,217.341,-6.271039005393656
202210,315.0,82.0,72.0,13.124299501905083,13.081860082094085,1344.123,58.793278658899546
202309,13.0,4.0,3.0,12.33774105387663,11.53498045575106,2391.693,-6.276933343152721
202210,120.0,16.0,39.0,12.801378194864629,12.561783625004416,672.156,-5.319485397273138
202406,153.0,3.0,9.0,10.23055859321628,10.230594644192365,94.96,-6.2918148135823255
202401,52.0,12.0,9.0,10.616755937092288,10.61678043878903,229.604,-3.3748265646547635
202207,119.0,45.0,19.0,13.034126522550617,11.661750560442117,1634.289,-3.244034832490982
202303,63.0,4.0,52.0,11.883053508788707,11.817390905456355,243.048,-6.271039005393656
202301,237.0,82.0,43.0,11.948137059971444,11.8991805701457,682.032,-5.914105868137046
202406,62.0,11.0,38.0,13.803628242029225,13.799676864021706,2940.465,0.3302970816253872
202212,119.0,30.0,29.0,13.015973443188095,12.36411004797,501.6,-3.3540507564660946
202409,5.0,0.0,0.0,12.735025965265919,12.668100805100087,1360.157,-6.227889159480919
202301,88.0,5.0,6.0,10.407258349428416,10.407288561365155,265.882,-6.2918148135823255
202405,181.0,55.0,39.0,13.133738435425833,11.834972731598894,1344.644,-4.19852886457247
202311,953.0,258.0,194.0,13.645383939718627,13.522563985652031,2157.343,35.13791786138572
202303,600.0,200.0,119.0,13.838415231680688,13.740584405038083,1115.287,0.9141469831390658
202303,5.0,0.0,0.0,11.264271779485926,0.6931471805599453,103.262,-6.2918148135823255
202405,830.0,343.0,139.0,9.182866394975427,9.18296917518005,1004.563,4.945783181653843
202210,30.0,1.0,10.0,11.58806076638335,11.143035008125729,271.733,-6.276933343152721
202307,109.0,36.0,23.0,11.088705580378416,11.088720864237898,296.202,-6.20711335129225
202207,46.0,15.0,16.0,12.18348444211675,11.809512767892526,754.439,-4.283230326862545
202409,45.0,7.0,19.0,13.02610574891221,11.312093645417177,1739.919,-6.253299677149487
202401,94.0,8.0,47.0,12.13809889741768,12.13810424908941,463.799,-5.567605070331143
202309,205.0,87.0,21.0,10.416969644763327,10.4057163290766,421.382,-3.8613717753415493
202309,1.0,0.0,0.0,7.146772179452637,0.6931471805599453,234.018,-6.2918148135823255
202405,446.0,216.0,62.0,10.787193107312595,10.787213769536883,855.34,19.492656677780566
202210,22.0,7.0,11.0,10.818277158284015,10.713639688348616,178.296,-3.3748265646547635
202301,100.0,22.0,21.0,12.287933699010495,12.14246169406681,479.546,-6.227889159480919
202409,142.0,9.0,13.0,10.16327156794533,10.16331012810883,90.567,-6.050944309010398
202211,12.0,4.0,6.0,11.906817192458927,11.786708897243923,314.189,-6.2918148135823255
202401,164.0,63.0,39.0,12.59642411582829,12.592470455921084,515.239,-4.2482208762126
202410,415.0,58.0,59.0,14.870869774436008,14.471587032448419,10571.995,8.31084066036391
202307,275.0,90.0,75.0,13.631504783671932,13.478676055732798,1628.192,-4.795373575023463
202301,122.0,57.0,45.0,13.311860792697363,13.163797024826803,1137.519,-2.423231939076997
202408,195.0,44.0,29.0,11.664633163146346,11.380581937982457,592.983,5.537422529361923
202309,56.0,4.0,5.0,8.99961934066053,8.999742789830492,32.466,-6.271039005393656
202212,82.0,9.0,15.0,12.611384408548247,12.05635379728023,2946.048,-2.1616266437736487
202303,263.0,36.0,132.0,13.648094953415214,13.462282523743648,2177.01,-5.2860523582419505
202402,177.0,68.0,34.0,14.242487289718438,14.024663901098695,1989.187,-2.2077797620803885
202401,22.0,6.0,7.0,13.704252687040364,13.038083539091074,1400.96,-5.158201050039138
202210,106.0,19.0,46.0,11.002932827508129,10.971468797650715,355.224,-6.250263197204988
202403,95.0,23.0,44.0,13.534328646947758,12.909083519527009,1736.911,-4.3420738835623
202311,13.0,5.0,0.0,12.376157133878369,11.605668716668124,587.987,-6.258381774551138
202301,16.0,0.0,1.0,11.28171193882487,0.6931471805599453,2009.564,-6.227889159480919
202406,25.0,4.0,11.0,13.102474906423685,12.91700817117935,2370.609,-5.319485397273138
202410,20.0,3.0,5.0,11.25240450058082,9.898273985483241,263.455,-6.2918148135823255
202306,100.0,22.0,21.0,11.50494369522857,11.4072649043034,403.334,-6.227889159480919
202303,74.0,21.0,33.0,12.676766661404208,12.666881002544223,565.534,-6.276933343152721
202406,77.0,27.0,29.0,11.771273984809863,11.618446967668946,814.86,-6.089791090328401
202401,125.0,19.0,23.0,12.518724121530466,12.421095311534764,490.179,-2.302198031252013
202207,114.0,61.0,19.0,13.083568493572871,12.531527267667899,1406.693,-1.2657087436482328
202409,11.0,1.0,3.0,4.955827057601261,4.962844630259907,13.537,-6.2918148135823255
202211,16.0,2.0,4.0,12.298273450781352,11.790678406344124,609.643,-4.246856863870388
202408,60.0,7.0,14.0,15.13219944928289,14.09115319640569,17491.728,-6.227889159480919
202407,103.0,44.0,12.0,11.497720452427261,11.376051348808195,414.479,-6.227889159480919
202407,157.0,14.0,36.0,15.046253717317073,14.270019131491733,18904.023,2.79955401189606
202212,66.0,8.0,17.0,14.018680763410718,13.626974933783849,10838.302,-5.1708582808816566
202309,75.0,6.0,4.0,11.187624595611938,9.75794141390479,71.782,-6.276933343152721
202407,58.0,10.0,20.0,13.189264729856088,11.792630807736195,2777.3,-6.27185124575107
202306,16.0,6.0,4.0,13.224678059216082,12.966186646521045,1905.475,-6.258381774551138
202410,349.0,95.0,78.0,13.372740700072226,12.777074790730618,2156.218,7.1411761463364005
202408,283.0,100.0,26.0,10.708064294780282,10.683660693312701,289.379,-3.2935744731806067
202405,158.0,35.0,45.0,10.734416455259145,10.635807368170546,478.145,0.6230611659722047
202408,104.0,26.0,21.0,13.425952263019402,13.25218213672686,2218.743,12.182444096292235
202407,252.0,13.0,25.0,11.729688705320152,11.575890874416173,846.934,4.48851022810881
202210,29.0,4.0,9.0,13.583159749649127,13.27943891850866,1507.503,-4.029702591448098
202404,22.0,5.0,9.0,13.027137994004686,12.492712925504572,1073.801,-6.163963505379513
202409,18.0,2.0,3.0,10.073230327123223,0.6931471805599453,92.377,-6.2918148135823255
202308,90.0,3.0,7.0,9.897922094063247,9.897972371848018,81.159,-6.2918148135823255
202401,84.0,17.0,39.0,12.952096865690885,12.914078881496817,396.938,-6.2918148135823255
202212,171.0,25.0,81.0,14.578527025846592,13.37132593108394,2413.636,-6.2918148135823255
202306,90.0,9.0,31.0,12.083339880147877,11.389774296637176,262.259,-6.192961555073656
202207,171.0,47.0,29.0,10.239638308916676,9.940060532766969,498.022,-0.31870727886120864
202303,217.0,101.0,56.0,11.599781829946117,11.59979099799181,513.802,-4.971539392687067
202310,202.0,18.0,46.0,13.979175830160118,11.47438212234972,1605.165,-4.283230326862545
202301,134.0,44.0,40.0,13.422549448016714,12.519941335941533,640.936,-4.283230326862545
202303,29.0,5.0,15.0,12.087795737939121,12.087801365702001,539.408,0.734585796965245
202210,80.0,21.0,30.0,10.77065106344359,10.651809235840728,138.27,-6.271039005393656
202406,3.0,1.0,1.0,11.40911929624464,11.288818950155457,539.563,-6.2918148135823255
202301,24.0,9.0,12.0,12.12095583634939,11.959750023143538,926.311,-6.2918148135823255
202401,68.0,6.0,30.0,13.435006806819281,12.968885804323222,2490.878,-6.271039005393656
202303,62.0,17.0,19.0,12.192450281005975,12.192455349570988,565.84,-5.2777956196861435
202303,54.0,14.0,19.0,11.621618421872704,11.621627391890419,286.023,-6.227668432124859
202303,25.0,8.0,14.0,13.332133096365839,13.260990763370222,2364.41,-6.275982941585651
202408,146.0,59.0,16.0,10.051217664560463,10.051260796825561,182.036,-5.255339015815672
202208,216.0,97.0,47.0,12.300928176542852,12.283079981890959,895.098,-0.9199376200533393
202401,198.0,59.0,38.0,14.204714839189682,13.84450415196204,1244.784,26.201830624361108
202210,37.0,7.0,7.0,9.8233073354086,9.815639461962933,43.649,-6.2918148135823255
202211,239.0,93.0,71.0,14.199686654654498,14.071766976691146,1539.36,2.894436407232133
202301,160.0,61.0,31.0,12.55658161888299,12.363191772298931,462.707,-4.013870719451424
202406,70.0,12.0,22.0,13.413048934875885,12.957590144166272,3483.589,-4.165908065898695
202405,37.0,7.0,8.0,13.319901900003144,13.160242806823234,861.475,7.5408917111295555
202207,247.0,13.0,25.0,11.727843277467171,11.60301293925099,948.501,4.48851022810881
202404,120.0,1.0,15.0,11.155864732338893,11.15587902346339,62.043,-6.2918148135823255
202208,247.0,56.0,25.0,11.737507980478693,11.446165812278585,585.514,-6.256157534964052
202306,82.0,15.0,33.0,12.068447169285072,12.068452906997045,532.381,-5.139428754081495
202311,24.0,8.0,3.0,12.87087179057463,12.870874362455487,85.929,-6.227889159480919
202405,129.0,15.0,64.0,11.700168226083251,11.674397847028223,647.287,6.356636056593318
202309,168.0,2.0,1.0,7.748460023899697,7.7488913372555315,14.265,-6.271039005393656
202401,336.0,129.0,72.0,12.34195751655054,12.30624371929645,1254.886,7.275651466509288
202301,217.0,101.0,56.0,11.836131522240963,11.836138760461665,687.607,-4.971539392687067
202306,367.0,212.0,52.0,12.76545126248564,12.171921062599283,975.519,-2.73774490463188
202312,167.0,41.0,44.0,6.755768921984255,6.756932389247553,373.801,-4.2193046727611385
202406,421.0,141.0,74.0,8.533263371593732,8.510168576479273,195.616,-0.1664290621073956
202409,140.0,34.0,15.0,9.766865674993165,9.419628376999952,497.743,-5.171587955092667
202401,627.0,193.0,223.0,14.128510169650308,14.086833039063187,2014.201,26.38113924733682
202403,20.0,2.0,4.0,10.938485337475505,10.645401087458245,701.775,-6.20711335129225
202309,511.0,102.0,161.0,13.017096190724551,12.497129018620903,1846.399,2.102748626709028
202210,78.0,21.0,27.0,12.454501804310242,11.050524859350896,653.321,-2.3817213401569073
202307,106.0,36.0,46.0,11.247839500033967,11.247852535379305,769.065,-5.099390700889879
202307,231.0,8.0,13.0,9.722265391185474,9.626943224494804,161.187,-6.2918148135823255
202405,35.0,10.0,12.0,12.663487998853098,12.528134405332555,1263.706,-5.160920746644047
202310,72.0,15.0,20.0,11.042953835212504,11.036324118576157,401.068,-6.222586334723208
202410,23.0,2.0,5.0,9.256364810287462,9.256460307589736,46.692,-6.271039005393656
202303,34.0,15.0,9.0,9.603732898850078,9.603800372956915,78.943,-6.194456120449732
202309,38.0,3.0,7.0,13.849506105222233,10.99011160189217,2094.679,-5.319485397273138
202307,81.0,34.0,8.0,9.747885820441555,9.73902556004294,107.685,-5.996362363483974
202208,1.0,1.0,0.0,12.588702332067271,12.58870574238861,4747.484,-6.2918148135823255
202306,136.0,47.0,28.0,12.192946878311245,11.721523744842402,718.222,-2.3236900238145655
202301,487.0,138.0,92.0,13.123494737175443,12.97287912617701,1239.144,38.44912294820756
202303,126.0,13.0,51.0,14.930660345271313,13.898109380606058,2991.022,16.601872875196882
202301,84.0,13.0,17.0,11.211712258234096,11.211725773117362,158.798,-5.81819238178462
202404,6.0,1.0,0.0,12.646544472169872,12.564959641077756,2193.115,-6.163963505379513
202404,113.0,9.0,13.0,11.776535107478617,11.250235147353186,300.396,-6.250263197204988
202212,61.0,25.0,26.0,11.899812395837186,11.60816291485707,1114.45,-6.2918148135823255
202210,75.0,19.0,26.0,12.653475925001391,12.118453811348505,588.317,-6.213007689051315
202303,106.0,20.0,45.0,11.082096393966498,11.012808960012588,324.359,-6.250263197204988
202311,202.0,7.0,35.0,12.20248120401785,12.099177619780395,144.434,-6.256157534964052
202308,60.0,11.0,21.0,11.832600268458183,10.029899914890565,1502.108,-6.2918148135823255
202407,297.0,99.0,75.0,13.302512576336627,13.28546813527115,1978.568,-3.2603621615054794
202210,249.0,49.0,63.0,12.489919874359364,12.022600426978823,1233.376,-2.290256984783378
202410,176.0,29.0,107.0,11.63163251803545,11.629659061268818,565.821,-6.200998286177125
202303,43.0,21.0,6.0,13.738144514825906,12.042211639379689,2526.333,-6.179574650020127
202308,142.0,8.0,22.0,9.920147993429236,9.920197166099076,193.796,-6.222724495932864
202208,89.0,9.0,31.0,11.828349155603668,11.417174187896805,307.939,-6.2263945941048435
202301,138.0,5.0,44.0,13.255058670595114,12.12884056766691,538.682,-6.123224129359589
202307,105.0,10.0,21.0,13.305278091578991,12.713245606438047,862.895,-6.1429669698347835
202212,268.0,89.0,78.0,13.216521985313276,13.106892315319742,838.36,-2.7010878658506288
202306,39.0,6.0,10.0,13.302958444672582,12.906644693415409,3393.391,-6.213007689051315
202210,464.0,133.0,191.0,14.97943294502765,14.91148603997788,9940.728,49.30288235982703
202308,386.0,75.0,34.0,10.84754908135564,10.80220477079312,266.079,2.5846733376567634
202208,181.0,31.0,90.0,11.663653150173005,11.663661750954816,1008.627,-3.0338369711504742
202311,63.0,33.0,14.0,8.852521917335372,8.852664927703866,332.127,1.4868205168911732
202407,27.0,13.0,8.0,10.71032049749989,10.710342810710427,158.539,-6.2918148135823255
202404,52.0,18.0,14.0,11.977784634143852,11.97779091635984,200.799,-5.319485397273138
202309,88.0,23.0,37.0,11.464491237447831,11.292802347549516,677.63,-0.8128621200391963
202210,375.0,139.0,69.0,11.263104207069658,10.737787012851957,722.755,-1.1104901029334506
202306,105.0,15.0,51.0,12.919358181337088,12.27427787357412,1589.64,-5.319485397273138
202408,98.0,23.0,22.0,15.002850805008352,14.549550610532606,15927.881,-0.08600471023133949
202404,60.0,2.0,11.0,11.01913721078854,10.629029316531945,141.406,-6.250263197204988
202301,62.0,14.0,2.0,9.250330020192342,9.250426095515468,227.376,-6.271039005393656
202410,479.0,58.0,84.0,12.912715843757889,11.72339706518053,2452.677,17.448901187845138
202405,278.0,20.0,157.0,14.03644928042875,14.029870849133284,1918.553,13.469047419563752
202303,98.0,23.0,22.0,14.501569677465831,14.223706600341243,10377.176,-0.08600471023133949
202303,17.0,7.0,5.0,11.112358342124256,10.454033764497051,628.222,-6.163963505379513
202303,394.0,135.0,119.0,14.206264654473381,14.093452095054273,2675.053,3.5400494148997677
202403,318.0,72.0,103.0,15.154226033520516,13.397698539499071,3832.629,24.90548162687338
202208,252.0,83.0,49.0,12.456664034703515,12.34633011728428,1011.225,35.56444816749319
202311,195.0,1.0,3.0,10.387486538298399,10.138757283648179,66.595,-6.208711580827649
202303,72.0,24.0,5.0,11.164502097229262,11.076170907915058,241.22,-4.283230326862545
202208,1520.0,221.0,849.0,15.394343891523015,15.149481357311283,14888.574,-0.20718329967289417
202312,251.0,90.0,34.0,14.295391495595123,13.067786804214164,1453.366,-1.6575115969057244
202309,26.0,12.0,9.0,11.102668896125934,11.05581436870643,216.493,-6.2918148135823255
202402,60.0,15.0,19.0,11.097591822663459,11.069166414124382,297.495,-5.099390700889879
202211,302.0,103.0,50.0,10.588224465736102,10.367158673708655,582.044,2.1954191155017426
202303,15.0,1.0,6.0,12.03064725542406,11.393409678968665,789.802,-6.2918148135823255
202303,482.0,111.0,134.0,14.002178488908019,13.790918640303998,5129.384,63.36939774043032
202402,87.0,8.0,41.0,12.01082389140948,12.006517438790189,299.722,-6.186337543103582
202401,182.0,20.0,27.0,12.75689848624971,12.06019680128825,748.749,-6.222807062079268
202405,54.0,22.0,10.0,11.168842338867679,11.168856445727139,239.977,-6.237605966362469
202308,4.0,1.0,2.0,10.70340175915424,9.268986567408916,164.673,-6.2918148135823255
202307,300.0,47.0,59.0,11.712955955544956,11.478189082161368,614.688,-4.296617231916073
202403,11.0,1.0,0.0,7.958576903813898,7.95892649305011,0.535,-6.2918148135823255
202409,36.0,4.0,11.0,9.658801110545443,9.658864969544794,87.663,-6.2918148135823255
202409,46.0,9.0,9.0,10.474128058603277,10.441617010829464,147.017,-6.243500304121533
202310,61.0,7.0,5.0,8.990690709916228,8.990815266184685,45.945,-6.276933343152721
202212,268.0,93.0,54.0,12.05596461650085,11.979767852753296,569.846,4.653666403061202
202301,378.0,67.0,157.0,15.527129536960457,15.275218239308806,6850.69,-3.2279822331382464
202208,8.0,2.0,1.0,12.803592345951367,0.6931471805599453,2788.604,-6.2918148135823255
202310,110.0,22.0,22.0,12.467436409664082,12.207915945608256,878.633,-6.256157534964052
202211,431.0,7.0,31.0,10.349198489212819,10.247821660640062,162.56,-6.271039005393656
202212,54.0,13.0,20.0,12.086968112080088,12.086973744502565,299.701,-6.227668432124859
202312,6.0,0.0,1.0,11.36558487707152,0.6931471805599453,179.962,-6.2918148135823255
202312,170.0,48.0,68.0,12.778277429906005,12.645443083084661,1065.924,7.184917505250491
202402,45.0,5.0,14.0,14.724843943535154,14.119173257282453,2392.5,-4.313722941932763
202406,225.0,73.0,40.0,10.373959821952903,10.373991056823515,354.78,3.289179585144643
202211,367.0,74.0,70.0,12.079959384690417,12.05472636303554,464.923,8.973407295587013
202303,40.0,13.0,15.0,10.69394291556307,10.573263746772833,210.968,-6.2918148135823255
202303,142.0,30.0,65.0,12.457309848607068,12.318244411864429,382.065,-6.276933343152721
202310,67.0,7.0,20.0,14.10075040059911,13.316384559226366,2061.135,6.412393252538516
202312,258.0,52.0,96.0,13.912917628664514,13.829878838064266,2435.292,-5.1969984727612335
202405,154.0,61.0,19.0,11.361579182475595,11.361590816402451,364.154,6.4282251245351905
202211,379.0,68.0,156.0,14.769725393526079,14.643075425773603,4543.554,-3.2279822331382464
202211,294.0,20.0,8.0,11.07348983729091,10.38856450627934,170.067,-6.2918148135823255
202207,87.0,15.0,31.0,13.583742421607434,12.82140421991728,3780.894,13.685072430014456
202405,365.0,63.0,129.0,12.260986876407566,12.241874057993558,726.04,-3.771586642210416
202301,251.0,83.0,48.0,12.838320010161258,12.70109505368046,1112.668,35.56444816749319
202306,45.0,5.0,14.0,13.91186019734326,13.61159961857717,2206.587,-4.313722941932763
202210,285.0,89.0,102.0,13.273763420553834,12.858465537611092,1587.79,7.814416221925754
202208,46.0,25.0,8.0,12.285821463868624,10.640053353463594,750.297,-2.402497148345576
202311,161.0,13.0,35.0,11.766357649222137,11.605860098123845,424.638,0.5144911005819859
202210,101.0,9.0,27.0,12.492874330554647,11.308848976373245,593.662,-6.220500256345779
202210,82.0,15.0,32.0,11.9229800254122,11.922986661530603,513.817,-5.139428754081495
202303,84.0,19.0,38.0,12.652654104831417,12.613615593433304,315.56,-6.2918148135823255
202207,261.0,92.0,79.0,12.899914584689462,12.284181176196444,823.407,-5.112826964539315
202310,113.0,25.0,58.0,13.838349746708245,13.730260900961564,1863.404,-5.95730507264569
202410,57.0,7.0,27.0,10.538820221718257,10.506737377491612,189.953,-6.2918148135823255
202303,347.0,77.0,90.0,13.185572890802213,12.322730604080151,1007.065,3.6664555163224097
202310,60.0,2.0,11.0,10.08830598952867,9.97198696896082,150.29,-6.250263197204988
202312,205.0,81.0,50.0,12.081070489617058,11.860987423410721,653.709,6.5495342670106105
202405,1529.0,224.0,869.0,15.378223671892139,15.249817161703454,9870.686,-1.1795127159820815
202301,259.0,27.0,37.0,12.745237882026181,12.311823584962719,618.73,-4.2266590788459455
202306,100.0,9.0,10.0,10.955497282480218,10.86216705090207,126.162,-6.271039005393656
202212,301.0,100.0,75.0,14.174231307814303,14.102478125218,1656.71,-3.2603621615054794
202307,125.0,18.0,23.0,11.60802653200291,11.544637287604909,407.624,-1.3298686149428258
202306,575.0,220.0,204.0,14.839333924736284,14.746801423207092,6280.911,29.324729285806562
202208,540.0,178.0,89.0,12.724637246015982,12.3869932214085,1568.3,-2.8411015996828617
202406,9.0,1.0,1.0,11.25482808439249,10.16068464397519,674.819,-6.276933343152721
202207,102.0,24.0,39.0,10.817896514992265,10.817916552462334,429.131,-1.2682573747507027
202408,132.0,26.0,45.0,12.659711855064208,12.494895317251224,1445.115,25.483010597461444
202309,63.0,4.0,7.0,11.472592933976488,10.447641563750562,55.192,-6.186337543103582
202212,17.0,5.0,5.0,13.25671068707799,12.37971497993686,724.52,-4.347155980963951
202401,424.0,17.0,24.0,11.918490568078726,11.522162670322711,1082.774,6.568562294820367
202407,50.0,6.0,22.0,14.064447384210448,13.407151265742774,6524.194,1.740348252305619
202309,218.0,14.0,32.0,11.745551911173763,11.745559835637772,342.125,-6.250263197204988
202207,26.0,1.0,8.0,11.271897944557457,9.818746324081037,571.764,-6.276933343152721
202404,216.0,40.0,74.0,12.158210300803134,12.096949504511779,651.726,-6.2425499025544635
202403,178.0,11.0,7.0,9.943813424007693,9.9438614466744,88.694,-6.2918148135823255
202210,122.0,7.0,75.0,12.769518233268325,12.633521008173748,1042.938,-6.2918148135823255
202301,90.0,22.0,15.0,13.179333329041947,12.905825460767112,504.236,-2.3690641093143885
202301,211.0,27.0,82.0,15.971287482133716,14.557375995346476,9731.653,7.561667519318224
202210,129.0,4.0,14.0,12.052950603140648,11.990494156834767,492.053,-6.276933343152721
202406,161.0,49.0,30.0,13.774371846627876,12.734516158848702,1660.614,9.270863909721115
202309,437.0,31.0,18.0,5.342334251964811,5.3471075307174685,93.566,-4.263184192884886
202308,401.0,41.0,38.0,12.1922373780737,11.9397083917614,749.631,-6.2425499025544635
202404,3.0,0.0,0.0,12.949344813272507,12.949347191046032,1010.715,-6.100037851278107
202410,61.0,5.0,12.0,9.361171261678766,7.247792581767846,123.808,-6.2620518727231165
202210,143.0,62.0,68.0,11.278986350694813,11.27899898629055,898.791,-5.954397856235217
202407,29.0,4.0,11.0,13.462974181187326,13.189414364653938,1975.184,-4.029702591448098
202210,369.0,215.0,53.0,13.129118510034198,12.581281274743693,829.134,-2.73774490463188
202401,195.0,1.0,3.0,11.748440176939436,11.36240485512587,129.563,-6.208711580827649
202307,522.0,187.0,169.0,13.16582125493066,13.014820482087435,3735.209,22.66765500065197
202210,34.0,15.0,9.0,9.23883064237581,9.238927828828094,65.833,-6.194456120449732
202402,29.0,11.0,7.0,11.941038820955779,11.92785233575668,275.378,-3.0908062141700983
202306,768.0,74.0,174.0,12.6578072833588,12.657810465969018,733.103,-4.182696992575795
202403,161.0,61.0,32.0,12.13759571235273,12.064042382459714,301.24,-4.013870719451424
202210,42.0,4.0,30.0,12.085733846691634,11.65474615623205,651.772,-6.2918148135823255
202312,1.0,0.0,0.0,13.983398448760624,0.6931471805599453,16.014,-6.2918148135823255
202310,23.0,6.0,7.0,13.396507220184926,9.78357725586357,1974.563,-6.2918148135823255
202402,12.0,6.0,1.0,12.006584583814309,9.453992183921743,95.003,-5.319485397273138
202406,347.0,43.0,113.0,11.478447885353338,11.458944351103716,485.571,-2.1624388841310616
202408,120.0,25.0,46.0,14.68429198501832,14.066210908849355,12063.686,-5.083558828893205
202402,133.0,27.0,28.0,11.185448647974,11.185462522506603,177.462,-5.298709589084469
202301,249.0,80.0,43.0,11.884957876989992,11.825295271951703,384.707,-3.831843771579251
202303,42.0,8.0,22.0,12.920790497318212,11.7099960514461,624.868,-6.2918148135823255
202409,244.0,18.0,20.0,9.569063217532216,9.565073431677574,67.422,-6.250263197204988
202301,6.0,2.0,4.0,13.41205991944907,13.412061416429287,1612.463,-6.2918148135823255
202401,22.0,6.0,7.0,12.679065552430211,12.062248463420218,1454.897,-6.2918148135823255
202410,110.0,47.0,22.0,12.162392403442675,12.0880039440752,651.152,-4.347155980963951
202309,155.0,1.0,3.0,7.29505641646263,7.295735072749282,11.641,-6.234431325208313
202408,147.0,53.0,43.0,8.528330935826693,8.528528701079983,254.695,-2.8707115177868396
202210,199.0,0.0,0.0,10.529987323148188,8.81922185757494,220.68,-6.20711335129225
202301,114.0,4.0,13.0,10.409009134710212,10.409039293799411,133.336,-6.2918148135823255
202308,122.0,34.0,49.0,11.814399489690393,11.485143083957777,954.536,5.618697292288406
202303,524.0,36.0,133.0,14.893106202716147,13.835476897349094,8545.305,-2.090312086537102
202210,4.0,0.0,0.0,13.543292302002829,11.235840378931302,5655.616,-6.227889159480919
202405,144.0,31.0,67.0,12.399585512019348,12.254934235720135,374.214,-6.276933343152721
202407,402.0,149.0,68.0,11.839794596162834,11.371327337839173,1686.426,42.6982663940551
202310,8.0,2.0,1.0,12.622962244907667,0.6931471805599453,1724.121,-6.2918148135823255
202403,93.0,11.0,27.0,12.612244170733685,12.179528444807998,860.59,-5.319485397273138
202410,129.0,26.0,14.0,12.588026859210608,11.251729517754274,593.795,-4.123544209163944
202312,829.0,346.0,372.0,14.051898809712576,13.689083015994626,6677.699,1.9491852544417316
202406,130.0,38.0,45.0,12.323531184098627,11.965490420578295,785.781,-3.1212988292403168
202303,425.0,148.0,68.0,12.331351958206804,12.319035192388103,851.035,3.147520303791616
202406,41.0,6.0,27.0,12.946275152965834,12.89528459320809,1338.062,-5.2860523582419505
202303,171.0,35.0,68.0,14.626339880202087,13.42662524233593,5572.953,-2.053654744498136
202303,116.0,13.0,13.0,13.090059169984423,12.955472552140895,1347.822,-6.1380230336427894
202410,324.0,140.0,152.0,13.419151364884623,13.180702094412363,2949.555,-3.835750748152702
202403,541.0,177.0,91.0,13.882140640262037,13.659367728457214,1192.145,-2.8203257914941924
202303,84.0,14.0,17.0,13.795669009910691,13.132493890043586,2139.122,5.294931646016421
202408,49.0,2.0,3.0,15.130679149586571,13.135784904402021,10524.014,-2.402497148345576
202309,28.0,5.0,1.0,8.43663368355782,8.327000740241713,60.096,-6.250263197204988
202404,65.0,0.0,4.0,9.787739943991815,0.6931471805599453,368.179,-6.2918148135823255
202301,368.0,36.0,177.0,15.454327062228241,14.577440521277412,6255.344,-3.33916928603649
202309,45.0,22.0,13.0,12.412432129109794,12.290813530235205,458.06,-5.2860523582419505
202405,65.0,21.0,29.0,12.161551107797838,12.038901735861414,1365.474,-6.258381774551138
202212,55.0,16.0,2.0,10.487795953061923,10.487823827237893,225.784,2.492582972231549
202303,101.0,12.0,43.0,14.461860636885497,14.34749142324301,4307.334,10.568459045650885
202210,1180.0,553.0,164.0,11.516947366271442,11.453090531268042,2181.89,16.90342445832139
202212,191.0,53.0,100.0,12.01884507390179,11.961603307501212,730.15,-6.271039005393656
202406,102.0,12.0,43.0,14.209444099057373,14.113349623081517,5015.848,10.852479396135548
202303,841.0,344.0,139.0,9.248599084093273,9.248695325852646,1244.892,4.945783181653843
202404,60.0,15.0,19.0,10.908045539121915,10.875893932536771,259.481,-5.099390700889879
202404,105.0,15.0,49.0,13.814997426334754,12.696855753228974,1487.687,-5.319485397273138
202211,332.0,100.0,67.0,12.339444650453151,12.314433655200238,638.482,-1.0324952187598528
202310,58.0,7.0,3.0,10.108833664819757,10.108874382261078,32.846,-6.275982941585651
202403,41.0,11.0,10.0,12.73595061520164,12.512041491069095,1321.701,-5.260056291441973
202210,71.0,14.0,11.0,10.071456603105682,10.060534035475412,202.0,-6.2918148135823255
202410,33.0,5.0,5.0,12.437335148776134,8.67060073804555,436.749,-6.2918148135823255
202312,375.0,140.0,71.0,11.727262351196194,11.693729203794385,664.445,-1.1104901029334506
202403,142.0,9.0,31.0,13.660486997287347,13.522239563208268,2131.377,-4.313722941932763
202307,60.0,10.0,31.0,12.604325138485963,12.31776606594863,1067.64,-5.2860523582419505
202401,171.0,48.0,69.0,12.943174508615396,12.766716476277026,1260.528,7.184917505250491
202210,528.0,120.0,137.0,14.182142664416007,13.797897352134768,3809.563,54.1812757726037
202306,252.0,61.0,97.0,12.902519376581402,12.26146004760973,1402.955,13.08523394510152
202309,105.0,45.0,23.0,12.632787046427504,10.279592505337806,737.058,-5.255559743171732
202401,754.0,145.0,332.0,13.842787146285165,13.83195362668931,3056.633,-6.064380572659834
202403,116.0,2.0,3.0,7.965545573129992,7.9658927350845286,60.292,-6.256157534964052
202312,68.0,19.0,25.0,13.316735368520645,13.308864520877657,1301.328,-4.021680070085478
202212,264.0,117.0,70.0,14.703960506956115,13.794269556704066,1875.523,-1.9906254896580986
202208,181.0,25.0,37.0,12.940524903906846,12.861863174494072,1409.54,-3.9502639488928804
202306,110.0,22.0,33.0,12.553258712129686,12.553262245492583,553.366,-6.235381726775383
202301,248.0,43.0,73.0,12.273090902080957,12.260466129360506,407.893,-6.251075437562401
202311,2.0,0.0,0.0,12.472463408147584,12.472467238838698,680.644,-6.163963505379513
202303,264.0,20.0,57.0,12.198403311225267,12.19840834970667,729.919,-6.250263197204988
202306,97.0,9.0,52.0,12.234081703849384,11.790595079639003,561.208,-6.2918148135823255
202409,195.0,38.0,16.0,10.11880052473515,9.269834943761822,201.209,-5.194780886287503
202311,217.0,46.0,87.0,15.19992866001044,13.308743354325784,4752.743,-5.2070245063548795
202402,406.0,33.0,172.0,14.698558831257994,14.64613620618909,3927.431,-6.165341007558852
202311,62.0,15.0,23.0,11.606096995858023,11.606106106188683,248.321,-6.22494873551995
202401,71.0,14.0,11.0,10.904578886102748,10.843436215560919,236.256,-6.2918148135823255
202402,78.0,18.0,42.0,13.756341064434972,13.756342125389459,705.505,-6.163963505379513
202404,67.0,5.0,16.0,14.14944099552092,13.745339135115561,2007.445,13.636451673312243
202404,772.0,74.0,193.0,13.058750294583259,13.058752425940964,657.33,-4.182696992575795
202212,202.0,23.0,50.0,13.401823744069363,13.277103026612208,713.651,25.362498833797865
202311,62.0,9.0,23.0,12.875638970269105,12.620817892966627,959.072,-5.2809702608402995
202408,100.0,22.0,21.0,11.612109948141326,11.270089280310282,587.282,-6.227889159480919
202410,73.0,2.0,4.0,7.687538766201629,0.6931471805599453,332.286,-4.3420738835623
202312,17.0,3.0,7.0,11.704437988465768,11.70444624552452,220.648,-6.213007689051315
202211,560.0,127.0,96.0,12.373927563287054,12.306053717893487,631.612,3.0632083747930885
202210,87.0,26.0,8.0,7.718685495198466,7.719129840906732,93.17,1.0334876178795147
202312,52.0,18.0,14.0,12.259020819848269,12.259025561982847,225.521,-5.319485397273138
202409,93.0,13.0,21.0,10.49327222010092,10.448656630324574,258.7,-6.2918148135823255
202210,62.0,17.0,34.0,12.802306862513845,12.399338263685985,1584.138,-6.22494873551995
202207,241.0,21.0,48.0,12.834019752841863,12.196082913900804,1497.283,-5.319485397273138
202306,167.0,41.0,44.0,5.4680601411351315,5.472270673671475,329.556,-4.2193046727611385
202403,64.0,18.0,29.0,12.756748591896121,12.695649096256991,1289.693,-6.1783150217409615
202207,113.0,27.0,56.0,13.70873125853079,13.570907131877568,2558.627,-5.95730507264569
202410,21.0,4.0,15.0,11.73316881476274,11.71133360277812,157.387,-6.2918148135823255
202303,483.0,36.0,180.0,14.267564679326942,13.628332427082674,2230.815,-6.2918148135823255
202405,321.0,59.0,103.0,13.501786996931136,13.337479595719245,1772.042,32.916404758408206
202307,79.0,7.0,18.0,14.009558919552047,14.006658051340777,1043.85,-6.00779446309766
202212,50.0,18.0,19.0,15.492768601160325,15.082178685782193,5798.155,-3.1042424778195348
202210,176.0,21.0,25.0,12.654686638847439,12.436521448399208,1331.64,-6.227889159480919
202207,102.0,10.0,19.0,13.293905376298046,12.558660749704238,860.539,-6.1429669698347835
202311,356.0,49.0,37.0,14.433483659819268,14.368071231288875,2314.249,-6.057721343735703
202212,179.0,18.0,26.0,12.875198613060611,11.778791284141112,626.852,-6.222807062079268
202311,106.0,36.0,46.0,11.452102698524444,11.452113325573471,614.791,-5.099390700889879
202407,450.0,230.0,83.0,11.923099468806127,11.854349705868339,1941.018,18.526015812212542
202410,368.0,147.0,97.0,12.201125428206105,11.923497510446538,2833.237,25.249764053694385
202208,20.0,4.0,9.0,12.331731253956182,11.88239717985455,511.194,-5.304603926843534
202405,188.0,0.0,7.0,10.008072767726203,9.89500164888583,50.961,-6.2918148135823255
202210,259.0,67.0,96.0,12.374836037725277,12.27960652435242,859.059,-6.121565151594428
202312,38.0,2.0,15.0,10.126551100650167,10.126591103050316,169.209,-6.163963505379513
202207,30.0,0.0,2.0,14.063176561050861,12.486888700739614,3382.332,-3.3748265646547635
202301,216.0,28.0,77.0,13.801172254022992,13.464843246296608,1249.452,-5.319485397273138
202311,179.0,27.0,39.0,11.821703445716743,11.652930855970235,251.495,-3.3242878156068856
202403,7.0,1.0,1.0,12.33045165760449,10.93969238107562,1061.956,-6.2918148135823255
202212,191.0,40.0,68.0,15.126776908440183,14.999119723656595,2067.254,14.447316714226227
202311,210.0,23.0,75.0,14.404770026647142,13.532695290050208,1742.77,-0.17381796524253623
202207,127.0,26.0,51.0,12.11481225425113,12.105528291303413,666.393,-6.174409986472073
202408,213.0,44.0,129.0,12.563841490940467,12.504646437273118,1374.16,-5.255559743171732
202404,365.0,74.0,70.0,11.98082062295186,11.980826886124094,500.69,8.973407295587013
202301,109.0,16.0,25.0,14.215515452869735,13.53882117720922,1932.191,11.274040334084452
202404,101.0,13.0,32.0,13.705981365434228,13.66913474206681,1023.903,20.62136351591551
202404,203.0,18.0,46.0,14.676718085965904,11.957438194329058,1901.39,-4.283230326862545
202310,96.0,17.0,27.0,14.25336734513059,11.95553862693611,9273.221,-6.2918148135823255
202310,32.0,12.0,9.0,8.101677747454572,8.101980731853192,72.356,-6.0717201171990665
202401,33.0,8.0,14.0,12.838760971783492,12.66184739773386,430.245,-4.3263801727752815
202309,64.0,4.0,15.0,11.036823277262624,10.789937442399262,210.121,-6.227889159480919
202301,233.0,123.0,16.0,11.968437090562528,11.95907815856616,377.927,-1.332809038903795
202309,9.0,1.0,4.0,11.613422171461853,11.613431215301867,716.832,-6.212057287484245
202406,122.0,10.0,13.0,12.09088062529239,11.959858758772153,473.97,-6.2918148135823255
202303,99.0,32.0,42.0,11.340867061382555,11.158448104574983,732.692,3.5751625297090346
202410,69.0,0.0,4.0,7.765993079407675,5.0369526024136295,6.785,-6.2918148135823255
202306,47.0,11.0,16.0,12.40655741461818,11.86256773754478,751.636,-6.178624248453057
202306,30.0,1.0,10.0,11.628171952974615,11.241300451833114,289.817,-6.276933343152721
202311,581.0,98.0,88.0,12.63420555345055,12.436243447777874,792.005,14.038393289406473
202406,22.0,0.0,0.0,13.588436793470368,10.151245664614256,22415.755,-5.319485397273138
202404,152.0,33.0,33.0,13.150770059900049,12.550034621044288,741.389,-6.256157534964052
202208,10.0,4.0,3.0,12.437061343053472,12.002247535685651,1788.23,-6.2918148135823255
202301,23.0,6.0,7.0,14.857296730516607,10.095181715576748,2258.109,-6.2918148135823255
202407,167.0,34.0,26.0,12.875651768450739,12.707756611378882,1036.017,-6.064380572659834
202401,17.0,5.0,5.0,13.281266176576713,12.350549541975772,873.486,-4.347155980963951
202408,67.0,6.0,40.0,13.469333178428874,13.300827503870979,7917.667,-2.2077797620803885
202307,162.0,41.0,41.0,12.00849327809722,11.91821055687645,1204.529,-6.2620518727231165
202312,95.0,34.0,20.0,13.17611265339852,12.071140271990023,251.889,-4.02752771045692
202212,6.0,1.0,0.0,15.18269498182284,15.04035365472319,8314.971,-6.163963505379513
202403,256.0,29.0,98.0,14.705251543842845,13.810059729152245,2520.783,-4.274891022160334
202405,104.0,26.0,21.0,13.38534437472993,12.993952566481118,1295.355,12.182444096292235
202406,98.0,2.0,16.0,11.35943623300476,11.359447891889122,204.006,-6.270900844183999
202401,125.0,16.0,88.0,12.454154632876234,12.454158534348453,405.26,-6.256157534964052
202303,18.0,6.0,3.0,13.008580829117104,12.747748470332931,933.827,-1.4301677320363888
202406,685.0,215.0,212.0,14.443187049720002,14.16802767008766,4543.585,12.676842336278606
202303,2.0,0.0,0.0,13.60239282970313,13.49792032892049,770.96,-6.2867327161806745
202401,52.0,10.0,30.0,12.692100326158725,12.665498653467216,551.241,-5.319485397273138
202407,48.0,11.0,17.0,12.9055199386386,12.58611395713148,912.672,-6.178624248453057
202207,87.0,15.0,21.0,11.991795917494668,11.512805457769652,1043.931,0.6118497937145797
202301,310.0,48.0,113.0,13.508941918504936,13.194068035339173,1704.208,10.808906123253221
202210,49.0,23.0,21.0,13.424825189428345,13.382856661910653,2341.814,-6.22494873551995
202310,42.0,28.0,8.0,12.318114789311712,12.23924142879665,1189.685,-6.227889159480919
202312,14.0,5.0,3.0,11.958873310057315,11.58765253115997,826.538,-6.163963505379513
202402,122.0,8.0,74.0,13.311627445764858,13.166089311407937,1229.255,-6.2918148135823255
202212,108.0,13.0,22.0,12.675132079163491,12.652055701941226,512.538,9.329381501466077
202312,418.0,69.0,153.0,13.55913462758017,13.322652545548733,1692.811,-5.214820367151807
202310,216.0,58.0,62.0,11.478437534511555,11.359028086392833,762.824,-5.047950908870839
202408,14.0,9.0,0.0,10.600402625664993,0.6931471805599453,4227.508,-6.2918148135823255
202210,410.0,157.0,65.0,11.7797030533045,11.283864439891982,1537.473,44.105703105729155
202407,131.0,24.0,15.0,10.334165463115696,10.33419796600033,230.306,-6.250263197204988
202308,230.0,23.0,19.0,7.665284718471351,7.665753431861699,133.062,-6.241276064534448
202210,549.0,86.0,160.0,14.492421135399194,14.24755268092289,4200.553,-3.197489618068028
202301,42.0,6.0,6.0,13.315255534690664,12.578656371068327,325.82,1.4868205168911732
202303,39.0,4.0,20.0,13.654666695346549,13.43613854472784,2147.305,-5.094275395937732
202303,102.0,14.0,32.0,13.284721994052685,13.24372400583714,910.099,21.373598235841435
202306,419.0,12.0,38.0,10.362114208758525,10.353160915308612,856.819,3.9823106763028644
202308,55.0,1.0,29.0,10.381025229435943,10.359804190801727,533.693,2.695076501580294
202301,898.0,361.0,147.0,11.744878102105751,11.418065183946268,2270.682,56.24591504310905
202306,584.0,122.0,170.0,13.205041378869685,12.689307109975003,2157.192,6.864439025423993
202406,123.0,26.0,28.0,11.540326601318167,11.125260981487571,221.933,0.061158201570327364
202405,34.0,3.0,10.0,11.244444531767412,11.182057495068847,192.377,-6.2918148135823255
202301,70.0,18.0,44.0,13.089833987332451,12.82527453301113,1856.347,-6.2918148135823255
202405,114.0,13.0,14.0,9.071423072789514,9.071537969095724,239.26,7.320797014746297
202303,132.0,26.0,28.0,10.829253254772802,10.829273065972073,109.851,-5.298709589084469
202307,15.0,9.0,0.0,14.410503417983346,0.6931471805599453,3190.645,-6.227889159480919
202405,165.0,32.0,18.0,12.734218405996108,12.696849631741943,917.403,0.6772700131920617
202404,195.0,23.0,63.0,13.226676544784377,12.966249772299179,1560.224,-6.088978849970988
202301,192.0,54.0,66.0,12.319343293438754,11.982704068899666,1060.224,-2.4380640509106932
202301,215.0,19.0,65.0,14.321747871515806,12.686348336046514,1531.314,-0.5778139231780983
202306,348.0,42.0,111.0,11.62476196609539,11.517893105785738,542.64,-2.1624388841310616
202311,293.0,44.0,65.0,11.921837957348302,11.921844601049907,392.593,-6.2918148135823255
202211,61.0,8.0,17.0,12.30062344617002,12.287532809675923,251.845,16.169120454661574
202210,107.0,10.0,15.0,9.413689295962213,9.413770891980372,414.227,-4.682144187396456
202306,42.0,6.0,6.0,11.550779860521198,10.991763269102854,248.797,1.4868205168911732
202306,122.0,10.0,13.0,11.730010701700474,11.553952238521827,497.78,-6.2918148135823255
202308,22.0,0.0,2.0,7.806696372521179,4.110873864173311,7.472,-6.2918148135823255
202306,76.0,19.0,23.0,13.51347800819803,12.832136736950249,2315.812,-5.142369178042463
202410,19.0,5.0,2.0,8.714567550836485,8.566364235422688,11.728,-6.256157534964052
202402,52.0,23.0,17.0,12.599039980808358,12.599043356056649,378.527,-0.017648922960683322
202207,173.0,17.0,32.0,13.00367893560347,12.330981344351311,2608.928,-3.2269291224742918
202407,12.0,4.0,6.0,11.410704460330631,11.272902758846767,433.617,-6.2918148135823255
202211,137.0,54.0,31.0,13.457875152930416,12.855166052492985,1157.474,-2.2509296079931254
202210,113.0,7.0,16.0,12.394794509921814,12.394798649997123,1040.133,-6.227889159480919
202303,66.0,3.0,16.0,13.407650584453837,13.098486581944648,1642.777,13.636451673312243
202210,14.0,5.0,2.0,11.054897836295,10.526668173442902,367.386,-3.296019440123753
202210,192.0,65.0,38.0,8.618485442898109,8.449128460502108,583.715,-5.185519023955201
202307,140.0,44.0,61.0,13.246434159243234,12.579720235751445,1809.839,-4.871956459967388
202405,186.0,27.0,52.0,13.790019401622693,13.350548598117872,1253.223,13.692321598500532
202407,24.0,8.0,3.0,12.83720611493566,12.837208774874453,101.195,-6.227889159480919
202306,200.0,87.0,30.0,8.192016914536875,8.19229373114764,255.992,-5.265276550053281
202211,8.0,1.0,2.0,13.63371406330107,12.848965465508103,3304.713,-6.227889159480919
202311,105.0,10.0,21.0,12.989997020148188,12.263109663113006,714.243,-6.1429669698347835
202409,62.0,4.0,7.0,9.98594273247232,0.6931471805599453,68.58,-6.2867327161806745
202207,295.0,43.0,68.0,11.601146942825716,11.601156098364587,599.315,-6.2918148135823255
202303,68.0,11.0,22.0,13.560107210005045,12.69540084664533,2675.24,-5.138237482207883
202303,3.0,1.0,1.0,11.692961077650349,11.599873506620884,488.952,-6.2918148135823255
202404,25.0,5.0,7.0,11.794277545227137,11.759199433673292,407.512,-6.227889159480919
202406,37.0,6.0,12.0,11.840010926196776,9.158520623246385,509.109,-6.2425499025544635
202406,145.0,31.0,68.0,12.400861988787856,12.080611458165345,464.039,-6.276933343152721
202310,170.0,14.0,69.0,13.172725638514873,12.960566540076416,2147.469,12.740767990380013
202312,117.0,35.0,25.0,13.629191823087485,13.4491805824244,938.215,-5.255559743171732
202309,765.0,398.0,77.0,11.42656115131723,11.425546747792179,1198.556,4.419927715289331
202309,320.0,37.0,15.0,11.239422393691717,10.376424375759305,255.768,-6.271039005393656
202303,59.0,4.0,12.0,14.78885172007058,12.294230032266379,7270.881,-5.319485397273138
202308,81.0,2.0,1.0,11.593952303612602,7.203405521083095,217.293,-6.2918148135823255
202408,583.0,121.0,172.0,12.812580198175057,12.366719323458275,2996.913,6.864439025423993
202405,33.0,15.0,14.0,13.296091449080134,13.191710319534204,1599.925,-6.00779446309766
202301,214.0,73.0,21.0,11.752241533283991,11.564074748988784,713.523,-3.1131802518941663
202208,126.0,28.0,58.0,12.856648907259602,12.668220498810326,1384.642,-6.2867327161806745
202407,93.0,8.0,46.0,11.73230995987648,11.732317989973282,533.309,-5.567605070331143
202303,60.0,2.0,11.0,11.390260532222237,10.933856688607833,199.567,-6.250263197204988
202401,195.0,47.0,74.0,13.335619811867323,12.795349865669355,1416.427,-1.1291443806319181
202312,32.0,5.0,2.0,14.208448865636866,13.640740417323155,11751.761,-4.155379018659732
202312,106.0,36.0,46.0,11.781248861564805,11.781256508140094,704.043,-5.099390700889879
202212,70.0,27.0,18.0,13.418479284875861,10.865630804592373,494.225,-6.256157534964052
202210,82.0,14.0,33.0,13.641613019285748,13.48621173080957,3110.42,2.9364608091749673
202207,174.0,66.0,89.0,13.670315985540867,13.646889518996469,2695.882,3.748932739025399
202301,584.0,121.0,171.0,14.249574136793079,13.485133905464508,2832.264,6.864439025423993
202311,284.0,101.0,26.0,11.770161216452207,11.707562540153498,241.823,-3.2935744731806067
202308,18.0,2.0,1.0,9.987047145635058,4.454347296253507,207.346,-6.2918148135823255
202407,105.0,14.0,52.0,13.009828297109548,12.873301838033797,2158.568,-5.718692015211344
202208,379.0,68.0,155.0,15.130180821097781,14.965528001429991,6809.296,-3.2279822331382464
202401,202.0,7.0,35.0,12.906456081129736,12.773370280949356,183.996,-6.256157534964052
202210,139.0,53.0,62.0,14.232945079318407,14.139319379502611,3670.417,-6.149082034949909
202210,7.0,1.0,0.0,13.071648862859828,9.427465850964829,1408.307,-6.227889159480919
202409,64.0,2.0,4.0,9.829948649201258,9.534378481388618,53.086,-3.3540507564660946
202404,486.0,36.0,184.0,14.250980970558766,13.666654337718015,2218.332,-6.2918148135823255
202404,173.0,37.0,46.0,12.500338000546112,12.500341725932948,529.177,4.493918290465253
202306,447.0,217.0,62.0,10.065733944899032,10.065776455579847,1019.399,19.492656677780566
202406,32.0,7.0,6.0,9.572828387229206,9.57289797907307,111.005,-4.134603210471063
202308,238.0,13.0,12.0,10.349390581417667,10.332408736680634,214.724,-6.1871497834609945
202404,150.0,62.0,27.0,11.765286012544157,11.765293782159523,400.492,-3.9888806492817697
202211,489.0,138.0,87.0,11.670416274633675,10.453197294352085,1129.892,3.159282693807498
202211,7.0,1.0,3.0,13.556108800935027,13.146974035417003,2222.369,-6.227889159480919
202212,49.0,7.0,21.0,13.964615673168614,13.743260243910203,5098.454,1.740348252305619
202303,481.0,105.0,37.0,13.220221218253442,13.073950142188252,948.099,-6.2127869616952545
202303,701.0,387.0,116.0,14.552026088328377,14.26049313006263,4289.867,43.175014108411055
202309,536.0,290.0,154.0,14.300238377320145,13.878331354657563,4330.947,5.720077667240616
202312,96.0,21.0,24.0,12.942578600262344,12.942580994178924,950.832,-6.115648995918721
202404,163.0,62.0,39.0,11.667713084765294,11.534579318865058,415.966,-4.2482208762126
202408,161.0,49.0,30.0,13.445678002484815,12.452674877722345,2586.636,9.270863909721115
202404,18.0,6.0,3.0,12.682496247578655,12.472126249852403,819.929,-1.4301677320363888
202211,35.0,0.0,8.0,13.593250366372954,12.06879710948329,903.129,-0.3888305642241443
202410,47.0,7.0,3.0,10.110217128582082,8.855663430700124,74.782,-6.2918148135823255
202403,22.0,7.0,11.0,11.884061343754766,11.768528461958264,201.888,-3.3748265646547635
202303,216.0,41.0,82.0,13.684098061749514,13.516557202586167,1529.549,4.864773966773923
202210,27.0,0.0,0.0,13.911884716996445,0.6931471805599453,9880.055,-6.2918148135823255
202312,230.0,75.0,83.0,13.274272117390089,13.176601531433189,1027.865,-0.9125260454658726
202409,99.0,1.0,2.0,12.352935404286718,7.322510433997394,796.499,-6.250263197204988
202303,132.0,13.0,46.0,13.344485607347378,12.676369981639825,1085.039,5.476437299221486
202301,102.0,2.0,2.0,12.473435932499054,12.365641477767022,609.955,-6.2918148135823255
202303,280.0,42.0,155.0,13.682478469238239,13.594419898025885,1102.63,-5.252164374661515
202210,30.0,0.0,2.0,14.061892396557596,12.410803722837214,2456.038,-3.3748265646547635
202212,335.0,103.0,71.0,12.258707789235114,12.150438363728325,580.549,2.891360483269791
202303,23.0,7.0,11.0,14.099314871618313,14.079075639623664,1902.816,-6.173680312261062
202309,1.0,0.0,0.0,11.077686481493952,0.6931471805599453,0.0,-6.2918148135823255
202309,63.0,5.0,5.0,10.930943917720436,10.7975940232744,175.785,-6.173680312261062
202309,31.0,6.0,8.0,12.227369254319255,12.187185399145022,1637.746,4.035893513471036
202409,143.0,7.0,2.0,10.67257673667123,7.675546002537848,250.165,-6.271039005393656
202303,66.0,15.0,21.0,13.759174041568185,12.555958092911604,1956.973,-4.177849112367331
202307,28.0,1.0,7.0,15.365646136473853,15.213282054075501,9138.347,-4.075621492561652
202306,249.0,80.0,43.0,10.479538961219825,10.432732494325869,254.064,-3.831843771579251
202303,94.0,17.0,14.0,11.112179205562004,11.058795184880783,420.178,-6.2918148135823255
202211,20.0,9.0,1.0,13.197875220812358,12.518921608328752,1581.699,-5.122626337567269
202405,113.0,9.0,13.0,11.268226250690303,10.777830656602518,259.597,-6.250263197204988
202409,139.0,9.0,55.0,13.012662344203637,12.487522840105436,1396.746,-6.265956907992005
202307,178.0,20.0,62.0,13.567750234933701,12.844549784271152,2412.799,-3.256692063333501
202406,79.0,21.0,27.0,12.516351232854587,11.111118657114291,703.568,-2.3817213401569073
202303,4.0,0.0,0.0,12.376688456631483,12.376692672349787,621.898,-6.036112197176701
202303,40.0,26.0,8.0,12.635098018047351,12.570760896988244,1008.313,-6.227889159480919
202301,66.0,7.0,19.0,14.279714275190384,13.892560484038908,9928.415,-5.1708582808816566
202409,5.0,0.0,2.0,12.656871156435695,9.393078508655353,3218.149,-6.2918148135823255
202208,91.0,31.0,6.0,10.868358902817011,10.817355351477529,391.062,-3.3109009105533573
202310,27.0,17.0,7.0,10.355581761238296,10.355613575443341,107.597,-4.347155980963951
202404,171.0,8.0,42.0,11.19485291119438,11.19486665585973,215.375,-6.2918148135823255
202210,44.0,11.0,21.0,12.273072198343483,12.273076874310648,2768.711,-5.0637827808675135
202403,258.0,87.0,78.0,14.768636467555604,14.610665891287463,2877.311,38.04721526815865
202405,200.0,0.0,0.0,10.52465526330391,8.682029433869172,182.815,-6.20711335129225
202301,29.0,11.0,13.0,12.610707408997623,12.610710745094357,1195.991,-6.20711335129225
202303,409.0,116.0,63.0,10.993748398115178,10.956300200957314,545.364,2.034891970098874
202210,311.0,76.0,121.0,13.758340026403847,13.605325185626867,2660.924,46.90986567628593
202211,22.0,6.0,7.0,12.444534273755334,11.733305200461707,961.882,-6.2918148135823255
202207,97.0,17.0,15.0,10.59267691124173,10.58042912874914,557.386,-6.2918148135823255
202410,7.0,2.0,1.0,12.291309532376346,12.068183198940034,582.38,-6.22494873551995
202310,41.0,1.0,6.0,14.232702635589858,11.140556584351254,3468.342,-5.319485397273138
202404,68.0,3.0,15.0,12.813664661036311,11.806907649970489,635.384,-4.3313241089672765
202301,1.0,0.0,0.0,14.224458261457903,0.6931471805599453,18.819,-6.2918148135823255
202210,27.0,17.0,5.0,8.946374826141717,8.75904072752422,97.466,-5.787699766714401
202406,108.0,12.0,9.0,9.515395652485308,8.93971205409023,288.309,-3.3646623698514615
202207,126.0,27.0,59.0,12.961793136214865,12.758957258423028,1293.935,-6.2867327161806745
202306,96.0,9.0,28.0,11.919643121645151,11.576529174307367,1226.333,-1.4301677320363888
202402,27.0,17.0,5.0,10.560255977752359,10.399493911403768,125.817,-5.787699766714401
202210,325.0,35.0,96.0,12.829984961039372,12.315491913298715,1379.919,1.7233822769379934
202405,173.0,17.0,33.0,12.910397126680245,12.578056803152746,2215.018,-3.290854776575698
202310,646.0,107.0,148.0,13.49169271569125,13.442349025447816,1581.051,-4.284828556397944
202310,302.0,142.0,76.0,11.873462939723257,11.758871062391883,557.04,-3.2144555934356545
202409,80.0,21.0,16.0,11.17580101570458,11.008711270791892,497.973,-6.213007689051315
202303,130.0,21.0,42.0,14.558662878597135,14.048540279657571,4817.865,9.46017323362986
202211,95.0,34.0,20.0,12.5976720677767,11.58330004812049,241.952,-4.02752771045692
202407,167.0,41.0,44.0,5.5093883366279774,5.5134287461649825,355.773,-4.2193046727611385
202306,88.0,34.0,31.0,12.7693389052356,12.637176260193344,913.417,-3.341393525623576
202405,136.0,47.0,27.0,12.407068742588937,11.898793124731572,638.524,-3.296019440123753
202212,195.0,59.0,38.0,13.636851486077001,13.34377422846007,1092.815,26.201830624361108
202312,572.0,153.0,102.0,13.43938918042771,13.422435376730924,830.733,3.708390266157201
202311,139.0,51.0,65.0,14.37423909526638,14.270035000361549,3751.74,-6.149082034949909
202410,5.0,4.0,0.0,9.16837188715368,8.118505067587098,202.551,-6.2918148135823255
202210,88.0,32.0,19.0,9.46187699779161,9.461954755266087,329.74,1.8350592788815394
202311,301.0,103.0,50.0,10.571983369654944,10.14980060587698,575.769,2.1954191155017426
202308,40.0,11.0,9.0,11.204142322610393,11.136951195629095,325.141,-5.298709589084469
202401,106.0,36.0,46.0,11.862454940748089,11.862461990920643,818.183,-5.099390700889879
202303,461.0,58.0,158.0,14.149977929042121,14.07016905527512,2228.288,-6.2867327161806745
202303,177.0,10.0,7.0,9.850244991140409,9.85029772402201,88.422,-6.2918148135823255
202307,101.0,12.0,43.0,14.230606473936378,14.08192430450826,6272.326,10.568459045650885
202402,13.0,5.0,0.0,12.55638086482189,11.70560980879973,922.023,-6.258381774551138
202405,258.0,37.0,34.0,12.780661489965985,12.744129121244418,1472.851,0.17982885910427182
202208,204.0,48.0,39.0,12.536695665933877,11.737843441061226,1042.559,11.497075454428684
202309,22.0,3.0,5.0,14.53761781787766,13.776180158795702,10379.417,-6.227889159480919
202301,173.0,17.0,32.0,13.741502273149298,13.249330774066205,3103.213,-3.2269291224742918
202311,323.0,46.0,75.0,11.52683823202353,11.379725446006818,1260.67,-6.194456120449732
202402,182.0,25.0,38.0,13.715305618344555,13.359278858841245,1130.938,-3.9502639488928804
202210,103.0,16.0,30.0,12.501350794603583,12.492919369175272,505.802,-4.211915769625998
202306,20.0,1.0,10.0,14.029005308960414,13.876134238603795,4010.398,-5.999738734184544
202403,62.0,17.0,34.0,13.345130858012814,12.78931287995081,1719.942,-6.22494873551995
202405,116.0,24.0,29.0,12.963932550803365,12.855427278007843,1046.069,-6.258381774551138
202408,289.0,51.0,149.0,13.497640031748695,13.4175953772923,3685.349,-5.304603926843534
202307,526.0,336.0,79.0,12.694502342303187,12.597029685395105,1100.013,-1.834163689971951
202207,1098.0,201.0,162.0,13.54638065811336,13.400987046117667,4364.972,95.85273304677688
202307,434.0,236.0,97.0,11.442384967957022,11.33761924307018,1163.417,-3.303245858364916
202407,220.0,30.0,79.0,12.757987428124856,12.75727312386425,1269.173,-5.319485397273138
202303,166.0,7.0,2.0,11.155793273652701,7.022868086082641,1079.21,-6.2918148135823255
202301,79.0,21.0,27.0,14.026194408588733,12.147054857065301,860.313,-2.3817213401569073
202402,561.0,68.0,97.0,13.082228646664209,12.978970952796518,2808.432,-5.007106295252184
202410,141.0,28.0,15.0,12.265628461082512,11.166808870681278,491.588,-6.221240387862371
202301,72.0,15.0,20.0,12.311715621292388,11.899914265830787,566.387,-6.222586334723208
202301,191.0,53.0,100.0,12.186017886451447,12.120656359342902,952.584,-6.271039005393656
202410,19.0,2.0,4.0,13.316516333017079,12.37428260037948,4767.481,-6.2918148135823255
202303,130.0,21.0,42.0,14.866808293213705,14.189641849424492,4803.819,9.46017323362986
202405,140.0,43.0,62.0,13.53750551169461,12.626626674476258,1352.627,-4.871956459967388
202312,230.0,112.0,39.0,13.66263556410356,13.47128776321478,1283.425,4.736143625764191
202207,309.0,17.0,32.0,13.484845825100619,13.389261961673132,3063.187,-2.4705601782119366
202312,109.0,36.0,23.0,11.717350920671109,11.717359071792908,236.18,-6.20711335129225
202308,101.0,33.0,21.0,9.926911067479717,9.92695990872127,264.193,-5.9104357699650665
202408,144.0,18.0,62.0,13.636266660315082,11.499789565577087,3015.301,-2.3817213401569073
202403,49.0,6.0,22.0,14.020028932515277,13.414674718239771,1880.954,-6.179574650020127
202310,198.0,48.0,40.0,13.56413212763528,13.12867342710035,1191.364,-5.271170887812346
202407,188.0,18.0,49.0,12.326829034165955,12.313118240643815,834.346,-6.256157534964052
202408,144.0,12.0,17.0,11.71085786927833,10.835553203525645,339.615,-6.2918148135823255
202210,233.0,123.0,16.0,10.806611987878524,10.804705254912761,253.203,-1.332809038903795
202208,16.0,0.0,1.0,11.543852263117381,0.6931471805599453,2118.384,-6.227889159480919
202310,108.0,16.0,41.0,13.978483634321751,13.198411038572983,1886.214,-6.271039005393656
202208,530.0,190.0,94.0,12.199531297486752,12.13637952892883,1167.133,13.453410942262527
202407,104.0,15.0,49.0,12.915612233425788,12.187903583239846,1910.797,-5.319485397273138
202301,106.0,24.0,24.0,14.463930210660905,13.416667475764985,1609.724,12.264191644784214
202303,115.0,3.0,2.0,11.107630342413701,11.107645339751674,81.575,-6.271039005393656
202307,92.0,15.0,26.0,11.058795184880783,10.806976692573075,449.575,-6.152904504072394
202207,49.0,20.0,11.0,12.326257239579766,12.316374432971894,982.361,-6.148131633382839
202403,191.0,44.0,56.0,13.146021308554964,13.044449402370883,792.401,4.14597228587918
202211,103.0,14.0,44.0,12.595791089790458,12.412696494847093,1148.392,14.199091803569493
202406,347.0,79.0,91.0,12.834897281627907,12.116946306311094,1070.046,3.6664555163224097
202303,189.0,1.0,0.0,8.589327789175437,7.3901814282264295,1.588,-6.250263197204988
202306,56.0,1.0,1.0,10.494989529333873,10.495017203717081,1865.837,-5.780409580771076
202310,278.0,6.0,26.0,13.051069288718393,12.369100945276895,917.926,-6.227889159480919
202303,391.0,72.0,144.0,14.953677798793379,14.69088220727195,3557.237,16.171416803089485
202303,254.0,57.0,29.0,12.776376822862492,12.70997938895037,515.366,26.84236999633857
202408,230.0,14.0,92.0,11.841559923440924,11.780491561037131,1075.882,7.807344037147072
202407,85.0,24.0,20.0,12.819115449848448,12.790963454820266,1477.829,-5.943868808996254
202312,911.0,308.0,120.0,13.65726718113318,13.64472105074367,2222.736,16.058980325051195
202210,498.0,13.0,18.0,12.289360850107172,11.944084310392396,831.63,-5.099390700889879
202210,23.0,6.0,7.0,13.335944554600424,9.83745458193169,1928.545,-6.2918148135823255
202404,371.0,124.0,145.0,13.203133820214404,12.942090121409272,928.814,8.014514142927261
202406,5.0,1.0,0.0,14.134927461446985,14.134928188019297,3536.134,-6.100037851278107
202306,221.0,6.0,11.0,14.117061511337589,11.899323275361139,2045.619,-4.211282151398518
202210,57.0,4.0,4.0,9.17626639164243,9.010302809376448,77.315,-6.2918148135823255
202312,202.0,7.0,35.0,12.56964574240989,12.445054112302042,168.569,-6.256157534964052
202301,171.0,30.0,51.0,13.620558369518035,13.481093208615318,1131.581,-3.3540507564660946
202303,50.0,8.0,31.0,12.301864527479207,12.121320532662107,509.41,-6.232523868960818
202301,43.0,21.0,6.0,12.908025938218211,12.112624231563798,3009.676,-6.179574650020127
202402,71.0,13.0,11.0,12.261748572139865,12.26175330135673,596.288,8.108932412098886
202208,68.0,11.0,27.0,11.338071952783768,11.3380838634301,509.993,6.026219188993528
202410,24.0,8.0,9.0,10.223067921487123,10.223104243518256,55.298,-6.2263945941048435
202407,61.0,25.0,26.0,11.760886499126975,11.305359943619337,1253.43,-6.2918148135823255
202303,93.0,9.0,22.0,13.841267969308847,12.945962657808755,2415.632,-4.347155980963951
202402,163.0,41.0,41.0,12.741041462690765,12.661568417910534,1097.907,-6.2620518727231165
202311,281.0,2.0,5.0,9.57373270366244,9.573802232603889,59.951,-6.2918148135823255
202307,380.0,25.0,76.0,13.542583098880979,13.366546437819766,2783.597,31.67921662317398
202211,57.0,9.0,11.0,13.984096545587787,13.391984325263433,4224.82,1.5507461709925794
202404,143.0,12.0,78.0,13.24992599226294,13.175938266972924,1443.985,-6.097838814997305
202210,390.0,115.0,152.0,14.111460606309324,13.130986094695213,3834.974,1.9735551240806455
202406,105.0,18.0,26.0,11.762188902517952,11.542202674170115,261.441,0.7680188359964326
202306,78.0,28.0,24.0,13.66686204674047,13.248329727113173,3936.29,-2.108279395507113
202307,131.0,37.0,12.0,9.796069365768835,9.796125034207629,146.691,-5.255559743171732
202402,628.0,199.0,171.0,14.499180470759063,13.70436221398466,3020.454,19.78013693517932
202406,88.0,26.0,9.0,8.140315540159985,8.14060704285845,82.034,1.0334876178795147
202301,626.0,199.0,169.0,14.51682033371597,13.770082136799482,3229.26,19.588359972875104
202301,479.0,10.0,27.0,11.546137779176325,11.546147452461131,174.425,-6.241276064534448
202303,155.0,15.0,34.0,15.022451552851,14.117274513650358,12382.293,3.019648708279318
202406,147.0,59.0,16.0,10.547313177763362,10.547339441371197,140.628,-5.255339015815672
202306,33.0,8.0,4.0,11.09484613098911,11.09486132128555,135.296,14.127102928910608
202407,75.0,7.0,37.0,12.577432732988386,12.231374828392392,1008.612,10.677974656440375
202309,124.0,45.0,27.0,12.159478817647415,12.03593061625153,708.666,0.110202385242129
202212,728.0,258.0,164.0,16.29437239127298,13.85944418632676,6902.971,-0.14955685183721634
202312,182.0,56.0,39.0,13.545842586243566,11.781501167682272,1547.519,-4.19852886457247
202210,25.0,1.0,7.0,11.248399866502227,9.766808353620874,484.976,-6.276933343152721
202210,281.0,2.0,5.0,9.219795530746937,8.978029932837156,63.528,-6.2918148135823255
202401,98.0,7.0,66.0,13.022341916925425,12.964934998452044,918.655,-6.271039005393656
202207,27.0,2.0,10.0,13.163977378204793,12.865425165253132,3071.806,-6.1410595135872885
202303,175.0,39.0,35.0,13.204429881972581,12.081302758574223,739.838,-5.255559743171732
202310,75.0,56.0,8.0,11.31631429624586,11.316326468878131,247.589,-3.3748265646547635
202308,482.0,103.0,149.0,13.988606354673584,13.731064252001664,3952.557,-2.2967991505107714
202408,114.0,7.0,16.0,12.409613309598832,12.409617388775654,1574.487,-6.227889159480919
202408,65.0,19.0,23.0,14.857946421072318,14.525050145859888,12221.948,-5.158201050039138
202301,34.0,5.0,13.0,13.810543241248713,13.34261635503284,1421.898,-4.313722941932763
202407,62.0,24.0,21.0,13.295104185041385,13.049588362621916,2684.02,-3.9962695524169103
202405,341.0,184.0,41.0,11.196089175088096,11.125997477860475,526.042,-1.2380980123278755
202406,90.0,18.0,43.0,12.758410585489576,12.641468654927234,1459.524,-6.19812621862171
202210,135.0,48.0,27.0,12.322957500164943,11.943564370693688,694.023,-2.3236900238145655
202311,121.0,58.0,43.0,12.658732995801936,12.65873617546734,668.357,-2.423231939076997
202408,65.0,4.0,4.0,14.00530412959693,14.004314392657044,2214.485,-6.227817050640098
202403,6.0,0.0,1.0,11.651643384282051,0.6931471805599453,163.167,-6.2918148135823255
202409,191.0,38.0,21.0,11.035099319467346,9.87508807801443,298.582,10.52189599021168
202402,28.0,12.0,5.0,12.028499795758423,11.970641408876805,982.419,-2.1438873155294784
202311,119.0,25.0,20.0,11.462221470595523,11.263951153621496,254.84,0.7680188359964326
202301,165.0,7.0,2.0,11.588199899399374,7.9617188159813645,1159.978,-6.2918148135823255
202404,232.0,57.0,78.0,12.894646886119983,12.887539374440726,737.476,-6.260874810590354
202307,106.0,30.0,39.0,13.725900899271462,13.538118032752669,2591.77,-4.150296921258081
202410,90.0,1.0,1.0,4.77912349311153,4.787491742782046,1.479,-6.271039005393656
202301,80.0,12.0,35.0,14.264067083503386,13.884720339257926,1614.637,10.271290411545868
202303,68.0,18.0,45.0,11.831160990465465,11.831168264753403,508.098,-5.319485397273138
202211,131.0,22.0,42.0,14.645423457571498,14.052278474672681,4755.084,9.46017323362986
202208,138.0,5.0,45.0,11.710225942166915,11.17420269780386,557.859,-6.123224129359589
202406,139.0,59.0,32.0,10.299373594197299,8.395251520610994,540.628,-2.9776156490408296
202402,116.0,2.0,3.0,8.715880102296456,8.716044050161402,71.493,-6.256157534964052
202308,1.0,0.0,0.0,7.194436851100335,0.6931471805599453,16.758,-6.2918148135823255
202303,396.0,211.0,64.0,13.322734391602898,13.296230966568373,921.41,3.1075501443841613
202212,112.0,28.0,30.0,13.002205022910477,12.719072903065232,1000.057,-6.258381774551138
202401,484.0,229.0,80.0,13.67179144631224,13.627422808589204,2212.938,24.151022667360365
202303,118.0,30.0,29.0,12.140285344992074,12.140290684975467,606.107,-3.038106073968169
202309,304.0,7.0,6.0,7.508238774678663,7.3395376954076745,11.686,-6.256157534964052
202211,265.0,109.0,117.0,12.49630271906836,12.456913072601365,964.108,0.36590500164775364
202212,285.0,89.0,103.0,14.16367418317507,13.738470753726414,2084.785,7.814416221925754
202211,189.0,1.0,0.0,9.857548320594683,9.425935505533063,1.32,-6.250263197204988
202210,143.0,68.0,28.0,12.5353835868915,12.488786145041011,1007.363,0.260957685237166
202303,251.0,83.0,48.0,12.299949981121518,12.172360731044638,694.53,35.56444816749319
202308,122.0,15.0,12.0,4.867534450455582,4.875197323201151,111.809,-0.895987170710514
202301,361.0,102.0,77.0,13.362571693841131,12.766822076363887,1188.372,1.8421554246123844
202311,4.0,0.0,1.0,11.93115542130723,11.353273011437217,1701.551,-6.227889159480919
202408,70.0,22.0,33.0,12.862773660317986,12.451842285400156,1753.016,-4.165095825541282
202406,110.0,48.0,41.0,12.836673984913098,12.836676646267701,711.445,-6.2918148135823255
202207,26.0,3.0,4.0,12.371557422550902,10.911737401123846,628.224,-4.3263801727752815
202301,60.0,14.0,18.0,11.087849311212949,10.715150833328286,307.731,-5.0659576618586915
202402,581.0,98.0,87.0,13.67386288872328,13.396288252071281,936.337,14.038393289406473
202306,350.0,158.0,60.0,12.853374820679793,12.810320304039612,1395.43,20.607095087914622
202408,488.0,182.0,117.0,11.753303643205992,11.630014926826567,1544.1,7.561896056581039
202211,39.0,15.0,9.0,11.531629449764,11.423613261289539,228.679,-6.271039005393656
202207,36.0,12.0,9.0,12.404353669819372,12.194667857466735,1123.078,-6.276933343152721
202404,490.0,139.0,91.0,12.476565323217411,11.199446837474438,1115.446,2.9391879974242396
202303,842.0,342.0,141.0,8.811801223938751,8.81195017753998,1039.776,4.945783181653843
202406,167.0,8.0,1.0,11.90912107707124,8.383890344101816,1100.367,-6.2918148135823255
202303,261.0,62.0,96.0,13.614019637320512,13.232782476825752,1866.601,-4.347155980963951
202407,264.0,19.0,58.0,11.417196197360877,11.417207201911257,1023.991,-6.250263197204988
202307,47.0,11.0,16.0,12.663535466531574,12.240788032618626,891.594,-6.178624248453057
202405,113.0,16.0,56.0,12.719063922575346,12.539228675324958,638.741,-6.2918148135823255
202309,136.0,29.0,17.0,8.190077049719049,8.119993827725105,70.162,2.5007015495776983
202410,5.0,0.0,2.0,12.49832799459266,9.453443401029997,2313.005,-6.2918148135823255
202211,593.0,157.0,101.0,13.238634159069715,13.160394922238691,806.966,3.488295569773941
202303,98.0,30.0,34.0,12.930616743787153,12.798080942346814,1659.915,0.07898009596090105
202405,14.0,5.0,6.0,11.405173202475998,11.313083315058284,424.54,-6.291742704741504
202407,158.0,59.0,26.0,8.614138397472717,8.61431990214696,226.852,0.2639941651816651
202212,49.0,23.0,21.0,13.473983165546228,13.431854885693767,2627.948,-6.22494873551995
202403,476.0,85.0,129.0,15.887356324647437,15.427283941062415,15241.125,119.79033540351794
202303,273.0,74.0,92.0,14.896412948051145,14.417947164297,3977.57,19.831265623789143
202308,78.0,2.0,1.0,10.524144682170881,4.454347296253507,195.413,-6.2918148135823255
202303,226.0,85.0,76.0,12.979672449736622,12.693839446344366,1462.903,10.257255902989138
202408,301.0,141.0,76.0,12.086832924422515,11.571854532499517,877.685,-2.242126177126467
202409,50.0,10.0,14.0,13.716924819369863,11.48108385911407,1649.662,-5.319485397273138
202404,110.0,23.0,47.0,12.03386576251999,12.033871702120196,433.72,-2.7145424755049867
202306,69.0,23.0,19.0,12.009138848048263,8.102283624480073,667.604,-6.0851563808485025
202312,101.0,33.0,48.0,14.51009021204395,13.458193979650797,2024.44,0.20244577342257486
202212,439.0,11.0,17.0,11.558070899938203,11.395188678244347,202.626,-6.271039005393656
202311,282.0,76.0,58.0,11.90560248626843,11.901658028252527,322.591,-5.219902464553458
202310,189.0,28.0,47.0,13.11804205392077,12.878187693261689,986.91,-4.264458030904901
202303,29.0,9.0,15.0,12.706884296417886,12.389002350697748,737.562,-6.258381774551138
202403,233.0,46.0,73.0,12.907383909086706,12.895106377448577,677.055,-6.101636080813506
202405,248.0,12.0,65.0,11.32207967995518,11.322091782609899,440.189,-6.2918148135823255
202303,285.0,83.0,41.0,11.445288816254417,11.306282526671115,486.883,-4.23646438508353
202210,57.0,10.0,20.0,13.14666762190665,11.745044614814624,1909.473,-6.276933343152721
202405,119.0,53.0,53.0,13.178513060424148,13.05331336142752,1367.088,-4.287865036342443
202310,71.0,13.0,11.0,11.564730128586245,11.564739623684401,497.144,8.108932412098886
202306,17.0,5.0,6.0,11.74839276597327,10.496621008949695,329.284,-3.3748265646547635
202210,373.0,37.0,178.0,14.412566904088344,13.627445740175231,4250.065,-3.33916928603649
202207,325.0,87.0,96.0,12.850255396737392,12.810653604592371,2381.634,24.77695652346238
202406,761.0,136.0,208.0,14.057386360004429,13.08234522638197,3940.587,37.7531977012003
202211,369.0,37.0,177.0,14.429970528415293,13.813779059786127,3866.552,-3.33916928603649
202310,90.0,22.0,15.0,12.019453868898337,11.880370205888227,359.341,-2.3690641093143885
202208,229.0,22.0,29.0,14.340935885498835,14.326281180217709,2902.101,5.724084186713993
202310,301.0,103.0,50.0,10.165274727442542,9.79294697683676,662.215,2.1954191155017426
202401,432.0,231.0,46.0,12.499700755213052,12.499704482974625,713.114,4.045223918935175
202309,43.0,8.0,17.0,9.037771106624906,8.633196867172543,115.826,-6.178948639968441
202312,285.0,76.0,114.0,14.154287992716343,13.683770702435528,1773.93,-5.216507096043242
202303,25.0,13.0,11.0,12.818649479239511,12.809333411045596,1013.537,-6.2918148135823255
202406,324.0,21.0,22.0,11.096546011496184,11.096561175993063,187.436,-6.2918148135823255
202405,41.0,2.0,6.0,13.504087553264029,11.40835352719201,3340.996,-5.319485397273138
202404,501.0,111.0,175.0,13.798894268896461,13.559467969530075,3708.793,30.009938502751872
202405,685.0,215.0,212.0,14.526240747426304,14.325596308091255,3933.1,12.676842336278606
202410,62.0,5.0,6.0,6.964135612418245,6.9650803456014065,57.983,-6.276933343152721
202401,16.0,6.0,4.0,13.488910233279963,13.251779815203294,2102.454,-6.258381774551138
202401,35.0,11.0,10.0,13.906494118709283,13.705220132468005,3246.11,-0.07645927210994241
202403,162.0,28.0,39.0,13.291766853930017,13.088274911709586,316.824,-4.311360541136021
202309,101.0,18.0,18.0,10.637368723744101,10.58998769037428,240.588,-6.276933343152721
202306,233.0,46.0,73.0,12.35087836837138,12.343436061565498,790.367,-6.101636080813506
202410,68.0,0.0,2.0,2.5649493574615367,2.6390573296152584,0.151,-6.271039005393656
202301,339.0,15.0,41.0,14.818920561007273,12.417588860603404,1373.631,-6.092648948142966
202312,22.0,5.0,1.0,13.59887081098873,12.681958937934064,2395.466,-6.100037851278107
202303,278.0,6.0,26.0,13.077497801952026,12.255652973628324,748.431,-6.227889159480919
202408,14.0,5.0,5.0,12.408650158223917,12.381810074447113,315.528,-6.258381774551138
202207,136.0,59.0,34.0,10.767600388351703,10.765132006630253,505.879,-1.8983821014776519
202211,246.0,55.0,24.0,12.11398476852736,11.884702791655672,386.856,-6.256157534964052
202308,30.0,2.0,4.0,4.770684624465665,4.77912349311153,48.788,-4.332274510534346
202303,52.0,12.0,17.0,15.017285147986524,12.888843679590336,2958.616,-5.298709589084469
202303,285.0,51.0,97.0,12.872829648451175,12.555492837276967,1102.102,20.513508983094447
202301,203.0,49.0,37.0,13.507123611313961,13.050373161221609,1059.195,11.497075454428684
202303,295.0,29.0,113.0,14.113192217481858,13.955930544650341,2362.879,14.357324774990603
202301,72.0,24.0,5.0,12.06987484405218,11.877061505573915,280.085,-4.283230326862545
202312,335.0,153.0,83.0,13.96845994509974,13.408628947089596,2143.093,6.888483322731693
202408,331.0,101.0,67.0,11.370820279343722,11.366789250016803,776.953,-1.0324952187598528
202402,252.0,90.0,35.0,14.572585604499874,13.220427942223278,1688.027,-1.6575115969057244
202301,6.0,1.0,2.0,13.849836619522884,13.849837585778811,1831.307,-6.148131633382839
202208,81.0,9.0,6.0,12.496029628409918,12.04936620252076,1319.551,-6.271039005393656
202303,390.0,115.0,153.0,14.4324886437158,13.373568688621074,3661.038,2.725789844006572
202410,195.0,11.0,44.0,12.154000100237065,9.684647229041753,574.228,-6.275982941585651
202207,763.0,136.0,210.0,13.682726314725551,13.428262998048478,4234.488,38.14529331186209
202301,107.0,12.0,8.0,10.936760999895897,10.70162518028701,481.555,-3.3646623698514615
202301,106.0,36.0,46.0,11.899316480336456,11.899323275361139,882.929,-5.099390700889879
202306,81.0,13.0,35.0,13.101058021576993,12.936794955243206,1115.791,10.271290411545868
202401,293.0,44.0,65.0,12.507498586836702,12.507502285642913,507.606,-6.2918148135823255
202210,105.0,26.0,17.0,10.599580390384643,10.476498931856092,171.287,-3.359945094225159
202303,36.0,12.0,9.0,12.780962615530584,12.610850851108136,895.481,-6.276933343152721
202406,35.0,10.0,11.0,13.483770705926231,13.260193019306204,2629.447,-0.07645927210994241
202407,56.0,18.0,10.0,12.67620126696406,12.630222108842466,1098.451,-6.1222737277925185
202301,483.0,36.0,180.0,14.49806331528808,13.764169894033753,2631.175,-6.2918148135823255
202404,161.0,13.0,35.0,12.06969148187699,11.948893912922587,497.397,0.5144911005819859
202409,64.0,2.0,6.0,11.665397593961789,9.850244991140409,165.093,-6.250263197204988
202208,375.0,126.0,142.0,12.854876012238067,11.993937033920508,1297.504,9.427032952002968
202307,197.0,59.0,38.0,12.874486462669443,12.495318494645636,1144.915,26.201830624361108
202402,168.0,10.0,17.0,11.520407405317984,11.520417330728524,241.279,-6.276933343152721
202308,264.0,35.0,67.0,13.140712006981486,12.309373541627044,1221.663,-6.2620518727231165
202303,187.0,46.0,19.0,12.295195541693326,11.600963814443052,688.935,-4.267398454865869
202409,299.0,18.0,36.0,11.810552917767874,11.420546983535571,1008.546,1.527559892911098
202303,352.0,128.0,87.0,13.230912803079544,12.798382399159877,2674.392,14.716946725851711
202407,161.0,13.0,35.0,11.757211921477385,11.587726768143012,538.883,0.5144911005819859
202311,44.0,14.0,15.0,12.634541135403301,12.143888683574591,542.234,-4.283230326862545
202407,201.0,40.0,56.0,12.985947829599944,12.681259692624314,1375.959,-3.3748265646547635
202212,526.0,120.0,137.0,14.812181294467106,13.838354633794559,4181.235,54.1812757726037
202308,36.0,8.0,3.0,9.296518068217235,9.275753510524416,77.189,-6.2918148135823255
202407,3.0,0.0,0.0,13.342674120102318,13.34267572463995,1283.551,-6.100037851278107
202406,65.0,13.0,33.0,12.803716127562254,12.766351071015691,1658.198,4.442649867206365
202405,418.0,68.0,153.0,13.320000384976058,13.207819712609629,1574.473,-5.214820367151807
202404,159.0,25.0,27.0,11.814429078334275,11.814436475358452,396.295,-6.1833971191426125
202307,81.0,13.0,35.0,13.02339130103331,12.762483302516648,1355.938,10.271290411545868
202301,82.0,14.0,33.0,14.288516550603006,13.993044840692326,3424.311,2.9364608091749673
202303,75.0,7.0,36.0,13.379266603663526,12.816305499262123,937.703,11.430209376366305
202410,65.0,6.0,12.0,13.105577275816247,9.225524507301223,798.586,-6.276933343152721
202210,43.0,21.0,6.0,12.722551260987903,11.734788196384716,2709.619,-6.179574650020127
202402,259.0,52.0,98.0,14.15553006699737,14.028947148808342,2806.075,-5.1969984727612335
202211,204.0,81.0,48.0,11.656081640413403,11.403980755980855,517.781,6.485608612909203
202405,562.0,68.0,98.0,12.924470819342355,12.845892886299437,1814.697,-5.007106295252184
202404,76.0,18.0,27.0,13.237739964328632,12.491180156641265,494.878,-6.213007689051315
202306,3.0,0.0,0.0,12.561790631730874,12.041168520773287,1139.068,-6.227889159480919
202403,70.0,23.0,19.0,12.201477102177817,9.12423767292277,663.264,-6.0851563808485025
202301,354.0,58.0,38.0,13.127937811336931,12.491247828358274,607.652,-6.2263945941048435
202407,420.0,141.0,74.0,7.643482907077201,7.615791072035833,227.563,-0.1664290621073956
202210,188.0,18.0,49.0,12.630630979041689,12.603697095859177,703.075,-6.256157534964052
202301,20.0,1.0,10.0,13.945295943055399,13.263849050692688,3989.712,-5.999738734184544
202407,522.0,56.0,37.0,10.659233874852593,10.364576564392289,376.487,-6.250263197204988
202403,293.0,44.0,65.0,12.328940509286275,12.328944931179066,419.161,-6.2918148135823255
202301,142.0,16.0,43.0,13.429072776684539,13.01303946228958,1577.481,-0.5883429704170613
202407,172.0,8.0,31.0,13.189928563566752,12.760759161685415,1219.143,-6.179574650020127
202401,141.0,43.0,60.0,14.575858338184458,14.347572486701646,5775.193,11.284530493842547
202403,116.0,24.0,29.0,13.34379506431441,13.28715043275886,1251.933,-6.258381774551138
202207,697.0,200.0,131.0,11.630210598916348,11.182321973525834,1433.421,6.421539117667766
202301,11.0,0.0,0.0,14.511960777480022,0.6931471805599453,5091.049,-6.2918148135823255
202301,85.0,22.0,17.0,13.094838006339577,12.526796525183247,474.015,-6.2918148135823255
202405,78.0,10.0,22.0,12.048465164510889,11.761861511586874,308.983,-5.2860523582419505
202405,467.0,135.0,190.0,15.143757816359553,15.06719866328685,9267.372,48.394478597619255
202402,37.0,7.0,7.0,10.65145430286018,10.651477968978583,74.914,-6.2918148135823255
202211,259.0,67.0,96.0,12.764790887934945,12.600476806278913,842.382,-6.121565151594428
202308,64.0,4.0,3.0,8.56331312702979,8.563504094279487,62.145,-6.20711335129225
202404,168.0,61.0,36.0,14.57023390747605,14.479352504131631,4279.867,-3.149395835963297
202404,934.0,453.0,207.0,13.85033701511632,13.58950917694204,2862.629,31.955488139238767
202306,217.0,56.0,53.0,13.186376135352655,12.96429101783351,2409.581,5.6986736690454265
202406,156.0,14.0,36.0,14.969427617611505,14.289883378377894,16642.287,2.79955401189606
202404,25.0,2.0,4.0,13.230912803079544,11.32106253368905,527.422,-4.3263801727752815
202303,51.0,18.0,16.0,13.033899309406232,11.45961962044577,678.856,-6.2918148135823255
202312,89.0,15.0,10.0,12.851336500618157,12.242288849663156,692.277,-6.1915156964887625
202208,141.0,43.0,60.0,13.624256827818845,13.41137706286584,5577.003,11.064435797459288
202404,44.0,11.0,8.0,9.756378687497916,9.756436609824092,88.896,-5.943868808996254
202405,184.0,39.0,81.0,13.203054490202435,13.168708650499907,1381.957,25.017711254337407
202408,29.0,4.0,11.0,13.61722180121018,13.327890262467653,2395.627,-4.029702591448098
202306,443.0,174.0,108.0,12.062496689041264,12.038730337516466,1120.629,30.4857922281044
202306,262.0,26.0,90.0,12.971670711748361,12.910407015480683,864.368,-5.283828118654865
202210,219.0,54.0,56.0,13.442160206163287,13.234423401157617,2300.072,5.6986736690454265
202208,33.0,3.0,9.0,11.122885771064801,11.046068878586361,168.443,-6.2918148135823255
202207,82.0,19.0,37.0,12.055273011339132,12.027322702921982,450.805,-6.2918148135823255
202301,490.0,113.0,132.0,14.548986971657522,14.31282957682395,6093.025,72.12036248721301
202211,47.0,17.0,20.0,13.301748961779483,13.13764403126642,2403.68,-2.901204132857058
202410,88.0,1.0,0.0,10.60846448484965,0.6931471805599453,121.919,-6.2918148135823255
202309,124.0,15.0,13.0,9.79076668247201,9.77815106122483,385.354,-6.2168301581738
202306,144.0,12.0,14.0,11.723542890919031,11.060227229880846,220.573,-6.2918148135823255
202407,555.0,207.0,95.0,14.099607712268796,14.08835433540636,1405.396,27.94024569250825
202310,392.0,134.0,120.0,13.939878973441333,13.870580013671892,3018.088,2.5677199985905794
202408,14.0,3.0,1.0,12.043594891655259,11.44321090455703,12581.626,-6.276933343152721
202210,16.0,4.0,2.0,12.10469308423691,11.373180522450571,734.339,-1.4152862616067843
202408,22.0,1.0,19.0,12.634231622102346,12.63423488063604,1822.416,-5.319485397273138
202402,165.0,3.0,9.0,12.1900347228324,12.190039803655596,164.654,-6.271039005393656
202310,292.0,107.0,129.0,13.701816525926281,13.36416380184981,4017.909,-5.919746990893277
202210,21.0,9.0,8.0,6.481577129276431,6.483107351457199,68.83,-6.227889159480919
202303,68.0,19.0,25.0,13.850670151306923,13.841113000436325,1176.617,-4.021680070085478
202310,104.0,26.0,14.0,11.663816552379298,10.675607637965365,461.016,-3.3748265646547635
202306,830.0,346.0,374.0,13.969746377024228,13.624083673201634,7285.382,1.8852596003403246
202404,58.0,7.0,3.0,10.454322040321355,10.45435086333365,26.53,-6.275982941585651
202408,119.0,27.0,45.0,11.56325729730123,11.563266806394301,700.085,-6.276933343152721
202303,49.0,17.0,21.0,13.242658809902562,12.452373973640087,942.659,-4.292947133744094
202404,158.0,35.0,45.0,11.640544413493148,11.537764408317146,525.463,0.6230611659722047
202311,97.0,17.0,28.0,15.345500635752789,12.345786760674672,9161.289,-6.2918148135823255
202410,108.0,3.0,19.0,10.994571574783446,10.819298169173406,61.599,-6.271039005393656
202306,223.0,42.0,147.0,10.786965794663733,10.786986461585292,711.831,-6.250125035995331
202207,1.0,0.0,0.0,15.7193692367656,15.719369385758183,10606.565,-6.0717201171990665
202211,108.0,24.0,24.0,13.343503322840167,12.521219095436635,1359.547,-6.237605966362469
202406,252.0,45.0,111.0,12.590123428254264,12.459066218813268,1013.835,-6.276933343152721
202301,246.0,91.0,26.0,13.427184238163917,12.3384596335735,531.478,-4.2534673860033365
202210,9.0,0.0,0.0,13.759887905415495,12.946656694014742,3897.872,-6.163963505379513
202410,63.0,22.0,25.0,13.001160249895594,12.966385362349882,336.488,-6.260151069588976
202208,12.0,4.0,6.0,11.764034316566141,11.634594274552233,512.58,-6.2918148135823255
202207,9.0,0.0,0.0,13.91602083018525,0.6931471805599453,5568.773,-6.2918148135823255
202309,195.0,28.0,31.0,13.197886347975434,12.581580138548187,1811.59,15.361078657980395
202312,84.0,13.0,18.0,11.075799396633869,11.075814879026519,137.435,-5.851625420815807
202410,201.0,24.0,15.0,11.10339209268611,9.21890360263667,151.787,-6.250263197204988
202303,20.0,5.0,4.0,8.901775088607979,8.901911226379612,206.197,-0.45783831572720146
202208,78.0,12.0,42.0,13.618296658669612,13.442764302418835,1525.889,-5.091334971976763
202405,56.0,18.0,10.0,12.387114216825426,12.330191125366568,780.207,-6.1222737277925185
202308,131.0,27.0,28.0,11.749087901631702,10.543418538488748,553.958,-3.141425877132386
202312,248.0,12.0,65.0,12.558657235364853,12.558660749704238,534.278,-6.2918148135823255
202404,258.0,81.0,29.0,12.89628051053144,12.83913271603835,771.937,23.989307401512413
202210,135.0,48.0,27.0,12.322957500164943,11.943564370693688,694.023,-2.3236900238145655
202406,442.0,175.0,106.0,11.972392529061041,11.970628754253122,1025.08,29.513462811795208
202303,1095.0,200.0,164.0,14.390395463050778,14.192119297066894,3526.427,95.85273304677688
202303,17.0,5.0,5.0,12.964813259362176,12.134662569241895,639.457,-4.347155980963951
202303,205.0,16.0,13.0,10.549149966524329,10.164620289754373,237.283,-6.265956907992005
202212,127.0,26.0,26.0,11.528405035818615,11.320371737610024,294.225,-6.201948687744196
202309,17.0,5.0,5.0,13.565704705496172,13.51927467240766,1167.027,-6.213007689051315
202208,241.0,106.0,77.0,10.359392257402362,10.076894491940509,1423.39,-4.332274510534346
202208,25.0,5.0,9.0,12.840655424312194,12.713284748386327,1063.947,-4.313722941932763
202309,9.0,0.0,6.0,11.276797986097725,9.7696132439798,250.545,-6.2918148135823255
202402,94.0,36.0,37.0,12.065602952758779,11.970774272757955,801.384,-1.8471271680558905
202408,143.0,35.0,53.0,12.716128973463992,12.572010060038048,1564.132,-4.2505269620423665
202303,145.0,41.0,47.0,12.831015928995289,12.129672047316568,845.545,0.6906569182455904
202303,433.0,236.0,96.0,12.057247758458264,11.727681942907346,1017.115,-3.303245858364916
202410,58.0,2.0,3.0,8.0702808933939,8.070593539949519,7.613,-6.2918148135823255
202307,31.0,0.0,2.0,14.169080085083563,12.567160836751345,3440.75,-3.3748265646547635
202402,100.0,13.0,32.0,13.594817751121074,13.528478940587384,1264.983,19.649034099606318
202406,331.0,101.0,67.0,11.810953829476153,11.80694491376462,614.421,-1.0324952187598528
202207,486.0,36.0,180.0,13.53369524239045,13.225881597076569,3225.069,-6.250263197204988
202210,163.0,5.0,5.0,8.299037181613066,7.971776122880628,111.744,-6.2620518727231165
202301,404.0,34.0,168.0,14.904420598337527,14.847269114126778,4508.768,-6.165341007558852
202307,33.0,8.0,4.0,10.794829639046318,10.794850144085432,166.125,14.127102928910608
202207,110.0,21.0,37.0,13.063771937272497,12.849451683855998,2348.073,-6.2918148135823255
202408,170.0,31.0,110.0,14.404899272233072,13.646979473983528,4294.415,-0.017648922960683322
202312,139.0,25.0,62.0,13.891908477614292,13.777499193254291,640.226,-6.261101471156047
202406,144.0,82.0,25.0,11.855259061638277,11.855266162725808,454.695,-6.227668432124859
202408,248.0,12.0,65.0,10.695234949335683,10.695257601701156,698.278,-6.2918148135823255
202210,106.0,19.0,46.0,11.002932827508129,10.971468797650715,355.224,-6.250263197204988
202301,381.0,6.0,20.0,12.96872023542461,11.950380075730614,728.219,-5.772818296284798
202306,62.0,23.0,21.0,12.48677541923874,11.758088791733293,929.353,-1.4143358600397145
202306,51.0,10.0,18.0,11.568833096908524,11.406275229091824,433.167,-6.194456120449732
202310,100.0,13.0,31.0,12.582795284772684,12.560391816814182,1089.404,19.86912879598958
202210,21.0,5.0,7.0,12.559296641792647,12.249069872515955,1111.936,-5.158201050039138
202406,186.0,26.0,71.0,13.647822999971966,12.966710236113574,2575.956,16.15646322381906
202208,24.0,3.0,3.0,13.951721856431185,12.070470539028154,2325.39,-4.347155980963951
202212,103.0,44.0,12.0,12.359750356382381,12.25752592711909,372.873,-6.227889159480919
202308,19.0,7.0,11.0,10.12033130170181,9.972780379032077,294.599,-6.2918148135823255
202303,8.0,1.0,2.0,13.550071270455826,13.043547416968615,4002.756,-6.227889159480919
202408,23.0,7.0,10.0,13.243755891050377,13.196115571991003,2788.346,-6.173680312261062
202407,751.0,466.0,138.0,13.13673362897128,13.136735600434351,2643.801,15.39030596484107
202405,285.0,51.0,97.0,12.681645114961823,12.329303039574787,792.302,20.513508983094447
202308,588.0,219.0,54.0,13.51794244592593,13.434848788023496,2939.401,20.688977614193817
202301,132.0,26.0,28.0,11.0230456057197,11.02306192678775,160.5,-5.298709589084469
202207,62.0,15.0,24.0,11.62604877204571,11.626057702411185,396.969,-6.22494873551995
202306,103.0,44.0,12.0,11.482105367630341,11.368373569062241,379.156,-6.227889159480919
202212,40.0,26.0,8.0,12.629017423518983,12.562823586581052,1098.66,-6.227889159480919
202405,59.0,12.0,17.0,12.345582382191102,12.192247517336474,260.497,3.431479349509548
202404,163.0,7.0,41.0,13.472923061196322,13.31743332702045,1514.144,-0.3455981521650031
202402,425.0,148.0,69.0,13.197956817133152,13.180896401589983,1229.968,3.147520303791616
202307,6.0,1.0,2.0,13.103822553699063,13.103824591124532,2062.204,-6.148131633382839
202310,524.0,119.0,141.0,14.237091767914142,13.934677524435378,3759.548,53.20894635629451
202406,601.0,200.0,117.0,12.414407081190676,12.375941994384888,881.662,0.978072637240472
202401,409.0,126.0,189.0,15.483928069318036,14.002790634289262,7920.499,10.187557618035198
202312,225.0,72.0,39.0,10.649227183215244,10.649250902099034,372.551,3.509274281527901
202408,116.0,3.0,2.0,9.686077533069678,9.686139673818495,121.059,-6.271039005393656
202406,562.0,68.0,98.0,12.85407600592084,12.776280708158,1987.446,-5.007106295252184
202403,27.0,2.0,10.0,13.663903640029657,13.614726411622371,2824.727,-6.077133859485882
202310,17.0,1.0,1.0,9.341807134718488,6.74993119378857,98.406,-6.2918148135823255
202211,124.0,26.0,27.0,11.49962743682624,11.18342089766461,228.923,1.0334876178795147
202306,99.0,0.0,11.0,8.373322820996535,8.373553741214627,44.719,-6.2620518727231165
202410,2.0,0.0,0.0,8.445697189711167,0.6931471805599453,39.262,-6.2918148135823255
202408,105.0,18.0,26.0,11.519096385613892,11.343808344620697,393.998,0.7680188359964326
202407,195.0,23.0,63.0,13.074462217953075,12.804125872907134,2053.038,-6.088978849970988
202211,49.0,17.0,21.0,13.412041955511674,12.526792897058751,897.351,-4.292947133744094
202407,221.0,67.0,83.0,13.235104390065585,13.090810788891222,1972.506,-2.134087942501525
202308,105.0,15.0,13.0,10.329702551562889,10.329735199826821,108.456,-0.45783831572720146
202207,448.0,217.0,63.0,9.872564319882619,9.87261588886904,1245.09,20.464986094089753
202312,218.0,22.0,105.0,13.747690926533398,12.859134539300738,1352.383,-6.177350410433042
202405,18.0,7.0,5.0,10.909856620136853,10.396444477759635,625.578,-6.163963505379513
202408,259.0,65.0,98.0,12.424231795328415,12.387180966651274,1422.953,-6.121565151594428
202311,136.0,55.0,29.0,13.576598332015205,13.03996823826565,994.112,-2.2509296079931254
202408,905.0,19.0,78.0,11.361869990050273,11.35273323836348,839.253,-5.184245185935185
202404,905.0,19.0,76.0,12.426753166072897,12.404681671757524,522.657,-5.184245185935185
202210,192.0,41.0,68.0,14.152878821604782,14.115277315577071,1904.77,14.447316714226227
202408,163.0,5.0,5.0,7.891330757661889,7.198931240688173,191.49,-6.2620518727231165
202407,85.0,15.0,21.0,12.106926116338816,10.884385553184682,1264.601,0.578416754683392
202309,38.0,16.0,12.0,12.208130526639618,12.076191724675654,1752.846,-4.283230326862545
202401,934.0,454.0,206.0,14.107880126918092,13.746872980495784,3767.541,31.955488139238767
202309,88.0,5.0,8.0,12.240957047383676,12.18444034540306,594.926,-2.402497148345576
202211,280.0,42.0,155.0,13.42620025546281,13.360021875348782,1077.728,-5.252164374661515
202407,59.0,4.0,11.0,14.996783969416942,12.41970712862054,10035.283,-5.319485397273138
202404,357.0,59.0,39.0,12.696372040263382,12.317323280327903,514.193,-6.2263945941048435
202303,276.0,71.0,56.0,9.480901717619545,9.480978009818704,386.96,3.8436437656013194
202310,274.0,43.0,186.0,12.66836852121552,12.5103500013629,1818.037,7.264747061396806
202310,162.0,50.0,30.0,13.494963637652972,12.567132959661432,1508.688,9.270863909721115
202403,116.0,23.0,70.0,13.124898162121438,12.940105018613338,544.409,-6.2918148135823255
202210,278.0,20.0,39.0,13.29879093197584,12.737438859524824,1007.137,-6.227889159480919
202308,63.0,5.0,5.0,10.75934864358382,10.621595602385327,192.062,-6.173680312261062
202212,9.0,0.0,0.0,15.362577411948878,14.887478004681725,4481.203,-6.163963505379513
202407,98.0,23.0,22.0,14.781377050108327,14.350175942941386,14180.843,-0.08600471023133949
202401,152.0,34.0,30.0,12.07151215213448,12.071517872287435,549.497,4.951992948269529
202402,91.0,17.0,10.0,11.916375210265032,11.916381890358688,142.018,-6.2918148135823255
202404,273.0,74.0,91.0,15.094124492290025,14.627356354908619,4181.224,19.895191277890547
202208,341.0,101.0,71.0,11.76547246665368,11.730010701700474,735.315,2.891360483269791
202303,77.0,11.0,42.0,12.816490178491122,12.613256276132303,1083.418,-5.155260626078169
202402,36.0,5.0,15.0,13.698987977600256,13.235159778215928,1407.95,-4.313722941932763
202301,160.0,61.0,31.0,12.541329858594843,12.32466868394357,509.408,-4.013870719451424
202307,529.0,187.0,97.0,12.248025200725799,12.118088067861622,1219.857,13.453410942262527
202409,175.0,16.0,61.0,12.429368185293553,12.184195067010856,1120.507,-6.256157534964052
202207,163.0,39.0,26.0,11.574829268285043,9.654705629041903,1922.682,-3.2418931590503
202207,66.0,6.0,40.0,13.634980994590594,13.08597321446139,7035.631,-2.2717054161817947
202310,258.0,87.0,78.0,14.288393787179498,14.193692851804165,2834.868,38.04721526815865
202409,13.0,4.0,3.0,7.05444965813294,7.055312843339752,116.188,-6.276933343152721
202212,177.0,66.0,35.0,14.08462582917219,13.976758279819878,2183.98,-1.2354503457712012
202309,67.0,1.0,7.0,10.39684143039008,10.377452077068984,51.656,-6.2918148135823255
202311,110.0,22.0,33.0,12.687711447861181,12.687714536707203,479.89,-6.235381726775383
202404,516.0,231.0,96.0,11.301611665409595,11.186336230202965,1783.311,20.72089709003928
202308,37.0,5.0,5.0,9.505171826581176,8.044305406990638,58.898,-6.2918148135823255
202211,8.0,2.0,1.0,13.317219382089059,0.6931471805599453,1523.786,-6.2918148135823255
202401,105.0,10.0,21.0,14.083756720870701,13.290587700148658,1010.731,-6.1429669698347835
202404,145.0,31.0,67.0,12.630490346555025,12.5065808602178,384.53,-6.276933343152721
202211,159.0,23.0,29.0,12.103907020768867,12.049237532500696,419.516,-6.1833971191426125
202210,13.0,6.0,4.0,12.901432376594041,12.423974483034302,1039.406,-6.2918148135823255
202306,108.0,12.0,31.0,12.727677959106392,12.075610822666597,1175.577,10.132691126652565
202406,85.0,13.0,16.0,12.270722098014636,12.27072678498369,435.856,32.583827021868515
202405,202.0,7.0,35.0,11.721426333547486,11.648190354220903,128.69,-6.256157534964052
202301,63.0,17.0,19.0,12.555372963637742,12.555376489538125,837.933,-5.2777956196861435
202310,150.0,12.0,9.0,11.51040228442579,10.409431279210512,89.179,-6.2620518727231165
202402,207.0,13.0,85.0,15.868026846565764,14.286120253514719,7593.93,1.1906070617284366
202309,91.0,14.0,35.0,12.93013692872484,12.572131423259245,1813.686,8.142586178486134
202301,13.0,0.0,1.0,16.028767264501482,14.179408254909328,4528.292,-4.2193046727611385
202311,58.0,7.0,3.0,10.341032554107704,10.341064834560278,25.236,-6.275982941585651
202303,144.0,18.0,62.0,13.222339020625638,12.284259786550393,1868.152,-2.3817213401569073
202311,104.0,14.0,59.0,13.724052947475439,13.591811852580555,3207.969,5.294384953705569
202407,84.0,35.0,27.0,13.809186603851586,13.185208590705043,3438.766,-6.140247273229875
202312,180.0,8.0,37.0,10.067263192042985,10.067305637765523,315.789,-4.604992460903505
202401,652.0,289.0,155.0,10.514556622060466,10.4927176196763,1998.852,12.779100144912695
202303,98.0,22.0,24.0,12.734722470208643,12.734725417205432,807.289,-6.115648995918721
202306,94.0,47.0,17.0,11.977941677704917,11.97157740692136,667.664,-6.177278301592221
202403,529.0,161.0,90.0,12.363499381791108,12.35238266757827,609.0,-4.156756520839071
202210,345.0,65.0,59.0,13.19254966981449,13.062303346176629,853.022,6.344672656934748
202207,233.0,47.0,72.0,12.168095558752944,12.162444634491957,868.931,-6.101636080813506
202408,444.0,216.0,62.0,10.183162654585992,10.183200455338232,1325.649,19.492656677780566
202308,55.0,9.0,3.0,11.677295180706048,10.78363283777393,859.288,-6.2918148135823255
202408,326.0,45.0,80.0,12.501559183756193,11.490086633066195,2092.11,-6.194456120449732
202401,282.0,77.0,64.0,14.24125334391293,13.93155252328138,2663.769,5.85710015846486
202207,55.0,18.0,33.0,12.330897495975604,12.098977292578631,1073.81,-6.2918148135823255
202210,215.0,35.0,80.0,10.606114656295205,0.6931471805599453,677.964,8.768923743844367
202407,94.0,15.0,28.0,12.77340430371626,11.700615916753062,2113.358,15.483328385828434
202408,106.0,36.0,46.0,11.292827271841979,11.292839733755256,918.133,-5.099390700889879
202311,297.0,36.0,112.0,14.794749421977588,14.354389385107028,5224.565,54.42601334803218
202308,1303.0,109.0,458.0,14.934458665090222,13.742988251055595,6026.418,-6.210336061542477
202208,23.0,7.0,11.0,13.183832818730835,13.152209517001317,2853.351,-6.173680312261062
202208,219.0,69.0,82.0,13.290354407612284,13.10286654334863,2283.105,-2.0701622884001187
202309,119.0,11.0,48.0,12.81586267337375,12.320115361570833,1239.442,-4.305604364586613
202402,55.0,15.0,19.0,12.39254391368317,12.338258132830331,755.984,-6.160479637513261
202211,37.0,5.0,9.0,13.432990194351207,11.718882164861617,647.981,0.5303229725786602
202308,26.0,4.0,8.0,8.714731714015052,8.714895850248494,66.359,-6.222724495932864
202303,84.0,11.0,24.0,12.384670611690531,12.070756804581483,359.138,-5.158201050039138
202303,182.0,25.0,64.0,14.0613411999584,13.218485954397405,2051.408,17.128792640128246
202210,241.0,106.0,78.0,10.75681718515505,10.478132689015073,1005.541,-5.304603926843534
202301,95.0,34.0,20.0,13.347790718883386,11.861763782607579,339.531,-4.02752771045692
202401,60.0,2.0,10.0,14.381469613343596,13.76364236151009,2228.391,10.711407695471562
202407,28.0,8.0,10.0,12.465663837815429,12.435917691583638,1687.148,-3.3109009105533573
202212,198.0,21.0,80.0,14.761339897701312,14.414010189131863,3600.616,17.187116713874886
202301,88.0,26.0,25.0,11.871452692372273,11.87145967939388,1717.241,-2.2878945839866356
202207,122.0,27.0,47.0,11.501257660102546,11.501267777412759,594.715,-6.276933343152721
202407,133.0,14.0,46.0,12.829306888615093,12.309910001769428,1580.987,5.476437299221486
202303,29.0,4.0,10.0,13.551616624148942,13.266176234170151,1395.05,-4.029702591448098
202303,110.0,21.0,37.0,13.68025310512595,13.091547405255747,1855.324,-6.2918148135823255
202306,49.0,7.0,25.0,12.455795808419587,11.957245834847066,1150.133,-5.109886540578346
202409,65.0,6.0,12.0,12.781041399777152,9.143131622282732,1021.849,-6.276933343152721
202401,1524.0,222.0,869.0,16.115689658879283,15.831866256192532,14864.171,-1.1795127159820815
202308,160.0,17.0,12.0,10.93857414032436,10.100902955277606,246.227,-6.271039005393656
202311,41.0,1.0,6.0,13.582874595935465,11.529428537069244,3382.577,-5.319485397273138
202308,122.0,9.0,16.0,11.839282428564632,9.755741320381864,66.914,-6.2918148135823255
202210,163.0,46.0,70.0,12.426608800539116,12.079227422004855,714.525,-5.2050209941238545
202207,88.0,18.0,13.0,9.234642664499148,9.234740258799718,248.544,-6.2918148135823255
202210,70.0,27.0,18.0,12.308566054964215,9.820431977398803,456.148,-6.256157534964052
202408,159.0,18.0,33.0,14.098656608204834,13.280380288005881,4152.851,12.106897680746611
202402,533.0,262.0,88.0,13.903914215281683,13.65610559855454,1705.619,10.105095052689775
202311,166.0,28.0,74.0,13.662592451539561,13.616708338036222,2042.615,30.897573510738717
202301,383.0,80.0,97.0,13.990371856100424,13.425268489181594,2384.809,32.12883872481879
202312,502.0,170.0,264.0,14.92083328121987,14.64793130079166,7779.747,-4.777110945824491
202407,88.0,18.0,13.0,9.475700145423472,9.475776835480644,243.236,-6.2918148135823255
202403,63.0,15.0,2.0,9.240287448344136,9.240384493324559,184.068,-6.271039005393656
202406,320.0,24.0,106.0,14.96608385138508,13.972832204956905,9391.214,-1.0619548661165972
202312,75.0,14.0,16.0,12.158766130209282,12.105705199284083,744.005,-6.036112197176701
202410,28.0,5.0,4.0,7.672292455628756,6.934397209928558,17.157,-6.2918148135823255
202210,574.0,222.0,201.0,14.881749437097344,14.774258298993486,5387.636,29.324729285806562
202402,167.0,60.0,57.0,14.191489181215928,13.482189351628595,1820.605,13.903332454424996
202410,233.0,20.0,25.0,10.969714381060083,10.969731596171508,161.812,-4.037195158742562
202301,103.0,44.0,12.0,12.395460841378068,12.295675661320923,418.47,-6.227889159480919
202404,478.0,10.0,28.0,11.312509181587025,11.312521400625508,122.791,-6.241276064534448
202312,211.0,97.0,46.0,12.749831952738463,12.74177915684462,724.547,-0.9199376200533393
202310,558.0,124.0,100.0,11.889799036218157,11.81139167897424,551.099,3.1271340288944938
202406,165.0,12.0,18.0,11.938421932383347,11.872011499891599,893.659,-6.271039005393656
202405,39.0,5.0,8.0,14.009338989343995,13.650539211985269,2074.733,-3.341393525623576
202410,1.0,0.0,0.0,9.648466262323895,0.6931471805599453,0.005,-6.2918148135823255
202303,305.0,143.0,76.0,11.87011027890316,11.715278381069137,513.854,-3.2144555934356545
202307,36.0,12.0,9.0,12.539769606061402,12.355203604757223,1055.531,-6.276933343152721
202404,200.0,0.0,0.0,11.15680750874218,8.805824812903607,188.975,-6.20711335129225
202308,81.0,8.0,35.0,12.725071775005306,12.049418835484797,920.807,-6.2918148135823255
202407,74.0,11.0,21.0,11.479864938843738,11.4798752749213,259.837,-6.2918148135823255
202211,494.0,15.0,11.0,12.677946400001135,12.517710473794185,1522.597,-1.5809287119617998
202301,2.0,0.0,0.0,14.260657170481018,14.260657811211143,660.534,-6.163963505379513
202401,527.0,187.0,98.0,13.33895591762565,13.023269849756652,1419.956,13.453410942262527
202402,44.0,3.0,15.0,14.10047218335326,12.200854052328749,1139.428,-6.2918148135823255
202303,7.0,1.0,3.0,13.5209878080051,13.126536657145955,2144.021,-6.227889159480919
202408,113.0,9.0,13.0,11.025914019303492,10.714839901863959,419.295,-6.250263197204988
202407,1160.0,406.0,243.0,12.087396085800025,12.04938374714991,2264.603,38.987238271931666
202407,85.0,14.0,17.0,13.398331609934496,12.932490178601514,2903.347,5.294931646016421
202401,5.0,0.0,0.0,11.717807281203845,0.6931471805599453,960.08,-6.2918148135823255
202208,175.0,34.0,46.0,10.865993708207245,10.032540180450741,702.422,-6.258381774551138
202301,410.0,217.0,118.0,15.832313239673832,15.358864435569552,8762.33,19.013610032581006
202410,250.0,11.0,11.0,12.61268709289486,10.200699075204039,592.582,-5.255559743171732
202403,489.0,183.0,117.0,13.050052865773191,12.811322602308598,1194.555,7.561896056581039
202303,173.0,37.0,45.0,12.801968012534363,12.648836749680669,686.549,4.493918290465253
202405,66.0,15.0,21.0,13.646393437614742,12.593322865217432,1978.111,-4.177849112367331
202301,165.0,63.0,40.0,12.626285141053565,12.528612562264072,591.436,-4.2689966844012694
202402,127.0,26.0,26.0,11.849383415775113,11.827575607973674,361.897,-6.201948687744196
202208,38.0,12.0,6.0,11.845188856817387,11.617996938859507,785.565,-6.2918148135823255
202303,17.0,5.0,6.0,11.881283890453764,10.496482851145633,315.207,-3.3748265646547635
202210,44.0,12.0,7.0,9.888982866333246,9.889033595565978,80.093,-5.943868808996254
202402,25.0,2.0,3.0,13.155295125639302,11.51596085351375,2249.354,-6.258381774551138
202303,364.0,63.0,129.0,12.10068435170876,12.070556427299017,713.849,-3.771586642210416
202212,328.0,45.0,79.0,12.480289467028385,11.64514599879465,1434.223,-6.194456120449732
202408,102.0,12.0,44.0,14.333440883460197,14.250276829950076,7194.197,10.632384699752288
202403,189.0,46.0,19.0,12.857319124975048,11.822782348863244,676.854,-4.139547146663057
202312,115.0,7.0,6.0,12.987747968875382,12.984566902232432,1561.794,-6.2918148135823255
202303,74.0,26.0,20.0,10.43429225861743,10.408616983757238,132.745,-5.319485397273138
202208,29.0,8.0,10.0,10.521156591920116,10.521183551548075,140.143,-6.2918148135823255
202402,90.0,9.0,45.0,13.355576064395322,12.894973322442688,1123.692,-5.2860523582419505
202408,139.0,59.0,32.0,10.308219058290542,8.001019961323651,1236.6,-2.9776156490408296
202310,203.0,8.0,16.0,10.41873339273561,10.35863131887484,241.532,-6.275982941585651
202402,75.0,14.0,16.0,12.351431936956661,12.30197810266724,777.378,-6.036112197176701
202210,150.0,15.0,21.0,13.489806733318183,13.481494103440275,1318.91,-5.224846400745453
202407,358.0,61.0,38.0,11.88046022704326,11.75073691476747,713.485,-6.2263945941048435
202207,93.0,9.0,23.0,14.091788348087524,13.193725440139975,3486.977,-4.347155980963951
202407,555.0,213.0,151.0,12.332700891167493,12.236902484322613,2017.82,13.060130712840484
202309,160.0,29.0,38.0,12.97568537411944,12.378234432873562,2293.838,11.44120552924039
202208,302.0,122.0,44.0,6.990256500493881,6.99117688712121,737.68,13.147524344115345
202410,7.0,0.0,0.0,12.767546705807561,10.028974172577543,957.119,-6.276933343152721
202210,195.0,1.0,3.0,9.739320206322216,9.539068413863964,69.315,-6.208711580827649
202207,86.0,4.0,22.0,11.680962143652815,11.221275530957062,1153.615,-5.595873445814275
202312,177.0,21.0,63.0,14.271163583088796,13.54814209334699,1683.767,22.17414746522816
202401,147.0,22.0,62.0,13.295879614236545,11.730517635846102,1023.108,0.04627673114072284
202402,39.0,4.0,20.0,13.980409552858003,13.600657544967799,2226.261,-5.094275395937732
202409,11.0,7.0,2.0,8.430327258394575,0.6931471805599453,109.757,-6.2918148135823255
202308,158.0,4.0,25.0,9.312355297382913,9.312445594913337,231.109,-6.2867327161806745
202407,40.0,4.0,20.0,14.507448007094128,14.3621979908453,2864.295,-5.094275395937732
202301,27.0,11.0,2.0,13.4593526232104,13.22469250303864,2489.934,-5.04596088647694
202212,53.0,23.0,18.0,10.798043792264277,10.782304843886733,136.22,-6.2918148135823255
202207,60.0,2.0,11.0,10.265836369570664,10.032012684724414,224.781,-6.250263197204988
202207,90.0,22.0,21.0,11.987904197838708,11.74926950519163,435.608,-6.2918148135823255
202409,84.0,12.0,29.0,13.627778792348035,12.53892763350296,2283.655,-5.303653525276463
202308,88.0,5.0,8.0,12.614270682450737,12.062236916542783,653.275,-2.402497148345576
202408,35.0,11.0,18.0,11.021510234724062,8.773384596776648,151.316,-4.347155980963951
202402,418.0,68.0,153.0,13.865425803278207,13.625250373484775,1976.037,-5.214820367151807
202301,115.0,27.0,58.0,13.45754192042186,12.767409808192502,1782.996,-5.95730507264569
202401,215.0,28.0,83.0,15.828616631630796,14.58066439732176,9366.415,7.781762215701484
202406,104.0,26.0,21.0,13.254911536813458,12.92773196426503,1513.419,12.182444096292235
202303,66.0,30.0,18.0,14.454330900223026,14.13438819922021,5644.113,-4.1061141076318695
202410,258.0,40.0,39.0,10.744062867162505,10.42088155718015,243.47,-2.7358262982203336
202402,525.0,120.0,141.0,15.351535917922789,14.269967714623752,4505.903,53.20894635629451
202406,35.0,11.0,18.0,10.417807065556374,9.074520648833648,96.964,-4.347155980963951
202301,124.0,17.0,24.0,12.495524401168547,12.388681661003924,454.459,-1.3298686149428258
202308,123.0,20.0,15.0,11.723145870993948,11.352474982994442,207.524,-6.2918148135823255
202303,24.0,5.0,7.0,11.162544955165616,11.067450532442367,363.631,-6.227889159480919
202208,453.0,181.0,125.0,14.934875349451321,13.336814861919033,4160.942,3.833854928671535
202301,293.0,91.0,32.0,12.925343122081825,12.821720340018532,545.512,-0.755002172457008
202405,44.0,11.0,8.0,9.831991550831058,9.832045255081763,76.716,-5.943868808996254
202404,125.0,46.0,15.0,12.838776906514832,12.468879119900759,578.456,-2.0396696733299002
202211,88.0,7.0,15.0,12.498130131882602,11.990128118942657,456.507,-6.2918148135823255
202408,127.0,16.0,89.0,11.526729745946625,11.526739608803599,480.91,-6.256157534964052
202403,89.0,38.0,22.0,11.394558508865478,11.394569765373147,391.183,-5.2860523582419505
202210,72.0,12.0,41.0,12.717374156044102,12.618897272488725,1580.917,2.07103552411977
202403,74.0,21.0,33.0,12.941714021702484,12.875226781245162,675.975,-6.276933343152721
202307,134.0,25.0,30.0,11.734291437326675,11.597404471548167,500.941,0.8958701441992449
202403,213.0,43.0,130.0,12.959373748909867,12.913302695340738,859.91,-5.255559743171732
202303,103.0,27.0,13.0,11.932970435122167,11.643251726645802,461.371,-3.3748265646547635
202406,98.0,19.0,44.0,12.612384062084963,12.546355469774445,996.557,-5.319485397273138
202208,105.0,35.0,12.0,9.63266259715077,9.632728147280256,269.71,13.884065353254256
202208,17.0,7.0,5.0,11.760746018996878,11.760753823966303,899.675,-6.163963505379513
202303,30.0,1.0,10.0,11.760238565271623,11.495718266632508,259.196,-6.276933343152721
202401,25.0,1.0,7.0,12.183095685366157,11.095741963907866,635.692,-6.276933343152721
202301,391.0,72.0,143.0,15.264605759453628,14.939195874660504,5265.892,16.171416803089485
202405,310.0,17.0,31.0,13.468150665337893,13.3901437176492,2252.21,-2.2504654818286776
202311,275.0,9.0,1.0,11.166992617563398,10.230774879580268,307.774,-6.256157534964052
202402,129.0,27.0,53.0,13.723338249887046,12.852345700146524,811.904,-6.174409986472073
202408,133.0,14.0,46.0,12.793184082517225,12.241989831116955,1941.738,5.476437299221486
202401,146.0,0.0,10.0,8.544419177669829,8.528528701079983,80.65,-6.256157534964052
202401,584.0,122.0,171.0,14.30433716814268,13.603285927674227,2763.555,6.864439025423993
202210,80.0,12.0,35.0,12.988930265664367,12.706647913439996,1047.553,10.271290411545868
202303,72.0,22.0,39.0,11.998857806012943,11.94152750467963,439.214,-6.271039005393656
202210,558.0,209.0,91.0,14.453094815916835,14.272400451814622,1261.581,27.94024569250825
202301,651.0,99.0,170.0,14.582648168055792,14.427024057590303,2965.456,125.81904109846782
202207,146.0,58.0,16.0,10.257869870414977,10.247112717290387,167.645,-5.255339015815672
202311,203.0,32.0,52.0,13.241173441042434,13.209998726349628,1059.106,17.20537552507217
202407,99.0,32.0,42.0,11.163509822713086,10.93736574538763,882.284,3.5751625297090346
202208,371.0,74.0,71.0,11.286977986323285,11.277873792581646,683.917,8.973407295587013
202409,393.0,103.0,81.0,13.728992513811441,13.719594194467733,3636.354,4.89397788227855
202303,165.0,13.0,17.0,12.24802999529068,12.119779192589574,755.308,-6.271039005393656
202409,84.0,11.0,8.0,8.348774539791274,8.349011198176003,32.314,-6.276933343152721
202301,126.0,28.0,58.0,13.635567769655838,13.459883636087094,1357.34,-6.2867327161806745
202303,702.0,215.0,112.0,11.83299243956601,11.468754117624824,1792.068,11.541046640105423
202401,56.0,19.0,28.0,14.092607302995233,14.083507391229622,2095.696,-6.19812621862171
202405,16.0,6.0,4.0,13.262464392722542,12.994823144743235,1632.101,-6.258381774551138
202404,252.0,45.0,111.0,12.989074241147648,12.852361419874258,875.823,-6.276933343152721
202303,296.0,30.0,113.0,13.432283344773676,13.297643534964706,2259.5,14.357324774990603
202208,75.0,26.0,28.0,11.51207510351539,11.472894823913874,1038.408,-6.153716744429807
202405,43.0,5.0,8.0,11.967828146680723,11.434780122826425,237.97,1.4868205168911732
202401,110.0,22.0,33.0,13.072542682420373,13.072544784583393,665.781,-6.235381726775383
202410,58.0,11.0,15.0,13.454583730423284,12.56784010059482,3124.975,-0.19024800335391845
202312,515.0,131.0,107.0,13.096522355644503,12.892794226068416,2572.229,38.665956400332135
202407,532.0,175.0,87.0,12.036019522790072,11.985394801858867,1266.088,-2.8203257914941924
202404,23.0,7.0,10.0,13.743176396293523,13.709385305525355,1731.279,-6.173680312261062
202303,627.0,194.0,224.0,13.935275628091967,13.892212306227652,1744.839,25.408809831027632
202301,65.0,30.0,18.0,15.204487068902319,14.77431350313381,8356.506,-4.1061141076318695
202306,175.0,4.0,11.0,12.006303765532415,11.346256760583998,270.662,-6.2918148135823255
202406,150.0,62.0,27.0,11.181792946644501,11.18180687199072,403.94,-3.9888806492817697
202407,180.0,54.0,40.0,12.612757010043067,11.5218653845397,1812.336,-4.19852886457247
202301,284.0,89.0,102.0,14.344666549313194,13.816823695421778,2448.178,7.814416221925754
202404,113.0,14.0,43.0,12.070172735896728,12.055738008673774,349.06,-6.2918148135823255
202310,418.0,192.0,95.0,12.42992394633062,12.397865870781942,679.452,-1.734922873252474
202311,7.0,1.0,1.0,12.358394511238712,10.870775534981187,1016.32,-6.2918148135823255
202301,631.0,242.0,147.0,14.110646530946772,13.580065401216046,4294.479,27.669810621243236
202309,36.0,3.0,10.0,10.355390854750077,10.312512981839049,113.406,-6.276933343152721
202211,216.0,39.0,80.0,13.504996474262764,13.34696826045302,1498.846,4.864773966773923
202210,21.0,5.0,7.0,12.559296641792647,12.249069872515955,1111.936,-5.158201050039138
202312,196.0,45.0,93.0,12.719063922575346,12.64355308307035,1135.086,-5.265276550053281
202303,45.0,14.0,16.0,12.644579157715338,12.053020528728196,543.513,-4.283230326862545
202208,253.0,61.0,96.0,12.519122712206894,12.137204766231374,2154.02,13.08523394510152
202301,33.0,8.0,4.0,11.843149651687678,11.843156839287632,157.971,14.127102928910608
202401,101.0,9.0,28.0,13.546044233466363,12.315953429364752,831.652,-6.220500256345779
202307,11.0,4.0,1.0,12.744905382854366,11.86086032541093,2507.211,-6.2918148135823255
202408,198.0,59.0,38.0,12.358879565773933,12.190547755654896,1359.192,25.22950120805192
202407,43.0,0.0,0.0,13.923765680203347,0.6931471805599453,8630.654,-6.2918148135823255
202207,52.0,18.0,14.0,11.538320269990171,11.538330019191955,288.925,-5.319485397273138
202301,114.0,7.0,5.0,13.075902598110167,13.075904693221958,1982.915,-6.2918148135823255
202308,194.0,14.0,49.0,11.955037463970559,11.809884374202218,653.814,-6.276933343152721
202403,177.0,68.0,34.0,14.069933372425615,13.863310708422292,1714.867,-2.2077797620803885
202303,105.0,13.0,52.0,12.868136712676371,12.69832688371073,1473.488,-5.718692015211344
202406,15.0,9.0,0.0,14.190568003651013,0.6931471805599453,2616.479,-6.227889159480919
202303,22.0,7.0,11.0,11.446016135686655,11.372064418801726,160.233,-3.3748265646547635
202401,142.0,19.0,34.0,12.815093374607327,12.808791709597388,506.864,-6.2168301581738
202408,12.0,1.0,2.0,13.321628904261148,13.059172214838068,4639.977,-6.194456120449732
202404,98.0,46.0,27.0,10.240673819890999,9.780359005054978,186.085,-4.387617461125155
202303,106.0,36.0,46.0,11.473435915683751,11.473446318425914,639.978,-5.099390700889879
202303,8.0,2.0,1.0,12.758931370131007,0.6931471805599453,2058.656,-6.2918148135823255
202311,9.0,3.0,3.0,12.117388961924064,12.089769139829361,915.302,-6.227889159480919
202303,399.0,129.0,53.0,11.258265446438227,11.239698413488032,614.383,-3.026880560068692
202306,143.0,19.0,32.0,11.867076225837653,11.829253301611917,485.017,-6.2168301581738
202307,22.0,0.0,0.0,13.673793756095762,10.137610607893345,27171.719,-5.319485397273138
202301,161.0,33.0,59.0,13.510904750227127,13.447108548570975,1607.752,29.78743310275093
202210,204.0,40.0,57.0,13.1474500586809,12.884514734255422,1009.801,-3.3748265646547635
202311,24.0,3.0,3.0,13.225455923161606,12.221527600085034,1451.899,-4.347155980963951
202208,64.0,0.0,4.0,9.786897554926753,0.6931471805599453,553.189,-6.2918148135823255
202308,16.0,8.0,1.0,11.484443682534579,9.469931564261438,829.938,-5.319485397273138
202407,114.0,29.0,26.0,12.113238896837549,12.11324438321898,752.843,-4.34708387212313
202310,186.0,27.0,51.0,12.593336443549132,12.156656535497499,759.076,-5.894027246512613
202402,230.0,18.0,32.0,12.857300875967336,12.135591166616763,361.054,-6.271039005393656
202208,227.0,74.0,42.0,10.113383743764707,10.110542371500753,384.281,-2.8464186341814224
202311,167.0,59.0,58.0,13.690313481101185,13.086056175851207,1221.419,13.903332454424996
202303,236.0,82.0,44.0,11.463997791346804,11.45417283987406,425.628,-5.914105868137046
202407,144.0,82.0,25.0,11.749253714886878,11.749261610070421,547.827,-6.227668432124859
202401,42.0,4.0,30.0,12.879929967305692,12.431892612047792,948.989,-6.2918148135823255
202306,345.0,59.0,38.0,11.613413127540047,11.577504610282627,194.671,-4.296617231916073
202308,5.0,0.0,1.0,5.111987788356544,0.6931471805599453,21.661,-6.2918148135823255
202311,300.0,47.0,59.0,12.177966337907403,11.822863036320424,464.683,-4.296617231916073
202208,95.0,14.0,56.0,12.684834682699796,12.68153634144527,787.685,-6.271039005393656
202310,139.0,5.0,44.0,11.74615399153799,11.110804758112454,381.888,-6.123224129359589
202308,52.0,4.0,9.0,15.606161579758059,14.902132920551583,11948.917,-5.2406782727421275
202211,29.0,14.0,10.0,11.501105888164886,11.501116007010731,221.721,-2.182402451962317
202308,355.0,80.0,64.0,11.510271947504664,11.482950676218291,535.97,-5.236382164518462
202406,176.0,29.0,79.0,11.245124448111596,11.245137518896433,1012.442,-1.32159766664617
202210,59.0,12.0,16.0,12.019875588677822,11.911453231942895,309.278,3.431479349509548
202308,167.0,8.0,53.0,13.11715986257273,13.05126686624674,1415.869,-6.241276064534448
202208,322.0,76.0,125.0,13.404536302332303,13.357070215484393,2319.651,7.625813900775691
202210,41.0,6.0,28.0,12.9844337553046,12.949706169980676,1265.256,-5.2860523582419505
202310,302.0,59.0,61.0,10.254602065894211,10.252981776705631,503.916,3.2472853305529483
202410,302.0,63.0,55.0,11.370312963609512,11.251430822272095,406.561,-6.171456072673977
202310,423.0,17.0,23.0,11.10920383611844,11.059125838870145,827.103,6.568562294820367
202303,191.0,38.0,34.0,13.313115959676136,13.126863237829221,924.883,-1.3633016539740135
202210,163.0,42.0,41.0,11.695263688291963,11.634337463523888,942.379,-6.2620518727231165
202410,70.0,21.0,15.0,12.199717494267091,7.711996507047669,321.91,-1.4301677320363888
202303,367.0,74.0,70.0,12.194349193626568,12.175536115468523,515.327,8.973407295587013
202401,92.0,8.0,39.0,13.212302796824096,11.954703215736712,423.792,-6.2918148135823255
202210,344.0,184.0,41.0,11.019153595770065,10.70191774575062,550.741,-0.9845702769134288
202212,115.0,56.0,47.0,13.121955294149682,13.024713061616401,1418.581,-4.292947133744094
202312,69.0,11.0,22.0,14.380294681301077,13.917945297710896,3692.159,-4.165908065898695
202303,73.0,3.0,17.0,14.23583734881114,12.643833906239138,3795.4,-3.2135422174207635
202403,111.0,28.0,61.0,12.71959662545646,12.68218259320767,789.164,-1.9261143207481028
202312,279.0,105.0,54.0,11.625798689427826,11.370658888616422,569.294,-3.3020254496384642
202308,166.0,35.0,24.0,11.58931226718867,11.494364266781965,559.551,-5.2828777170877945
202211,130.0,36.0,12.0,10.680263311535647,10.680286305591684,140.929,-5.255559743171732
202303,312.0,41.0,59.0,13.363719272576207,12.021223898078274,768.193,-3.345063623795555
202301,170.0,14.0,69.0,14.593181315169874,14.372024396969653,2440.276,12.740767990380013
202312,200.0,62.0,73.0,13.852082574106918,13.583594893925238,2400.323,8.630543388402591
202208,148.0,26.0,12.0,13.052299218007628,12.65531856653509,3528.454,-6.22494873551995
202303,85.0,9.0,18.0,11.349229372299439,10.718387656089568,432.34,-6.243500304121533
202310,6.0,1.0,0.0,15.207883407584633,15.057848805958638,7799.625,-6.163963505379513
202210,49.0,26.0,13.0,10.422370627679848,9.95655427347282,303.221,-6.276933343152721
202403,119.0,53.0,53.0,13.405666877885476,13.294843330767408,1403.332,-4.287865036342443
202212,188.0,18.0,49.0,13.406668253542968,13.294122682826604,714.986,-6.256157534964052
202408,273.0,75.0,90.0,14.707399574933223,14.266924973429793,6653.146,19.831265623789143
202409,227.0,22.0,19.0,7.768956044538332,7.769378609513984,146.201,-6.241276064534448
202211,517.0,248.0,89.0,11.249740864118834,11.249753874702945,1002.656,3.9417094614925983
202301,2.0,0.0,0.0,13.87235108795117,12.78678434176033,1447.122,-6.163963505379513
202307,67.0,25.0,21.0,14.219396419719102,11.865896558114324,4872.474,-4.3263801727752815
202212,4.0,0.0,1.0,11.829041921334367,11.031820442653318,1530.059,-6.227889159480919
202207,98.0,22.0,44.0,13.130321626369374,12.267327656844685,1929.821,-6.271039005393656
202405,183.0,37.0,94.0,11.610451370059467,10.893493322232564,1550.264,16.664095550055492
202403,454.0,128.0,74.0,11.91900371839971,11.886776059309051,708.418,0.5145814766351418
202303,526.0,95.0,64.0,12.363277228872088,12.283792657834065,548.412,-6.124010118537575
202310,54.0,28.0,13.0,11.500771908797658,11.116989807078193,466.194,-3.2774678715221697
202210,102.0,10.0,19.0,12.658189124282147,11.947768129122375,752.888,-6.1429669698347835
202405,54.0,13.0,19.0,11.592364913796654,11.592374150093454,293.99,-6.163742778023453
202301,253.0,61.0,97.0,13.763810865218623,12.936705862484342,1997.564,13.08523394510152
202207,68.0,3.0,13.0,12.129223998077638,11.291380635019715,962.333,-4.3313241089672765
202211,483.0,11.0,19.0,9.708566960165658,9.368625350941896,103.286,-6.241276064534448
202408,120.0,17.0,43.0,12.661815699400554,12.414711510641501,1089.878,-5.319485397273138
202307,214.0,63.0,55.0,9.950895809931119,9.950943493692423,575.721,3.1907485795866837
202405,81.0,34.0,8.0,9.726153537253213,9.709235104874208,80.045,-5.996362363483974
202307,62.0,9.0,4.0,11.094663829431445,10.765089759059482,411.037,-6.2918148135823255
202408,258.0,81.0,29.0,12.5215875169734,12.292507189516964,1015.892,23.989307401512413
202404,219.0,65.0,84.0,13.36690357900241,13.344315819629669,1381.431,-2.134087942501525
202405,1142.0,534.0,184.0,12.743249992605751,12.654134172935382,2767.318,30.69131686072498
202404,184.0,13.0,47.0,14.947924415532176,12.990079206675121,4443.755,-6.240325662967377
202401,165.0,73.0,33.0,11.765371474993175,11.733216953015813,324.044,-2.934637171888246
202307,1109.0,386.0,207.0,12.60843293868486,12.282811439749063,2463.48,56.34459515546639
202405,84.0,13.0,18.0,10.910824842428626,10.910843101765995,122.847,-5.851625420815807
202207,63.0,17.0,19.0,11.757462534305374,11.757470364944314,726.829,-5.2777956196861435
202306,106.0,29.0,35.0,14.012389802223185,13.499214996321742,4127.835,-4.971539392687067
202303,126.0,16.0,49.0,12.812999953959677,12.172071088854159,451.564,10.273978698504814
202306,75.0,7.0,36.0,13.129744072937072,12.579448352129726,926.577,11.430209376366305
202309,167.0,10.0,62.0,13.744726440296198,12.652094112880667,1917.6,-6.271039005393656
202403,296.0,30.0,113.0,14.014103186649615,13.816844667644071,2468.969,13.384995358681413
202404,214.0,71.0,22.0,11.07276021053247,10.987223061973808,522.16,-3.1131802518941663
202404,136.0,55.0,29.0,12.858600935942775,12.443860444508111,1035.09,-2.2509296079931254
202210,124.0,36.0,51.0,13.02066503667938,11.206549750071193,1486.784,9.747246737318589
202407,17.0,8.0,1.0,10.161496191176417,10.161534819858218,264.892,-6.1171916303908676
202310,426.0,106.0,101.0,12.90281585262943,11.313119950686437,934.192,8.692327369063316
202310,254.0,57.0,29.0,12.563009055283741,12.488771070213335,641.328,26.84236999633857
202402,529.0,161.0,90.0,12.665249122126838,12.648820693084376,731.368,-4.156756520839071
202405,205.0,59.0,40.0,12.631078908845174,11.849897576633092,773.808,2.899339325966878
202405,58.0,5.0,19.0,12.376414396813049,12.194065851605556,593.16,-6.246220000726442
202212,57.0,9.0,11.0,14.186524308108563,13.433498758240797,5070.571,1.5507461709925794
202208,843.0,347.0,137.0,8.798303718484979,8.798454696065095,1456.854,4.7256884852705845
202301,164.0,53.0,27.0,14.944568634027043,13.6843854108647,1939.841,10.26396913421897
202303,281.0,77.0,63.0,13.944708198435912,13.539763643971352,2169.351,5.793174504363455
202408,16.0,2.0,4.0,12.546512002712499,12.32577384034246,1076.39,-4.246856863870388
202309,57.0,17.0,17.0,13.60910120564123,13.274208544435377,5071.262,-5.0659576618586915
202311,88.0,5.0,6.0,10.102625255383492,10.102666226396506,235.954,-6.2918148135823255
202405,139.0,5.0,44.0,12.028517710323861,11.381893802558045,328.771,-6.123224129359589
202404,28.0,3.0,7.0,13.498070063348218,13.025603547364653,2628.679,-5.892429016977214
202207,114.0,5.0,12.0,10.027694355990315,10.027738514873985,169.25,-6.2918148135823255
202303,153.0,38.0,44.0,13.431793242913658,13.428684164774875,1704.475,10.74701561549393
202212,37.0,5.0,9.0,14.193383136116578,12.339348380477057,788.167,0.5303229725786602
202401,94.0,15.0,28.0,14.257968257780059,12.548739938814299,2075.791,15.483328385828434
202410,321.0,42.0,99.0,13.357348539281135,12.684692176069898,2317.04,-5.078443523941058
202212,56.0,19.0,28.0,13.895612033141736,13.884606490806888,1942.277,-6.19812621862171
202212,538.0,266.0,88.0,13.616167758235983,13.379947002032077,1585.096,10.293526005079686
202310,447.0,217.0,62.0,10.40232156344974,10.402351924902842,912.801,19.492656677780566
202312,1177.0,550.0,167.0,12.407861806185963,12.27717395935623,2039.136,17.863096643788055
202307,25.0,4.0,11.0,12.608773937815608,12.25957549704748,2561.908,-6.097097427317138
202312,24.0,9.0,12.0,12.100539892818176,11.942653825214071,749.8,-6.2918148135823255
202409,88.0,8.0,8.0,9.425371103179842,9.425451751593128,54.169,-6.240325662967377
202403,28.0,8.0,10.0,12.935865110286864,12.859217807797451,1175.265,-3.3109009105533573
202403,30.0,8.0,10.0,11.15753540949437,11.157549676763116,106.047,-6.2918148135823255
202212,14.0,5.0,3.0,12.065182817330866,11.77493582066555,864.904,-6.163963505379513
202208,210.0,27.0,81.0,15.345327607069333,14.045809250096575,11287.071,7.561667519318224
202211,13.0,3.0,6.0,12.080038790282883,12.080044461869651,939.158,-6.163963505379513
202401,16.0,4.0,2.0,12.421417868771309,12.05601690332313,985.601,-1.4152862616067843
202210,101.0,49.0,28.0,9.894799924138562,9.250330020192342,185.814,-4.387617461125155
202212,543.0,167.0,87.0,13.945430311464797,13.443076372644427,1372.963,36.01560806221079
202303,88.0,14.0,10.0,13.041428772108329,12.654511032486205,637.727,-6.1915156964887625
202409,442.0,120.0,70.0,11.623751020059114,11.484371657552167,722.815,-3.016633799118986
202211,187.0,73.0,54.0,13.133188572976485,12.912942734784583,618.274,-5.319485397273138
202208,2.0,0.0,0.0,12.821701429660381,12.708113798563897,0.0,-6.227889159480919
202405,265.0,60.0,66.0,9.654128354403506,9.543664802306665,309.531,-4.574499845833286
202303,155.0,15.0,34.0,14.630018809814178,13.799992777585913,13630.657,3.019648708279318
202312,166.0,28.0,74.0,14.085880384544229,13.986615273886397,2446.27,30.897573510738717
202407,214.0,71.0,23.0,10.590239326007213,10.530761988945365,604.856,-3.1131802518941663
202303,105.0,31.0,36.0,13.942599492449665,13.639310228175255,1862.802,-4.150296921258081
202211,109.0,23.0,46.0,11.543571055084616,11.543580753229845,398.713,-2.7145424755049867
202212,75.0,7.0,36.0,13.217971694579472,12.646586313914742,1179.837,11.430209376366305
202301,18.0,2.0,5.0,13.361290510066292,10.700882129466427,469.019,-6.2918148135823255
202407,14.0,0.0,6.0,12.798260721108788,12.394252011808288,470.813,-3.307960486592388
202405,65.0,0.0,4.0,9.772923182515012,0.6931471805599453,351.431,-6.2918148135823255
202303,472.0,83.0,130.0,15.569675803920285,15.216027792781633,13428.819,119.62905105628394
202303,25.0,4.0,11.0,12.650947551478087,12.3045913090051,2070.489,-6.097097427317138
202407,216.0,40.0,74.0,11.984540295533735,11.959890737589388,763.965,-6.2425499025544635
202408,205.0,81.0,50.0,11.071050489577583,11.034986433538457,796.378,6.5495342670106105
202303,255.0,79.0,68.0,12.46631543048127,12.456181347214821,646.017,6.942692169951551
202403,171.0,46.0,46.0,11.781118860838147,11.613838103472009,327.027,-4.375180957638697
202307,14.0,5.0,6.0,11.56269610070124,11.461537429252754,612.971,-6.291742704741504
202208,296.0,37.0,111.0,14.597492909723004,14.225212677249816,7909.804,56.96673785829463
202310,478.0,171.0,107.0,11.598166943279493,10.665460924025925,791.415,7.411127266748876
202310,35.0,1.0,13.0,12.686035887764216,12.605372118447374,1038.32,-2.60771871543789
202310,276.0,20.0,155.0,13.942453292975193,13.934135905443098,2205.25,13.469047419563752
202404,311.0,132.0,33.0,11.82821054484798,11.38226993309117,506.579,-2.855830047357235
202210,195.0,63.0,53.0,12.159986821334819,12.048435896418084,572.931,0.38078647207735816
202306,27.0,2.0,3.0,14.981930082197431,10.467266092754791,16711.459,-6.2918148135823255
202301,313.0,69.0,101.0,15.342944607583286,13.332048772634009,4223.684,24.90548162687338
202303,469.0,9.0,3.0,12.57902489245793,12.042517885627621,779.174,-6.204172927331281
202210,187.0,45.0,19.0,12.837812397960755,11.40332263005427,746.884,-3.2950690385566825
202207,216.0,58.0,62.0,11.276088586524017,11.180929196242513,751.265,-5.047950908870839
202306,94.0,15.0,28.0,13.147278404283199,11.940562939343533,1852.86,15.483328385828434
202303,367.0,72.0,105.0,10.578801664944281,10.529452721013085,366.897,1.2817470255865828
202301,219.0,21.0,106.0,14.148851468525823,13.156242928838006,1652.654,-6.156574602244373
202407,15.0,1.0,6.0,12.031242954494514,11.352263633527313,1064.07,-6.2918148135823255
202408,108.0,10.0,15.0,9.691531190612483,9.691592993399809,591.038,-4.682144187396456
202303,334.0,43.0,65.0,12.61622674312447,11.967041044951628,645.346,-5.0525165420414595
202405,116.0,44.0,19.0,12.977460141198849,12.061514971997195,1233.599,-3.244034832490982
202210,173.0,33.0,28.0,11.49741580966931,11.460737033224643,484.753,-6.2918148135823255
202211,88.0,32.0,19.0,10.313110670792955,10.313143865262761,363.026,1.8350592788815394
202310,56.0,1.0,1.0,10.658740610253117,10.658764104561621,1713.87,-5.780409580771076
202210,43.0,15.0,8.0,9.118225083068378,9.118334726180159,375.149,-6.20711335129225
202401,252.0,90.0,35.0,14.551306703117836,13.228849059824556,1668.218,-1.6575115969057244
202210,556.0,235.0,161.0,13.622218241857077,13.39044664178738,5128.165,16.622141613227726
202404,163.0,32.0,60.0,12.931142337423342,12.923365947918198,1159.73,31.73209193536931
202210,1516.0,222.0,850.0,15.302563637696988,15.145922954941447,10269.01,-0.20718329967289417
202308,38.0,8.0,9.0,10.720510282751615,9.227099155791137,369.179,-6.2918148135823255
202308,83.0,9.0,16.0,9.842887930407198,9.758288355043923,157.059,-3.3109009105533573
202402,268.0,55.0,128.0,15.543281399280206,15.210709406203678,7297.331,-3.2153115124586016
202407,104.0,26.0,14.0,12.299740568477691,10.809263194110516,1022.197,-3.3748265646547635
202310,44.0,11.0,21.0,12.347116374761109,12.347120717008352,2674.3,-5.0637827808675135
202301,646.0,107.0,148.0,14.748687118390412,14.686304217485276,1932.438,-4.284828556397944
202308,49.0,0.0,1.0,7.550661243105336,0.6931471805599453,115.942,-6.2918148135823255
202403,3.0,1.0,1.0,11.937833658623,11.855401073808958,480.187,-6.2918148135823255
202310,16.0,2.0,4.0,12.03374696310672,11.529743249896388,639.797,-4.246856863870388
202406,152.0,51.0,32.0,9.791214310053341,9.791270249415089,289.793,-3.852757740977576
202404,253.0,79.0,68.0,12.269169502969847,12.253051646724169,616.595,5.9703627536423625
202410,367.0,55.0,20.0,12.21118455741635,11.151008232789549,356.779,-6.187067217314591
202212,214.0,72.0,22.0,11.813859343097757,11.624779849744371,586.934,-3.1131802518941663
202310,642.0,60.0,222.0,14.17771041144379,13.308047607403465,2605.861,32.537189771194676
202406,533.0,262.0,88.0,13.113439679383287,12.899562267450383,1435.42,10.105095052689775
202210,246.0,91.0,26.0,12.344115720193917,11.691531795516703,434.173,-4.2534673860033365
202301,176.0,28.0,80.0,11.957393313759452,11.957399725392719,1347.879,-1.32159766664617
202306,102.0,10.0,50.0,12.732362085786502,12.732190741114458,794.877,20.75215524807929
202410,40.0,8.0,19.0,9.84659969032908,9.84665261578359,238.652,-4.299660364973927
202406,233.0,46.0,73.0,12.371404864016862,12.364882454738154,785.814,-6.101636080813506
202409,35.0,3.0,27.0,10.780559171255721,10.780579971006125,142.684,-6.2918148135823255
202403,28.0,3.0,7.0,13.513925620343501,12.960634723791586,3092.466,-5.892429016977214
202303,42.0,6.0,6.0,12.842630955911737,12.203278746225779,248.901,1.4868205168911732
202403,41.0,6.0,27.0,13.351711639626037,13.306343557921153,1413.637,-5.2860523582419505
202307,54.0,22.0,10.0,10.757711372994065,10.757477258212903,444.187,-6.237605966362469
202409,33.0,0.0,0.0,7.77863014732581,0.6931471805599453,341.089,-6.2918148135823255
202312,400.0,130.0,53.0,11.709133490243195,11.699670556823962,700.564,-3.026880560068692
202401,35.0,2.0,14.0,14.374363197633263,13.54013379699631,2615.2,-6.143187697190844
202407,331.0,101.0,67.0,11.44577018978282,11.441644262965264,679.957,-1.0324952187598528
202312,118.0,17.0,27.0,15.279737478883913,13.985418719718039,2684.186,4.54948196841212
202404,224.0,73.0,41.0,10.908338461389762,10.908356766182873,356.478,-2.8305867621847476
202303,29.0,5.0,15.0,12.622454613951057,12.622457911087329,671.367,0.734585796965245
202301,105.0,35.0,12.0,12.053771920148176,12.053777742683133,301.008,13.884065353254256
202210,23.0,7.0,11.0,13.487603534948242,13.457889452269931,1790.92,-6.173680312261062
202301,77.0,11.0,42.0,14.084355317054424,13.600048676928882,1825.066,-5.155260626078169
202403,143.0,38.0,50.0,13.44243470859305,13.231589013849888,1157.137,-4.2505269620423665
202210,71.0,8.0,46.0,11.767645199719182,11.767652951026246,599.206,4.403808765818736
202308,45.0,22.0,13.0,12.366693775344789,12.235354710454352,464.603,-5.2860523582419505
202409,28.0,4.0,4.0,10.018110043372825,9.344346651823917,142.203,-6.271039005393656
202406,114.0,61.0,21.0,12.264737701592287,12.236373890539467,1133.717,-1.2657087436482328
202301,68.0,11.0,22.0,14.393606530526451,13.430973913748602,3531.711,-5.138237482207883
202407,377.0,56.0,86.0,13.1433809526268,12.673266079874397,1296.285,-6.000710953668257
202406,280.0,7.0,5.0,9.770870027921289,9.770927116951647,91.268,-6.2768612343119
202207,422.0,72.0,151.0,13.310017358187405,13.251401942376729,2131.069,-5.214820367151807
202301,17.0,3.0,7.0,12.162005808865857,12.162011034113206,242.156,-6.213007689051315
202303,234.0,81.0,50.0,12.97900788595904,12.880780868573515,556.891,-5.298709589084469
202210,2.0,0.0,0.0,13.427728184708418,13.335771694730381,895.178,-6.2867327161806745
202310,14.0,6.0,2.0,12.915629448748902,12.87576438538691,1264.173,-6.079262043089438
202309,26.0,3.0,5.0,9.921327470664458,9.921376585371869,57.304,-5.319485397273138
202405,153.0,45.0,55.0,11.586956291291145,11.586965577678694,570.557,-4.3313241089672765
202303,70.0,6.0,17.0,14.38143440817411,12.823258984587529,2482.776,0.003126885227985987
202303,163.0,5.0,5.0,9.305650551780507,8.384347278082808,115.542,-6.2620518727231165
202402,4.0,0.0,2.0,12.731005295642845,9.069813136839207,141.698,-6.227889159480919
202211,248.0,43.0,73.0,11.590589962326705,11.579817464503643,296.83,-6.251075437562401
202212,9.0,3.0,3.0,12.666161662034842,12.50742090874577,1054.736,-6.227889159480919
202410,15.0,1.0,1.0,14.284882737887843,13.859470025464729,2975.713,-5.239727871175058
202403,43.0,15.0,8.0,11.45732818486782,11.457338756530477,388.497,-6.20711335129225
202303,263.0,26.0,90.0,13.169420612347448,13.087850604488239,744.233,-5.283828118654865
202210,481.0,104.0,38.0,13.039099152879805,12.8834994052397,1021.261,-6.2127869616952545
202407,108.0,12.0,9.0,9.181838011503471,8.592671652592143,318.838,-3.3646623698514615
202307,166.0,7.0,2.0,11.036420749382133,8.111928063310739,1148.008,-6.2918148135823255
202405,455.0,189.0,58.0,12.613788552023458,12.545419318426879,518.375,16.63319744833789
202310,56.0,20.0,16.0,13.340277277901407,13.052391455375195,1755.232,-2.118476797860911
202403,60.0,2.0,11.0,11.35949452606732,10.909801787057871,150.81,-6.250263197204988
202303,148.0,66.0,20.0,11.785422831096806,11.777487312981206,131.937,-2.635735350973976
202210,34.0,11.0,11.0,12.206872325700738,12.08549132331937,967.418,-0.13530282880969757
202301,62.0,14.0,2.0,9.485165142425407,9.48524111006323,233.117,-6.271039005393656
202402,264.0,19.0,58.0,12.310081247764717,12.310085753842289,910.109,-6.250263197204988
202211,81.0,9.0,6.0,13.146040840758685,12.659657852094032,891.552,-6.271039005393656
202210,89.0,31.0,9.0,13.35273196516977,12.846261989225342,3566.195,-4.870834689640164
202407,233.0,46.0,73.0,12.219122129439604,12.213351093248871,911.109,-6.101636080813506
202410,190.0,68.0,65.0,12.686295752574106,12.516538192253783,686.797,-1.8776062932889834
202407,347.0,79.0,91.0,12.635690383065665,11.987381666785986,1260.865,3.6664555163224097
202407,325.0,82.0,96.0,14.110906303397988,13.979430505577676,2387.865,14.759069283981342
202402,23.0,6.0,7.0,14.626943314552701,10.289328017507993,1938.866,-6.2918148135823255
202402,269.0,89.0,79.0,13.406066042507016,13.359726943366319,788.54,-2.7010878658506288
202406,80.0,12.0,36.0,13.08855423525186,12.910320485161023,1130.74,10.271290411545868
202309,13.0,1.0,1.0,8.454679286026995,8.422003004412488,394.657,-6.2918148135823255
202301,74.0,21.0,33.0,12.917725043486488,12.811180648366953,824.289,-6.276933343152721
202307,281.0,2.0,5.0,9.561841957140917,9.455167134121535,81.848,-6.2918148135823255
202408,51.0,19.0,10.0,9.857443614034722,9.615805480084347,814.295,-4.216364248800169
202303,249.0,13.0,65.0,12.082282226625908,12.055656649747203,508.209,-6.2918148135823255
202406,207.0,51.0,66.0,13.210561050466445,12.61820547489633,2125.263,3.751156978612485
202409,188.0,19.0,31.0,10.623398370365289,10.473393076238034,257.021,-6.152904504072394
202311,159.0,25.0,27.0,11.937415119970732,11.937421660984523,410.886,-6.1833971191426125
202405,323.0,36.0,94.0,13.206465526691824,12.649677754827627,1206.597,1.7233822769379934
202401,184.0,44.0,26.0,12.518164363711712,12.145127659902732,414.487,-0.902336453018826
202401,816.0,391.0,199.0,14.428184396474341,14.351826719795856,2897.76,15.768547392856354
202401,180.0,31.0,89.0,12.160122943426074,12.160128178521104,865.269,-3.0338369711504742
202402,165.0,32.0,18.0,13.406453004745385,13.371154402357135,1578.285,0.6772700131920617
202310,179.0,50.0,55.0,12.222083780469157,11.822364136823648,994.849,-0.03490765573260468
202402,1.0,0.0,0.0,15.149563017015845,15.149563280423457,7913.606,-6.227889159480919
202311,42.0,9.0,20.0,11.567584090274027,11.42355858869635,518.472,-6.2918148135823255
202404,84.0,22.0,16.0,12.614961884605032,12.319137903286043,356.867,-6.2918148135823255
202310,1432.0,529.0,168.0,12.883974199874553,12.754896119672829,1992.653,55.79592047852387
202406,1109.0,387.0,210.0,12.684255235699109,12.271349956195543,2104.822,55.37226573915721
202212,61.0,8.0,23.0,13.09791493500199,12.807833438136123,1035.195,-5.2809702608402995
202301,165.0,33.0,17.0,13.367080535923257,13.341016863445674,1646.705,0.698045821380731
202401,324.0,21.0,22.0,12.08338510241533,12.083390755054971,264.774,-6.2918148135823255
202310,392.0,72.0,145.0,14.156459189136337,13.833317076713634,3657.663,16.171416803089485
202408,46.0,9.0,8.0,13.80980531396641,11.383966460172834,2986.551,-5.304603926843534
202308,29.0,3.0,10.0,12.564236480520325,11.645890447214674,1141.828,-2.402497148345576
202409,1.0,0.0,0.0,9.151545325465678,0.6931471805599453,0.139,-6.2918148135823255
202301,368.0,36.0,177.0,15.378175051230947,14.500658832402681,6723.822,-3.33916928603649
202405,116.0,14.0,63.0,13.888552819593066,13.785639837081169,1495.154,4.752514633444225
202210,108.0,24.0,24.0,13.359838933132778,12.27613960664295,1401.707,-6.237605966362469
202207,181.0,25.0,37.0,12.914130605825859,12.803633608190784,1202.024,-3.9502639488928804
202303,268.0,93.0,54.0,11.268685950361284,11.236789808685486,527.526,4.653666403061202
202409,9.0,2.0,2.0,11.507902872844923,10.76009197224363,1391.733,-6.173680312261062
202307,6.0,1.0,0.0,12.418240180155294,12.417908505193713,3531.984,-6.163963505379513
202207,124.0,36.0,51.0,13.070718442251042,11.186613438166152,2064.875,9.747246737318589
202208,107.0,31.0,37.0,13.734953217890197,13.404537810617693,2666.221,-4.150296921258081
202307,627.0,194.0,224.0,13.649667285426707,13.622280115049808,1500.109,25.408809831027632
202307,73.0,2.0,12.0,13.783502729304132,12.86701424922888,3388.829,2.526016011262737
202301,73.0,3.0,17.0,15.523436504561463,13.97130075019912,4211.37,-3.2135422174207635
202208,293.0,91.0,32.0,12.105390060164142,12.032843626047105,675.923,-0.755002172457008
202210,142.0,30.0,65.0,12.30962602930834,12.163514770240301,372.419,-6.276933343152721
202311,670.0,265.0,60.0,7.164720378771857,0.6931471805599453,658.033,10.48406383060223
202210,29.0,11.0,13.0,11.884509710843856,11.884516607229116,757.361,-6.20711335129225
202404,546.0,140.0,149.0,12.146280177377816,10.123586473664112,878.177,21.830354030983436
202212,65.0,4.0,4.0,13.867834471081844,13.866262605904389,1672.251,-6.227817050640098
202407,63.0,17.0,29.0,12.53941140651177,12.448610897812676,1572.436,-6.1783150217409615
202409,161.0,50.0,25.0,10.454004932343432,9.787009914477434,596.515,3.15509130096841
202212,299.0,46.0,60.0,12.756826424461018,12.328878600734031,551.999,-4.296617231916073
202212,87.0,9.0,23.0,13.555612250523987,12.267468734395248,1010.721,-4.216364248800169
202409,290.0,12.0,13.0,11.476012486946688,9.124019665509655,111.237,-6.276933343152721
202404,331.0,88.0,100.0,13.627280379595247,13.419877951985567,1775.906,24.997051219845638
202306,133.0,36.0,26.0,11.658340961068204,10.785373157686106,331.942,2.899339325966878
202303,283.0,76.0,57.0,12.098459594819055,12.098465162887296,390.803,-5.219902464553458
202208,185.0,27.0,51.0,12.449614724987754,11.899520310994651,1054.451,-5.9579529006140195
202403,52.0,16.0,16.0,12.518105808845785,11.894610044412989,527.809,-6.2918148135823255
202401,561.0,69.0,97.0,13.261166599484453,13.16792165799302,2745.473,-5.007106295252184
202303,61.0,7.0,5.0,8.804024902413179,8.804175018753625,57.885,-6.276933343152721
202403,114.0,29.0,25.0,12.820598607621914,12.82060131210446,646.598,-3.3747544558139424
202301,41.0,0.0,0.0,14.528472130457079,0.6931471805599453,7903.223,-6.2918148135823255
202301,56.0,8.0,19.0,12.845083019065477,12.84508565813452,484.173,-1.3069511333134747
202207,102.0,34.0,49.0,13.81574053151833,13.108716683410451,2604.559,2.1471046060409495
202401,55.0,8.0,19.0,12.445754679081324,12.445758613463695,483.375,-1.3069511333134747
202210,153.0,61.0,18.0,10.816613281067127,10.816633344266204,400.138,6.4282251245351905
202407,98.0,21.0,49.0,13.233145967015968,12.460966770157206,2106.628,-6.271039005393656
202407,391.0,72.0,143.0,14.37865553953466,14.070520150708091,5367.404,15.199087386780297
202303,84.0,9.0,13.0,11.49000478158566,11.192678877645047,263.001,-5.319485397273138
202310,54.0,23.0,19.0,10.490774092396565,10.490162488585556,140.203,-6.2918148135823255
202409,63.0,7.0,0.0,10.603784115249285,8.041412909393047,112.611,-6.2918148135823255
202310,43.0,23.0,17.0,4.955827057601261,4.962844630259907,405.265,-6.2918148135823255
202408,20.0,9.0,4.0,13.517903394340802,11.858329125982634,1116.329,-6.2918148135823255
202211,9.0,4.0,4.0,12.54739382130703,12.45516460595798,580.774,-6.2918148135823255
202301,61.0,10.0,11.0,12.748940393307214,12.21660201662797,670.349,-3.119074589653231
202212,905.0,395.0,170.0,13.060721988855747,12.39248996987186,2230.596,21.00997528848415
202212,257.0,41.0,16.0,13.47533306535243,12.988879983627843,1907.427,-6.256157534964052
202401,228.0,14.0,92.0,13.14630253548742,12.959719734247775,1057.459,7.807344037147072
202307,173.0,17.0,31.0,13.05825782918712,12.497700672453382,2709.415,-3.193496083443104
202210,15.0,9.0,0.0,13.329844104600298,0.6931471805599453,2173.532,-6.227889159480919
202312,144.0,31.0,66.0,12.967177495273345,12.587446543502585,485.123,-6.276933343152721
202210,324.0,22.0,21.0,10.88429180523535,10.884310555528323,187.207,-6.2918148135823255
202409,195.0,8.0,30.0,13.178253987921165,11.77100363416343,2284.539,-5.198176254797719
202409,205.0,10.0,26.0,7.1785454837637,7.179307969504034,61.698,-6.224493790970703
202401,14.0,2.0,1.0,16.144072316848064,16.062551862321023,7972.322,-5.111876562972245
202403,575.0,219.0,204.0,15.366336035275756,15.227613981383293,5306.404,28.352399869497376
202303,324.0,36.0,94.0,13.764959093615925,13.043103696418697,1272.492,1.7233822769379934
202303,87.0,15.0,22.0,12.63137306013911,11.93417205449791,806.456,0.6118497937145797
202410,119.0,22.0,14.0,11.056998295851676,10.530895491381983,169.906,-2.3866652763489014
202301,221.0,6.0,11.0,15.510815109091732,11.868710012623815,2219.305,-4.211282151398518
202404,126.0,16.0,88.0,12.289682828344226,12.289687427282331,322.742,-6.256157534964052
202306,215.0,19.0,65.0,12.89750836237124,11.75544802445494,1221.882,-0.5778139231780983
202301,188.0,86.0,37.0,13.615823489693355,13.522633682524278,1263.063,1.8099026961195293
202211,13.0,5.0,0.0,12.306474386763185,11.51967265142747,614.341,-6.258381774551138
202409,37.0,3.0,4.0,14.564933151522533,12.570649784719597,4372.036,-4.347155980963951
202410,390.0,73.0,34.0,10.875307594202763,10.852187389608225,252.327,1.6331197295362454
202407,106.0,12.0,21.0,13.269420385097972,12.642871678446278,860.132,-6.158798841831459
202303,526.0,95.0,64.0,12.614596404526273,12.520485496003753,567.777,-6.124010118537575
202210,119.0,30.0,30.0,11.57858211077337,11.578591475252964,687.927,-3.038106073968169
202408,34.0,11.0,9.0,12.907187995739296,12.830054618325553,1345.96,0.8421086849011408
202303,182.0,34.0,95.0,11.862095316023188,11.061028908733526,1696.423,16.884190246438756
202312,14.0,4.0,6.0,12.329435639776534,12.105434296207676,236.446,-6.258381774551138
202210,118.0,28.0,31.0,13.855928630919196,13.138094984232184,2004.533,1.3204483923251482
202303,34.0,10.0,7.0,10.21767766186868,8.14902386805177,47.901,-6.2918148135823255
202210,50.0,8.0,31.0,12.025132134653147,11.839571005952267,576.03,-6.232523868960818
202208,361.0,102.0,77.0,11.499029359778117,11.477008089783428,1096.927,1.8421554246123844
202212,107.0,10.0,15.0,10.38180031512171,10.381831306056865,437.092,-4.682144187396456
202401,27.0,17.0,5.0,10.619007583947798,10.457975932036732,119.645,-5.787699766714401
202404,34.0,11.0,9.0,12.666347856798257,12.54263416387994,975.589,0.8421086849011408
202310,100.0,33.0,48.0,13.788572977317788,13.077474792167637,1804.566,0.20244577342257486
202401,131.0,20.0,44.0,15.455567875050832,14.633042490375164,7028.304,9.46017323362986
202207,219.0,41.0,144.0,10.707527418047702,10.707549793667228,900.442,-6.250125035995331
202301,38.0,14.0,9.0,11.969147056742178,11.780950599512616,367.286,-6.271039005393656
202402,26.0,13.0,7.0,12.832192878051565,12.705777663938834,566.211,-5.265276550053281
202207,78.0,12.0,42.0,13.342531305941009,13.198527805031857,1404.367,-5.027409317875357
202211,72.0,24.0,5.0,11.363659502130602,11.281182544842556,252.978,-4.283230326862545
202311,14.0,4.0,6.0,12.08131408738736,11.968399042431638,193.996,-6.258381774551138
202301,20.0,9.0,1.0,13.85190130901104,13.173970522535582,2386.016,-5.122626337567269
202409,212.0,10.0,28.0,12.122006019411725,10.529559664306506,924.9,-6.250263197204988
202207,17.0,5.0,5.0,11.994981175240106,11.44066655148415,710.683,-4.347155980963951
202407,50.0,6.0,23.0,13.528200416337649,12.658914220595891,2755.077,-6.179574650020127
202208,110.0,3.0,21.0,11.477515880232335,11.477526240618364,265.487,-6.2918148135823255
202405,99.0,0.0,11.0,9.23200401161221,9.232101863757695,38.468,-6.2620518727231165
202210,49.0,20.0,11.0,12.370463571748214,12.362473648622565,736.8,-6.148131633382839
202211,215.0,43.0,73.0,12.227697141626836,12.113946391649971,609.367,-6.221774094365794
202410,9.0,0.0,5.0,11.185545765659901,11.056556460333535,220.058,-5.319485397273138
202405,4.0,1.0,3.0,11.457571304838151,11.457581873930954,254.125,-6.2918148135823255
202306,208.0,42.0,54.0,13.94237842352326,13.556316164144095,2108.576,0.6771874470456583
202210,45.0,7.0,36.0,10.616437360392252,10.616461869895815,208.402,-6.2918148135823255
202409,371.0,70.0,76.0,9.523836379320944,9.518780497512473,569.0,0.11104912264987643
202407,115.0,7.0,6.0,12.667533640153321,12.663415210702977,1676.675,-6.2918148135823255
202309,187.0,7.0,7.0,10.034208750259138,10.03425262241568,69.118,-6.271039005393656
202409,25.0,1.0,4.0,11.363090459210573,8.151044945685024,21.981,-6.2918148135823255
202401,106.0,30.0,34.0,14.665689692064332,13.935159407462498,4728.697,-4.971539392687067
202409,43.0,1.0,7.0,9.607571675157244,9.071767722112243,43.466,-6.2918148135823255
202403,55.0,16.0,2.0,11.050953495421625,11.050969367303793,200.353,2.492582972231549
202403,331.0,88.0,100.0,13.771630768149468,13.5222757643175,2033.82,24.997051219845638
202307,57.0,8.0,12.0,14.35229336027363,13.1349577344899,5705.071,1.5507461709925794
202309,551.0,189.0,64.0,7.52131798019924,5.298317366548036,536.111,-3.217616744752684
202210,4.0,0.0,0.0,13.543292302002829,11.235840378931302,5655.616,-6.227889159480919
202404,120.0,33.0,30.0,12.185165608598123,12.15919589960793,649.712,-3.0715391129993566
202308,1.0,0.0,0.0,11.167840242850776,0.6931471805599453,0.0,-6.2918148135823255
202301,103.0,44.0,12.0,12.518987428595565,12.417601000872068,441.125,-6.227889159480919
202408,4.0,0.0,0.0,13.582837999527587,11.410549380353363,7950.484,-6.275982941585651
202301,409.0,116.0,63.0,11.976766393726015,11.93613225455455,883.885,2.034891970098874
202208,551.0,140.0,149.0,10.335497215866404,9.3910773406399,1207.269,23.78767009444433
202309,181.0,3.0,8.0,10.045724689956613,9.402364704231523,166.391,-6.2620518727231165
202303,15.0,8.0,3.0,12.189582426148563,11.437102176348173,812.477,-6.2918148135823255
202303,763.0,136.0,210.0,14.988464720000513,13.519079659230202,3837.811,38.14529331186209
202407,436.0,238.0,96.0,11.80192417028044,11.757814852366101,1084.156,-3.303245858364916
202301,1164.0,409.0,245.0,13.220373545321712,13.097582860950526,2936.713,32.945824308535805
202301,103.0,14.0,44.0,13.679374633632662,13.426914366262949,1713.679,14.199091803569493
202309,42.0,8.0,16.0,12.293222346285964,11.173683395902353,595.07,-6.2918148135823255
202403,49.0,2.0,3.0,15.172506892837605,13.534246512512189,7562.297,-2.402497148345576
202210,763.0,136.0,210.0,13.752884872855482,12.907123509533122,3967.407,38.14529331186209
202402,610.0,194.0,78.0,12.149565784089736,0.6931471805599453,1232.997,5.61243555092158
202402,303.0,72.0,99.0,15.042346888487337,14.67555257973959,3780.96,23.099900336261015
202401,139.0,59.0,32.0,10.527713287629652,10.337734462069745,614.509,-2.9776156490408296
202309,16.0,0.0,0.0,9.66459564425378,0.6931471805599453,0.396,-6.2918148135823255
202311,6.0,2.0,4.0,13.001385995251278,13.001388252447502,1515.258,-6.2918148135823255
202210,428.0,144.0,74.0,8.580918882296782,8.486940148245216,234.651,-0.18720487029606492
202303,412.0,177.0,151.0,13.670269733890253,12.421103376733834,2031.471,7.651948412724895
202212,67.0,6.0,30.0,13.458226857342215,12.817404924007306,2532.479,-6.271039005393656
202402,52.0,16.0,16.0,12.913955717563002,12.225247624916214,671.935,-6.2918148135823255
202303,261.0,102.0,49.0,11.07045917871758,11.007452158630846,307.482,-3.9969992266279197
202405,426.0,105.0,101.0,12.331285787234222,11.777548714470212,819.829,8.692327369063316
202409,33.0,3.0,2.0,7.086737934510577,6.16541785423142,44.091,-6.2918148135823255
202402,49.0,7.0,25.0,13.642036545960577,13.012028286818063,1438.901,-5.109886540578346
202306,23.0,5.0,14.0,11.947677493703285,11.638438546688523,558.515,-6.2918148135823255
202406,45.0,8.0,32.0,13.307146901069203,13.307148563636256,895.823,-3.3540507564660946
202208,43.0,15.0,8.0,9.012986392348266,9.013108202446475,455.675,-6.20711335129225
202409,108.0,19.0,13.0,11.013221103411352,10.095883194901557,329.359,-0.4221810371089276
202301,182.0,43.0,54.0,13.746031854194214,13.373850235262845,1340.176,20.104104962802445
202409,529.0,165.0,51.0,10.01274546347265,6.499787040655854,441.761,-2.0478919148353736
202212,188.0,86.0,37.0,13.648264000233901,13.561583004157127,1058.774,1.8099026961195293
202211,343.0,74.0,161.0,13.30635354129883,13.167533664383358,1004.131,-6.039817603102448
202307,55.0,8.0,6.0,12.443430690545494,11.955673512524433,1119.377,-6.194456120449732
202409,90.0,1.0,1.0,5.030437921392435,5.0369526024136295,1.863,-6.271039005393656
202301,82.0,11.0,32.0,13.475965204151823,13.043889272163815,736.939,-5.319485397273138
202303,30.0,1.0,10.0,11.529477717477745,11.216350635570135,226.482,-6.276933343152721
202303,9.0,0.0,0.0,14.472462005501702,13.643068438421487,3682.025,-6.163963505379513
202409,8.0,1.0,3.0,11.695638611749482,11.69564694178551,690.267,-6.212057287484245
202306,194.0,63.0,53.0,11.897650306335706,11.888968628138127,605.188,0.38078647207735816
202311,50.0,7.0,26.0,13.35073324769012,12.630294082120782,884.006,-5.191561980229505
202409,34.0,12.0,10.0,12.943246280839098,10.704008221364402,910.937,-6.2918148135823255
202310,16.0,4.0,2.0,11.907491392209392,11.149829953228574,735.132,-1.4152862616067843
202410,129.0,14.0,11.0,8.754476306284166,8.724369949208368,54.98,-6.055888245202392
202212,32.0,7.0,13.0,11.078736755742941,10.990330857604238,198.828,-1.1942411636564554
202312,143.0,68.0,29.0,12.641591578966802,12.641594813605906,1019.641,0.255875587835515
202307,581.0,248.0,165.0,12.521948511352734,12.47661873203522,1493.544,8.059934435594464
202409,176.0,12.0,23.0,11.492865604592456,11.492875807164525,302.981,-6.250263197204988
202306,250.0,13.0,25.0,11.901386825262207,11.747357065854203,794.083,4.48851022810881
202301,186.0,33.0,98.0,14.123991085240784,14.040994568266354,4212.761,-5.623970452537256
202309,159.0,13.0,14.0,10.121337115389228,10.012969563153126,139.487,-6.2918148135823255
202407,210.0,22.0,76.0,13.532055538920769,12.858900309473361,2397.328,-0.17381796524253623
202403,84.0,22.0,16.0,12.980564762418824,12.441267289847783,369.866,-6.2918148135823255
202408,222.0,41.0,52.0,11.674976284921824,11.673095137122626,646.212,1.238768548433999
202312,368.0,36.0,182.0,14.870111744532219,14.141798972189576,5070.33,-5.283828118654865
202303,1163.0,410.0,244.0,12.612613841115142,12.511702685282588,1970.144,33.16591900491906
202212,114.0,16.0,58.0,13.275058713017467,13.07732416959405,903.646,-6.2918148135823255
202301,249.0,80.0,43.0,12.022456250795278,11.965172372626705,401.978,-3.831843771579251
202403,22.0,1.0,19.0,13.45173618691027,13.45173762565879,1294.925,-5.319485397273138
202208,903.0,19.0,71.0,11.320856556721393,11.262474949123774,726.099,-5.184245185935185
202404,36.0,10.0,6.0,12.033693498765938,11.485215053401639,365.996,-6.2918148135823255
202303,39.0,5.0,8.0,14.681005555857693,14.199645793130111,2067.645,-3.341393525623576
202406,345.0,30.0,113.0,12.798852379844028,12.79767701372049,1154.076,-3.184647831885944
202404,30.0,1.0,10.0,11.696587789200349,11.373341506754949,269.972,-6.276933343152721
202307,477.0,62.0,58.0,12.18811232015318,12.143063620783096,940.03,-4.718011657272621
202208,689.0,189.0,124.0,12.60463062089037,12.20009984380966,3244.374,63.469689365879525
202301,50.0,18.0,19.0,15.39260356858335,15.039625931799488,5699.037,-3.1042424778195348
202408,223.0,88.0,14.0,10.910952650789293,9.387565631345389,568.144,-5.155026408884982
202306,820.0,392.0,199.0,13.368116592989676,13.265571548618526,2126.446,15.768547392856354
202308,141.0,24.0,38.0,10.421030564049643,10.421060362759361,281.327,-5.265276550053281
202311,68.0,6.0,30.0,13.005017995963366,12.66471194469686,1593.512,-6.271039005393656
202401,207.0,23.0,60.0,13.663599867486612,13.22894434800395,2134.291,2.005817034188702
202307,702.0,215.0,112.0,10.39399821778671,10.105856804633861,1894.169,11.541046640105423
202402,232.0,122.0,16.0,11.950083019810883,11.95008947848666,346.964,-0.32704658356342
202405,282.0,82.0,41.0,11.32426787786276,11.234361694162976,462.952,-4.23646438508353
202409,154.0,7.0,8.0,11.999632561327411,11.830112940179575,287.135,-6.176179281509911
202303,88.0,29.0,14.0,12.100100831956732,12.100106390893973,192.803,-6.271039005393656
202211,410.0,117.0,63.0,11.751067967518232,11.71025877938462,591.514,2.034891970098874
202211,231.0,8.0,13.0,10.003378135350923,9.861310473636943,126.516,-6.2918148135823255
202301,54.0,1.0,1.0,12.224820795491866,12.224825702612343,2127.572,-5.780409580771076
202306,219.0,21.0,106.0,13.165714012217318,12.612147567663964,1452.851,-6.156574602244373
202210,583.0,248.0,166.0,12.301605527807189,12.246465748089419,1307.27,9.03226385190365
202404,43.0,21.0,6.0,12.997187834373442,12.28071618852594,3034.444,-6.179574650020127
202410,126.0,6.0,6.0,12.051679436295036,9.095153962167066,273.519,-6.2294873890163185
202210,323.0,57.0,77.0,11.95099973442179,11.338155324329108,863.426,-6.2918148135823255
202210,107.0,15.0,52.0,12.954115125461698,12.364144200100668,1452.757,-5.319485397273138
202410,35.0,14.0,17.0,10.467664351799113,10.467692792805359,432.493,-6.250263197204988
202303,309.0,17.0,32.0,13.606014701740941,13.517175948170047,2299.2,-2.4705601782119366
202311,16.0,2.0,4.0,12.283663118162359,11.759496438615137,644.347,-4.246856863870388
202309,191.0,11.0,5.0,10.354849755031296,7.673223121121708,65.449,-6.271039005393656
202210,33.0,4.0,10.0,13.845805982037211,13.724791224082274,1678.708,-5.20629483214387
202309,408.0,33.0,25.0,9.492356422801336,9.267571005430455,109.034,-6.220500256345779
202307,451.0,122.0,202.0,15.237026782098438,14.692606720343399,5001.47,8.279985868698754
202303,17.0,7.0,9.0,10.558049817780505,10.250899729195675,248.067,-6.2918148135823255
202309,431.0,115.0,45.0,10.796120636059609,8.292798858200374,1463.488,-0.3140647594745589
202408,253.0,79.0,68.0,11.425612224242506,11.41731724075508,937.156,5.9703627536423625
202309,178.0,15.0,16.0,10.838776666819598,10.82031813866275,138.695,-6.276933343152721
202212,73.0,12.0,6.0,12.118028007637578,11.685970796983787,431.039,-6.2918148135823255
202404,188.0,0.0,0.0,13.508584502145732,12.845061906262409,3122.722,-6.19812621862171
202210,266.0,24.0,98.0,13.850620912077149,13.741545344850765,3659.806,44.10258541412122
202403,106.0,20.0,45.0,11.826311833210266,11.77013802060581,394.956,-6.250263197204988
202210,180.0,29.0,38.0,11.260507570952024,11.254258357586972,287.842,-3.3242878156068856
202311,3.0,0.0,0.0,12.150512365758129,12.150517651407855,962.994,-6.100037851278107
202310,199.0,22.0,78.0,14.169205766898799,13.8068784079289,2819.278,15.263233689445178
202409,323.0,11.0,21.0,10.463389013948712,10.463417576808427,219.187,-6.2918148135823255
202310,215.0,35.0,80.0,10.356154262128587,0.6931471805599453,672.804,8.768923743844367
202408,190.0,55.0,64.0,11.122811916366501,11.074249945604157,1316.604,-2.4380640509106932
202309,4.0,0.0,0.0,11.975803769273375,11.844133871916343,1160.552,-6.163963505379513
202404,88.0,18.0,13.0,9.832850472936688,9.8001804826702,201.625,-6.2918148135823255
202210,154.0,15.0,34.0,15.042838495487791,14.553556053549576,12191.564,3.991978124588506
202309,5.0,1.0,2.0,8.315566483564277,0.6931471805599453,71.262,-6.2918148135823255
202408,324.0,21.0,22.0,10.74744412273953,10.747465622798657,272.344,-6.2918148135823255
202212,356.0,49.0,37.0,14.892779693335124,14.792566325325815,2897.431,-6.057721343735703
202307,412.0,176.0,152.0,13.230794374306239,12.730937259879672,2862.374,7.651948412724895
202403,335.0,152.0,84.0,14.110079114063332,13.619695167520165,2117.858,6.888483322731693
202312,4.0,0.0,1.0,11.803136836047733,11.086931065609571,1821.391,-6.227889159480919
202405,53.0,10.0,35.0,12.880426838935755,12.751433020458732,531.988,-6.258381774551138
202406,172.0,47.0,71.0,12.152334259076692,12.070785426630195,988.537,7.184917505250491
202404,7.0,2.0,2.0,13.6838528374907,13.444629468598157,2224.891,-6.227889159480919
202207,309.0,179.0,92.0,13.396609084840335,13.121513015949489,2515.892,-2.4114985415549515
202408,168.0,10.0,17.0,10.411178267606632,10.41120836134864,258.473,-6.276933343152721
202211,457.0,191.0,56.0,12.949877293382457,12.805326641873187,574.364,15.6608680320287
202306,45.0,17.0,13.0,7.737616282857904,7.738052297689316,199.929,-5.319485397273138
202208,54.0,14.0,25.0,11.152601012526336,10.79094661774158,601.15,-6.00779446309766
202307,60.0,2.0,11.0,10.340838849506614,10.079958695651907,223.158,-6.250263197204988
202309,169.0,22.0,64.0,13.267611114818452,13.09496134765599,2492.254,28.028899771271945
202310,22.0,6.0,7.0,12.279978097178002,11.46899447586426,1022.316,-6.2918148135823255
202410,428.0,31.0,17.0,5.2832037287379885,5.288267030694535,68.914,-4.263184192884886
202409,53.0,4.0,8.0,12.50716563824089,10.022780558724111,569.748,-6.2918148135823255
202306,48.0,6.0,22.0,13.170273154146454,12.65345354973948,2225.23,-6.179574650020127
202311,142.0,37.0,50.0,12.964661064655681,12.801711732642252,965.888,-4.2505269620423665
202410,97.0,11.0,7.0,13.047258292914671,9.413199579987685,746.196,-6.271039005393656
202403,45.0,10.0,12.0,13.036140780155241,12.565385606839344,596.186,1.5507461709925794
202410,181.0,17.0,16.0,11.207228765796126,10.736005294543881,449.933,-5.283828118654865
202308,49.0,1.0,1.0,11.485533712978256,6.79794041297493,312.483,-6.271039005393656
202405,143.0,63.0,67.0,11.649656732529886,11.643804593449703,729.369,-5.967055087077736
202309,19.0,0.0,0.0,9.546241016698438,9.546312483555713,23.942,-6.256157534964052
202407,67.0,20.0,10.0,9.514953305087944,9.472781556562168,73.277,-6.271039005393656
202308,112.0,11.0,17.0,11.168941082705084,10.849278832527904,271.259,-6.232523868960818
202410,281.0,58.0,122.0,12.42059917673727,12.294312434379583,837.362,7.946513961493935
202303,86.0,4.0,22.0,12.230750623867124,11.689899415437587,689.92,-5.595873445814275
202310,183.0,39.0,81.0,13.02972602241918,13.008197541784764,1652.024,24.04538183802822
202407,103.0,8.0,34.0,14.07519585257894,12.36228976023802,3803.23,-6.276933343152721
202407,116.0,44.0,19.0,13.283532796722719,12.459147745141465,1768.611,-3.244034832490982
202407,262.0,101.0,51.0,10.01301437706337,10.01305918896542,331.62,-3.9969992266279197
202303,310.0,48.0,112.0,12.516453881557823,12.351449231038194,1191.689,11.029000819636481
202309,103.0,31.0,18.0,10.69901079971294,10.669443647553885,271.397,-3.0908062141700983
202303,294.0,43.0,67.0,12.160007764401096,12.098949466181953,391.631,-6.2918148135823255
202210,6.0,1.0,0.0,12.74698314672812,12.677684356119764,2511.395,-6.163963505379513
202303,50.0,2.0,21.0,13.833624505340802,12.455651679997018,1008.551,-6.227889159480919
202303,556.0,234.0,162.0,14.188055701448038,13.798382710253618,4716.319,16.622141613227726
202401,529.0,159.0,188.0,13.443141677345299,13.42742602871256,1946.406,-4.053854132642224
202208,241.0,21.0,48.0,12.961591156816077,12.232130179849463,1581.326,-5.319485397273138
202208,170.0,14.0,69.0,13.30115705186627,13.21567519818228,2949.037,12.740767990380013
202211,75.0,27.0,28.0,11.908744196026587,11.856500984862542,716.983,-6.153716744429807
202403,230.0,74.0,84.0,13.340676078930711,13.260997727764753,1060.654,-0.9125260454658726
202402,251.0,81.0,49.0,12.801201733196333,12.663756952577277,1037.124,35.34435347110993
202211,335.0,76.0,77.0,12.402810617964612,12.38054682537922,462.79,-0.3778600622730597
202211,40.0,26.0,8.0,12.45560882700032,12.390267446705808,1000.312,-6.227889159480919
202207,199.0,0.0,0.0,10.657635754653473,9.188912424562563,307.284,-6.20711335129225
202303,51.0,10.0,18.0,11.768714312534934,11.613187002908232,384.77,-6.194456120449732
202404,374.0,69.0,156.0,15.033338041444274,14.806132208566288,4565.551,-3.261415272169434
202210,59.0,11.0,30.0,12.94473558763063,12.476237177884242,775.458,-5.2860523582419505
202301,488.0,188.0,112.0,13.02482551816364,12.734035583092018,1395.33,7.561896056581039
202211,135.0,48.0,27.0,12.901888761311827,12.442633777161728,633.478,-2.3236900238145655
202409,16.0,0.0,0.0,9.251386341412184,0.6931471805599453,0.412,-6.2918148135823255
202312,210.0,28.0,48.0,13.346583149385266,13.304676600830227,2648.972,-6.076321619128469
202402,38.0,2.0,15.0,10.280347403633957,10.280381703656257,192.491,-6.163963505379513
202210,593.0,156.0,101.0,12.80626811291564,12.787335297486656,785.132,4.460624986083129
202311,527.0,336.0,78.0,12.930759674472071,12.924695059182426,791.511,-1.834163689971951
202207,335.0,126.0,16.0,13.144367501196456,10.44065321163396,1515.892,-2.684315090218941
202402,27.0,6.0,9.0,13.779362000903177,13.346781316341573,1135.226,-4.313722941932763
202407,29.0,9.0,15.0,12.941867353311139,12.802662118446431,915.273,-6.258381774551138
202306,132.0,37.0,47.0,11.931267310892071,11.717953924299254,500.186,-5.319485397273138
202406,217.0,101.0,55.0,9.744374580879056,9.74443320268052,321.678,-3.9992099763778794
202210,58.0,7.0,3.0,10.047198210202428,10.047241516180824,28.229,-6.275982941585651
202306,22.0,0.0,0.0,13.662661197719952,10.012655809536781,25528.457,-5.319485397273138
202410,338.0,16.0,32.0,11.629338673953415,11.184171366742984,386.352,-6.250263197204988
202303,65.0,15.0,33.0,13.08229110177462,13.058100018406183,1553.981,4.189122131791917
202404,70.0,23.0,19.0,10.57691660222997,8.357493812658563,552.444,-6.0851563808485025
202207,187.0,45.0,19.0,12.752064620775247,11.566684217616318,980.977,-3.2950690385566825
202210,504.0,194.0,118.0,12.977686677369322,12.7140672657846,1745.592,11.39797499387837
202409,118.0,11.0,17.0,12.646019692412395,12.552749777488527,1771.954,-3.2135422174207635
202306,479.0,10.0,28.0,10.22897106221466,10.229007170467204,127.192,-6.241276064534448
202208,264.0,48.0,64.0,13.712516129801308,13.242139093021262,3767.358,-1.0660806287415472
202406,160.0,39.0,58.0,13.620040537738578,12.172283156540752,1574.252,18.891896460945645
202301,144.0,37.0,52.0,13.519855451851488,13.436733144117595,1404.311,-4.2505269620423665
202212,173.0,33.0,28.0,12.1069095527803,12.047979203220144,578.103,-6.2918148135823255
202410,36.0,4.0,11.0,9.842675413139371,9.842728546690564,64.19,-6.2918148135823255
202404,153.0,45.0,55.0,12.381512242535369,12.381516437966964,619.55,-4.3313241089672765
202308,16.0,3.0,1.0,10.143252204866574,9.808682245262217,56.745,-6.2918148135823255
202403,174.0,4.0,3.0,12.682021069416729,12.600739663538825,1185.435,-6.115648995918721
202303,152.0,34.0,30.0,11.650598270095301,11.65060698389491,431.138,4.951992948269529
202312,97.0,15.0,31.0,13.471665811053619,12.988790841076273,928.66,-4.072852437360835
202310,36.0,18.0,10.0,13.677388070947453,13.419233113715103,4211.877,-6.00779446309766
202402,14.0,4.0,3.0,12.187277110945848,11.734475747705874,862.141,-6.163963505379513
202303,162.0,41.0,41.0,12.539106835980734,12.451721052184453,886.353,-6.2620518727231165
202402,22.0,1.0,19.0,13.416825413868477,13.416826903731819,1488.737,-5.319485397273138
202207,48.0,6.0,14.0,11.243960463491252,11.01448943885016,313.731,3.431479349509548
202309,59.0,15.0,28.0,12.80240601640076,10.984478832446836,2072.934,0.739667894366896
202210,33.0,5.0,12.0,12.42613144388246,12.032629558222466,989.376,-4.313722941932763
202312,188.0,55.0,62.0,11.841696696250702,11.5917089185776,851.594,-2.4380640509106932
202409,1.0,0.0,0.0,7.9868449011613825,0.6931471805599453,256.892,-6.2918148135823255
202406,402.0,75.0,47.0,12.517139158214691,11.937192700040988,444.86,-4.244632624283302
202312,22.0,6.0,7.0,13.37628750855762,12.758450876853702,1242.431,-5.158201050039138
202301,252.0,46.0,110.0,13.377625558599998,13.24594291417452,1476.574,-6.276933343152721
202407,143.0,35.0,53.0,12.458806066564494,12.40989473377013,1295.576,-4.2505269620423665
202309,88.0,25.0,20.0,12.578311835739711,11.545276481854554,1565.048,-0.4036294685073445
202211,21.0,9.0,8.0,8.293799608846818,8.294049640102028,81.441,-6.227889159480919
202408,190.0,65.0,38.0,7.344072850573066,7.336936913707618,792.473,-5.185519023955201
202210,271.0,52.0,129.0,14.97740808273626,14.633873968304389,5864.317,-2.2429820961494142
202404,221.0,7.0,10.0,14.739759538803476,12.02085088721452,1610.3,-4.211282151398518
202408,36.0,6.0,11.0,12.572582072027762,8.968268810776454,753.927,-6.2425499025544635
202301,219.0,21.0,106.0,13.976010751184436,12.989266176219346,1542.707,-6.156574602244373
202303,153.0,5.0,35.0,11.641213133271698,11.641221929236108,221.15,-6.2918148135823255
202301,81.0,16.0,26.0,14.526001462841844,12.942865829341475,3812.074,-4.283230326862545
202306,5.0,0.0,0.0,10.688621213708446,0.6931471805599453,135.582,-6.2918148135823255
202410,83.0,7.0,17.0,13.267659542894986,11.309143267134639,1719.968,-1.8909931983425112
202403,98.0,2.0,16.0,11.662964847843458,11.66297345454722,207.671,-6.270900844183999
202310,458.0,100.0,108.0,13.699719162674874,13.59566780302293,2658.881,46.19891702469078
202409,49.0,5.0,17.0,11.990121913755742,11.515312613462727,763.176,-6.213655517019644
202308,11.0,0.0,5.0,11.36773783010991,11.21229323334282,350.199,-4.347155980963951
202410,483.0,95.0,152.0,13.267472735961137,12.722867418425007,1334.584,0.15808979409065316
202301,542.0,91.0,175.0,13.630078167540889,13.325314017271406,1505.909,25.578284785656017
202403,27.0,6.0,12.0,13.43000541771479,13.237718579367248,2108.533,-3.359945094225159
202306,275.0,9.0,1.0,10.788432085727019,9.36700218198956,316.958,-6.256157534964052
202301,294.0,43.0,67.0,12.433275944904075,12.433279928690066,511.707,-6.2918148135823255
202311,207.0,51.0,66.0,14.136721937817432,13.537339115751116,1925.808,3.751156978612485
202207,47.0,17.0,20.0,13.038466418303887,12.890052938265303,3477.813,-2.901204132857058
202403,114.0,13.0,14.0,10.187613308785131,10.187650941676283,310.522,7.320797014746297
202208,163.0,5.0,5.0,7.371489295214277,6.716594773520978,157.086,-6.2620518727231165
202408,698.0,216.0,113.0,9.991177865663117,9.991223666840215,2212.13,11.541046640105423
202307,5.0,0.0,0.0,10.745873368562311,0.6931471805599453,157.794,-6.2918148135823255
202309,270.0,87.0,82.0,12.731120650054613,11.701543821908205,2495.506,19.63023598076782
202310,73.0,14.0,39.0,12.31135565818472,12.161404723234874,821.031,-6.275982941585651
202311,189.0,28.0,47.0,13.377120317879248,13.091887674938217,1039.586,-4.264458030904901
202307,84.0,13.0,18.0,10.728079575387694,10.728101495838379,157.985,-5.851625420815807
202210,194.0,46.0,23.0,8.57810012631976,8.537779825024625,183.791,-3.3057362470053024
202303,62.0,14.0,2.0,8.531884740159228,8.532081803909987,189.348,-6.271039005393656
202307,585.0,123.0,170.0,13.008955008922706,12.529191840065693,2511.805,6.864439025423993
202303,78.0,18.0,16.0,13.023969648344774,12.533540175483276,1433.138,6.369243406625779
202210,59.0,6.0,19.0,13.549212867710496,12.854815903284036,1907.962,-4.347155980963951
202408,186.0,27.0,52.0,13.431853418052684,13.091237968675399,2152.846,13.692321598500532
202303,241.0,106.0,78.0,11.245869210312105,10.667652220331354,1251.135,-5.304603926843534
202210,52.0,13.0,14.0,8.855092980028635,8.855235623206967,161.238,-6.258381774551138
202301,170.0,48.0,68.0,12.681710373393003,12.370561134172336,1283.776,7.184917505250491
202207,315.0,24.0,99.0,15.163567861982603,13.929775412071347,11195.498,-1.0619548661165972
202407,218.0,22.0,105.0,12.965770384223019,12.589431875896121,1689.575,-6.177350410433042
202401,65.0,20.0,30.0,13.133894636150014,12.928902407078525,1749.553,-6.258381774551138
202306,202.0,7.0,35.0,11.703934178911638,11.64925543791319,156.289,-6.256157534964052
202212,11.0,0.0,0.0,14.68348041553528,12.126509822693489,4376.615,-6.227889159480919
202409,126.0,13.0,11.0,10.180967762503313,5.41610040220442,175.489,-6.2918148135823255
202402,43.0,23.0,17.0,8.61104776688786,8.61122983334262,598.646,-6.2918148135823255
202309,19.0,1.0,1.0,13.535250209591185,11.50580014002764,6131.688,-5.319485397273138
202301,594.0,158.0,101.0,13.637508857142404,13.565926774111151,1093.671,3.488295569773941
202301,746.0,466.0,131.0,13.659048542390659,13.651797975169302,2406.627,15.014042226175958
202408,35.0,2.0,14.0,13.368964046692343,12.626981220382175,3073.322,-6.143187697190844
202210,213.0,32.0,103.0,13.684465215412006,13.324863307886408,2832.332,18.482467892504197
202303,49.0,22.0,21.0,13.549561274990383,13.455219082251,2148.84,-6.1915156964887625
202210,177.0,10.0,7.0,9.423110302862831,9.423191133804961,84.193,-6.2918148135823255
202210,601.0,200.0,119.0,12.47076496719909,12.38391753029705,927.669,0.978072637240472
202306,600.0,201.0,117.0,12.424641749997994,12.321586441742514,946.487,0.9141469831390658
202303,207.0,51.0,66.0,13.892531782474531,13.371339963950472,1912.557,3.751156978612485
202306,671.0,265.0,60.0,6.996681488176539,0.6931471805599453,724.133,10.48406383060223
202309,20.0,4.0,4.0,8.770749549138642,8.770904744296866,134.744,-6.2918148135823255
202401,97.0,26.0,36.0,13.345636520321184,12.741536246247696,654.496,-4.265408432471971
202406,271.0,39.0,95.0,14.277576517095717,13.872796908064474,6986.755,-2.3690641093143885
202409,61.0,6.0,24.0,11.13090340858853,10.818317217571767,245.261,-6.2918148135823255
202303,63.0,19.0,29.0,12.19095393156511,11.935673689200952,1264.347,-6.258381774551138
202405,114.0,29.0,26.0,12.325343462779342,12.325347900606493,581.11,-4.34708387212313
202310,29.0,9.0,15.0,12.444305774364985,12.209506742264455,773.622,-6.258381774551138
202210,278.0,20.0,39.0,13.29879093197584,12.737438859524824,1007.137,-6.227889159480919
202207,46.0,18.0,20.0,12.446549110239635,12.346451788702076,1998.527,-4.1062854763920225
202403,217.0,101.0,55.0,11.405306846159862,11.40531798232735,471.197,-3.9992099763778794
202311,245.0,54.0,24.0,12.198650166964532,11.970109776753704,403.805,-6.256157534964052
202409,1123.0,96.0,420.0,14.886157091483911,13.528339021833311,5351.744,-6.210336061542477
202308,53.0,5.0,19.0,12.212342946043533,11.547239931384885,785.819,-6.213655517019644
202211,53.0,22.0,19.0,10.752270024627522,10.748002974099618,121.3,-6.2918148135823255
202303,47.0,10.0,31.0,12.043924235616833,12.043512538714037,556.264,-6.2918148135823255
202401,122.0,10.0,13.0,12.348431213752598,12.07990833490836,556.979,-6.2918148135823255
202208,117.0,23.0,69.0,12.635654590745718,12.349185489098847,720.37,-6.2918148135823255
202410,154.0,1.0,0.0,11.214061103115878,6.831953565565855,527.076,-6.250263197204988
202404,80.0,30.0,20.0,13.701076782269753,12.598790180815836,814.399,-4.347155980963951
202404,380.0,26.0,76.0,14.340900406640683,14.133941016084721,2452.504,31.67921662317398
202208,519.0,139.0,91.0,11.626352359740238,11.589201086074521,823.308,38.44912294820756
202212,630.0,242.0,146.0,13.713948375054192,13.357487672135845,3752.212,27.669810621243236
202406,53.0,8.0,16.0,10.870965573179436,10.23189161450783,180.477,-6.237605966362469
202308,21.0,3.0,4.0,11.086915754370356,9.76978471664462,331.974,-6.2918148135823255
202212,68.0,8.0,27.0,12.335134062683245,11.53480436668867,980.777,-6.2918148135823255
202210,59.0,4.0,12.0,14.86805412597399,12.236698839071934,7285.877,-5.319485397273138
202404,204.0,32.0,52.0,13.643651676000419,13.602803605394449,1099.581,17.20537552507217
202408,86.0,20.0,39.0,13.965687639209438,13.612614387969685,3550.228,1.6866200005580119
202311,494.0,15.0,11.0,12.734445413725664,12.511875785189288,1549.878,-1.5809287119617998
202301,232.0,56.0,79.0,13.21326750114763,13.208926320529187,950.403,-6.260874810590354
202308,8.0,3.0,1.0,9.443196602144186,9.440419814291506,206.035,-6.2425499025544635
202406,166.0,44.0,26.0,8.920656296853728,8.920789888464375,180.054,-0.685182180596537
202301,29.0,11.0,7.0,11.775874174001334,11.750350547990207,272.045,-3.0908062141700983
202303,188.0,42.0,21.0,10.613344346659021,10.613368932087239,470.498,-3.190542169645009
202407,32.0,7.0,6.0,9.328834266023971,9.32892308780313,128.341,-4.134603210471063
202405,101.0,10.0,19.0,12.685395218227184,12.37687814636288,526.745,7.335678485175901
202208,44.0,11.0,21.0,12.26923052652261,12.269235220487813,3868.877,-5.0637827808675135
202307,181.0,56.0,39.0,12.670042483010901,11.40257474113114,1776.577,-4.19852886457247
202401,55.0,16.0,2.0,11.011488958500923,11.011505469278333,240.596,2.492582972231549
202408,610.0,192.0,79.0,10.253651344859204,0.6931471805599453,1191.272,5.61243555092158
202408,175.0,4.0,11.0,11.770655933043805,11.06905730932912,372.502,-6.2918148135823255
202210,33.0,8.0,6.0,9.509407389294527,9.509481537516857,195.413,-4.134603210471063
202207,176.0,5.0,14.0,12.72867761954243,12.599380823367706,1765.959,-6.163963505379513
202410,52.0,5.0,2.0,10.941765802164538,6.045005314036012,33.704,-6.2918148135823255
202303,937.0,456.0,205.0,13.754003171625866,13.480886412569976,2657.082,30.91923306882817
202210,131.0,22.0,43.0,14.550912306421056,13.933729942850928,5018.259,9.46017323362986
202303,114.0,7.0,5.0,12.825427957816455,12.825430649269611,1293.861,-6.2918148135823255
202210,170.0,14.0,69.0,13.119206399389107,12.897333047241847,2199.999,12.740767990380013
202405,124.0,11.0,51.0,14.212690102059,13.603229050479493,2690.839,16.601872875196882
202312,277.0,57.0,33.0,13.263663266966981,13.175107618659188,532.371,-5.205668822092183
202210,216.0,97.0,47.0,12.35804667245204,12.350445679593335,644.056,-0.9199376200533393
202410,1.0,0.0,0.0,11.712775824048476,0.6931471805599453,215.569,-6.2918148135823255
202301,11.0,0.0,0.0,15.725362052143641,13.447958096324607,4798.619,-6.227889159480919
202405,118.0,18.0,59.0,12.084526287450679,12.084464177227597,599.98,-6.2867327161806745
202303,44.0,12.0,7.0,9.899128063758676,9.89917828094803,85.213,-5.943868808996254
202301,229.0,75.0,84.0,13.3324070993978,13.224622087433067,1302.752,-1.196546395950537
202208,460.0,98.0,108.0,13.700541808486971,13.512219293463643,3831.156,47.171246440999965
202303,181.0,121.0,20.0,11.370047673374675,11.313388570956672,925.565,-5.972186543075295
202303,103.0,25.0,38.0,11.70126222741897,11.701270510741743,376.808,-1.2682573747507027
202312,451.0,231.0,83.0,12.610974261573167,12.422864064702908,1877.423,18.477922030107813
202405,105.0,21.0,14.0,11.213710476704723,11.213723964609445,125.952,-6.2918148135823255
202306,177.0,8.0,8.0,13.362688083741135,11.739566891579578,872.477,7.320797014746297
202308,143.0,5.0,33.0,11.331067800561561,11.266257368609061,153.26,-6.271039005393656
202211,574.0,222.0,201.0,15.196726294675205,15.055605047644267,4955.624,29.324729285806562
202210,716.0,291.0,152.0,12.076977114195222,12.069353319699212,2686.663,40.81900491177231
202303,355.0,153.0,65.0,13.13716528663207,12.955302383626385,1038.782,6.583435424111315
202311,135.0,1.0,2.0,8.146419323098003,8.146709052203319,19.298,-6.2918148135823255
202306,310.0,48.0,112.0,12.445994648083202,12.083108083923987,1227.008,11.029000819636481
202403,136.0,53.0,58.0,13.773111278517227,13.746679102020561,2915.17,-4.1700397617332765
202207,54.0,22.0,10.0,10.685972568448268,10.685995431600869,476.509,-6.237605966362469
202210,556.0,209.0,155.0,13.080914102851752,12.626780983051033,1648.613,13.769215586853678
202303,98.0,9.0,53.0,12.42254600046333,12.218727237363412,530.753,-6.2918148135823255
202404,57.0,8.0,12.0,13.902238561474098,13.384252144225345,3891.766,1.5507461709925794
202308,70.0,35.0,8.0,11.353648333984433,0.6931471805599453,228.562,-6.2918148135823255
202403,181.0,122.0,26.0,13.698216902541848,13.679300151412967,1121.966,-5.999504516991357
202404,251.0,81.0,49.0,12.480255258917637,12.350960558078247,785.867,35.34435347110993
202208,163.0,72.0,33.0,10.605594474467546,10.530895491381983,293.325,-2.934637171888246
202303,169.0,15.0,75.0,13.658462518173778,13.50891338424854,1782.83,-6.163963505379513
202306,159.0,38.0,59.0,13.713669397659514,11.846056411407641,1818.947,18.67180176456239
202208,55.0,18.0,33.0,12.385151450282283,12.155605325721158,1162.002,-6.2918148135823255
202410,2.0,0.0,0.0,9.690294332075087,0.6931471805599453,264.71,-6.2918148135823255
202405,171.0,25.0,81.0,13.738869225715812,12.749480651249947,1904.177,-6.2918148135823255
202311,25.0,2.0,3.0,12.937100699751515,11.494007646115584,2141.21,-6.258381774551138
202301,822.0,394.0,199.0,14.666178874833406,14.49883616438155,3380.898,15.548452696473097
202410,34.0,8.0,9.0,12.000210162700219,11.443071508570338,364.625,2.4591499332003597
202408,524.0,36.0,131.0,15.338331415653508,13.63592206295215,13585.352,-0.1456532539187263
202208,168.0,63.0,35.0,14.742089385424846,14.71059849075908,1472.029,-3.149395835963297
202406,180.0,15.0,45.0,12.51788985814027,12.313261987864577,1148.438,-5.972137184479387
202303,98.0,22.0,24.0,12.822290184461021,12.8222928843726,876.64,-6.115648995918721
202402,426.0,144.0,74.0,10.84410009655535,10.765638838309634,381.17,-0.1664290621073956
202405,183.0,44.0,26.0,11.303018916688014,10.960426790193678,310.331,-0.902336453018826
202401,118.0,16.0,75.0,12.844824356507816,12.775344520184548,586.767,-6.255207133396982
202306,698.0,199.0,132.0,11.72864956006451,11.518052300262026,1176.312,6.421539117667766
202404,99.0,0.0,11.0,10.444095254586585,10.444124373873748,50.349,-6.2620518727231165
202307,200.0,22.0,78.0,14.229690250206694,13.889284117065326,4181.94,17.187116713874886
202308,56.0,3.0,4.0,12.62981307140002,11.696970535660457,1992.799,-6.1971758170546405
202308,100.0,13.0,5.0,8.98744678941718,8.961109485898655,33.875,-6.036112197176701
202311,113.0,14.0,43.0,11.460073061066,11.454819543563197,353.162,-6.2918148135823255
202207,14.0,2.0,1.0,15.232098887917719,15.132738830631203,10425.924,-5.111876562972245
202402,12.0,0.0,0.0,14.310324475803117,0.6931471805599453,4272.767,-6.2918148135823255
202303,53.0,8.0,16.0,11.187624595611938,10.193728847382832,180.674,-6.237605966362469
202301,110.0,3.0,21.0,11.945149342379084,11.945155832998516,319.158,-6.2918148135823255
202207,262.0,102.0,49.0,10.485870756111218,10.401258331428318,407.004,-3.9969992266279197
202407,189.0,46.0,19.0,12.712679382294542,12.591171767685465,931.557,-4.139547146663057
202312,17.0,7.0,5.0,12.467344005302529,12.163629546062378,873.669,-6.163963505379513
202406,41.0,4.0,18.0,13.245359468113469,13.001126383696429,1430.125,0.5479241396131735
202306,142.0,30.0,65.0,12.44660414644561,12.118852155768902,474.868,-6.276933343152721
202211,581.0,126.0,252.0,14.423492474600565,14.36570380716833,2274.371,35.35737684388795
202401,32.0,0.0,2.0,15.445971529135637,13.388722727801081,3429.629,-3.3748265646547635
202309,31.0,3.0,13.0,13.47658571616432,12.860811582793799,1619.981,0.5813571786443612
202403,145.0,83.0,25.0,12.80492562999951,12.804928377203199,490.278,-6.227668432124859
202405,45.0,8.0,31.0,13.390497120223538,13.390498649833342,812.899,-2.3817213401569073
202210,4.0,1.0,3.0,11.261845294962995,11.261858149011701,293.981,-6.2918148135823255
202403,699.0,384.0,119.0,14.935011485311856,14.560877728396843,4714.687,43.16993201100941
202401,58.0,6.0,19.0,14.282689576751228,13.310504633515889,2704.865,-5.319485397273138
202407,39.0,7.0,9.0,13.176586376014368,12.80413961983985,4038.625,-6.213007689051315
202303,223.0,74.0,39.0,10.839502477258012,10.839522086446879,340.369,3.0051592346599776
202401,209.0,41.0,55.0,14.674730495689175,13.997266955085582,2391.31,0.6771874470456583
202402,200.0,62.0,73.0,13.828991283298116,13.645204919999305,2732.967,8.630543388402591
202311,190.0,44.0,55.0,12.380130989153892,12.242881799364168,712.13,4.14597228587918
202401,640.0,208.0,120.0,11.441547608809866,11.01094394985813,1269.312,0.03655992425917365
202409,9.0,3.0,3.0,8.486527777105353,8.48673398393153,343.644,-6.271039005393656
202306,241.0,21.0,50.0,12.785336987268415,12.23176963161736,1219.583,-6.2918148135823255
202401,87.0,8.0,41.0,12.013421926135365,12.009077963023524,318.231,-6.186337543103582
202406,174.0,39.0,36.0,12.389206372424686,11.81649811083941,938.108,-5.255559743171732
202306,72.0,22.0,39.0,11.881090148323931,11.795597508158123,493.409,-6.271039005393656
202410,1.0,0.0,0.0,12.235675136137756,0.6931471805599453,250.469,-6.2918148135823255
202309,158.0,4.0,25.0,9.330343164370879,9.330431852234003,220.222,-6.2867327161806745
202309,410.0,132.0,67.0,12.067258753613128,11.96386094712315,1840.224,25.38222153132258
202308,143.0,28.0,35.0,13.139238193429168,10.874133885147835,2684.025,-4.347155980963951
202402,225.0,86.0,75.0,14.075211278345524,13.795694510578045,2133.068,10.257255902989138
202405,85.0,13.0,16.0,12.585676208111991,12.585679628768997,433.815,32.583827021868515
202404,50.0,7.0,26.0,13.259059756172007,12.516259573322024,851.139,-5.191561980229505
202207,13.0,5.0,0.0,12.05700403010971,11.228943206424937,817.193,-6.258381774551138
202207,15.0,8.0,3.0,12.79711234690042,11.54792574615485,1123.459,-6.2918148135823255
202404,641.0,210.0,120.0,10.93777463064768,10.490301522301456,977.494,0.03655992425917365
202210,81.0,34.0,8.0,10.10176447612021,10.086683726740743,95.286,-5.996362363483974
202408,47.0,18.0,8.0,11.728754329069098,11.259451563848184,1092.834,-4.216292139959348
202405,300.0,59.0,60.0,11.44120387391202,11.436379137828363,432.03,3.2472853305529483
202407,529.0,161.0,90.0,10.435790870478348,10.432025384900689,552.231,-4.156756520839071
202303,107.0,10.0,15.0,9.993328256535918,9.99337395933065,430.249,-4.682144187396456
202210,101.0,12.0,45.0,14.137119306776109,14.003633586961012,4337.353,11.540788461960071
202210,17.0,6.0,1.0,14.106771717834565,13.9286794090699,2664.979,-4.2193046727611385
202210,115.0,28.0,57.0,13.766731993727563,13.654519871872148,1895.926,-5.95730507264569
202410,451.0,40.0,20.0,10.392803492814236,10.32137518064285,181.219,-6.243500304121533
202401,133.0,27.0,28.0,11.187098367272093,11.18711221893464,177.077,-5.298709589084469
202303,66.0,7.0,20.0,14.145686586429385,13.515746457539947,2122.307,5.440063836229328
202306,82.0,18.0,21.0,11.154921066269436,10.869044525713202,220.562,-5.222126704140544
202408,162.0,32.0,59.0,13.030778649478536,13.025030553433732,1300.872,31.73209193536931
202207,581.0,100.0,85.0,12.477926357813645,12.246220813080019,1012.33,12.093734456788097
202312,52.0,13.0,14.0,10.532922537124472,10.345895139566009,209.123,-6.258381774551138
202210,174.0,39.0,35.0,12.254172095020659,11.751674613062827,814.003,-5.255559743171732
202309,1.0,0.0,0.0,11.515891063233514,0.6931471805599453,0.171,-6.2918148135823255
202410,106.0,5.0,2.0,10.746002564746897,10.746024095821621,362.629,-6.276933343152721
202306,171.0,47.0,29.0,9.920000460910341,9.283683766200392,409.454,-0.31870727886120864
202407,95.0,14.0,57.0,12.800277558232525,12.800280318235119,805.905,-6.271039005393656
202210,84.0,12.0,24.0,11.680074160542256,11.486684153765001,376.044,-5.158201050039138
202208,101.0,9.0,27.0,11.469986648228536,11.17420269780386,738.224,-6.220500256345779
202303,67.0,28.0,14.0,10.584992221312,10.585017513755883,180.557,-3.906966588197433
202410,202.0,16.0,79.0,13.705927807873227,12.774784085181754,3100.227,-2.354182638884784
202312,384.0,109.0,85.0,9.574358290170174,9.574427775630369,1795.933,16.509874459264232
202306,116.0,34.0,25.0,12.778232286491011,12.700869492061557,925.184,-5.255559743171732
202212,7.0,1.0,3.0,14.340160385577537,13.75956540782218,2581.537,-6.227889159480919
202301,180.0,57.0,38.0,14.117485991891439,11.947800496924183,1896.681,-4.19852886457247
202211,241.0,106.0,78.0,11.260713491158672,10.750513947508502,959.56,-5.304603926843534
202409,3.0,0.0,2.0,6.234410725718371,6.236369590203704,2.127,-5.319485397273138
202301,280.0,42.0,155.0,13.904188794970551,13.784847205932145,1521.108,-5.252164374661515
202208,310.0,180.0,92.0,13.548967474381614,13.297463925354942,2757.673,-2.4114985415549515
202407,182.0,122.0,21.0,11.459334796797153,11.437328692795854,1231.696,-5.908260888973889
202303,204.0,81.0,49.0,12.003491236928841,11.730646340116044,618.048,6.485608612909203
202210,833.0,345.0,378.0,13.79413062737903,13.484203956447232,6390.461,1.8852596003403246
202207,35.0,10.0,12.0,12.792230206384824,12.29011043913297,1740.495,-5.160920746644047
202408,44.0,16.0,13.0,6.721425700790643,6.7226297948554485,289.147,-5.319485397273138
202408,181.0,31.0,90.0,11.66359294262898,11.663601543928637,1028.295,-3.0338369711504742
202309,362.0,104.0,51.0,12.886083926696978,12.413269725014695,1308.352,28.602834810000346
202401,221.0,7.0,10.0,15.088562310072492,11.983641340508344,1821.811,-4.211282151398518
202303,181.0,123.0,25.0,13.013699634315126,12.945451959381776,988.151,-5.999504516991357
202301,84.0,19.0,38.0,12.909578489405822,12.85825459214492,407.339,-6.2918148135823255
202311,88.0,30.0,14.0,12.080191911836174,12.080197582554568,209.111,-6.271039005393656
202211,106.0,23.0,28.0,11.668201225941987,11.21851413510048,428.841,-4.80048887997561
202210,200.0,78.0,80.0,10.362840918533156,10.25976241645352,369.134,-5.035465046788473
202409,396.0,88.0,75.0,12.235990606567446,10.000024252584158,1594.468,3.932145025561553
202307,8.0,2.0,1.0,12.822600626519504,0.6931471805599453,2814.973,-6.2918148135823255
202307,45.0,5.0,14.0,13.98022722067625,13.459595325371783,2474.678,-4.313722941932763
202403,87.0,8.0,41.0,11.85264243175633,11.852649551449044,259.392,-6.186337543103582
202311,526.0,95.0,64.0,12.254386505808725,12.195749545207098,569.651,-6.124010118537575
202409,202.0,16.0,79.0,13.759240690426584,12.715041546653,4205.147,-2.354182638884784
202401,81.0,17.0,26.0,14.80668387618681,13.071124818360877,4278.863,-3.3109009105533573
202303,45.0,7.0,36.0,10.983358650384996,10.983375632205957,214.399,-6.2918148135823255
202409,3.0,0.0,0.0,10.708444408148079,10.209574216664013,500.1,-6.227889159480919
202404,66.0,15.0,21.0,14.259976483255501,12.796148355235765,2083.34,-4.177849112367331
202303,506.0,64.0,90.0,11.743084351178343,11.74029208655731,882.801,34.500736961956875
202207,394.0,17.0,15.0,12.6756605633799,12.30858410648325,1604.516,-6.250263197204988
202310,62.0,33.0,5.0,10.959261927194138,10.957241935562411,191.776,-6.119471465041206
202309,64.0,17.0,13.0,13.257451807217066,11.068729923502001,2068.804,-6.2918148135823255
202308,3.0,0.0,0.0,12.565430985938088,0.6931471805599453,295.366,-6.2918148135823255
202408,27.0,0.0,0.0,13.885988592716753,0.6931471805599453,15722.632,-6.2918148135823255
202401,60.0,2.0,11.0,11.67799912835463,11.27460482205617,182.778,-6.250263197204988
202307,67.0,20.0,10.0,9.877810705746144,9.85398213263229,72.293,-6.271039005393656
202407,197.0,82.0,108.0,11.958533937381242,11.814909771132768,991.669,-6.2918148135823255
202408,83.0,9.0,15.0,13.308942524450925,12.090066779771469,3516.084,-2.1616266437736487
202303,1435.0,528.0,169.0,14.105713699848264,13.807374550231074,2302.819,57.208439287599575
202210,22.0,1.0,19.0,12.712016372204557,12.712019386881511,1187.979,-5.319485397273138
202409,174.0,8.0,7.0,9.63834944451924,9.638414622945206,58.682,-6.2918148135823255
202303,154.0,62.0,18.0,11.679972626532507,11.679981088093749,370.06,6.4282251245351905
202407,105.0,33.0,33.0,11.908811506631398,11.873281624911433,670.202,-1.3551830766278634
202303,48.0,10.0,8.0,13.667760848147903,11.737643775699707,1506.742,-5.304603926843534
202307,126.0,28.0,58.0,13.042306669632792,12.871840921145061,1331.951,-6.2867327161806745
202303,174.0,66.0,91.0,13.453891985836012,13.430486108860881,1929.19,3.528838042642141
202208,69.0,23.0,17.0,11.50347091119929,11.425241134325345,903.445,10.69797143182213
202212,59.0,6.0,19.0,13.583520491368278,12.84376789655371,2336.287,-4.347155980963951
202208,535.0,163.0,90.0,10.053458079112422,10.001475960864331,602.45,-4.156756520839071
202308,8.0,4.0,0.0,11.47530666806372,0.6931471805599453,95.095,-6.2918148135823255
202210,934.0,454.0,203.0,12.934099399346739,12.671858015416465,2764.355,30.885800029796982
202208,189.0,42.0,21.0,12.256180988139585,12.256185743760133,616.337,-3.190542169645009
202307,47.0,10.0,30.0,11.219185077934483,11.218259058744003,687.991,-6.271039005393656
202306,78.0,18.0,16.0,12.424022734133029,12.080016103614135,1481.372,6.369243406625779
202407,55.0,15.0,19.0,11.813392954528409,11.80632615491545,726.478,-6.160479637513261
202409,82.0,39.0,21.0,11.746866512943775,8.20903626577507,350.938,-4.249797287831357
202211,89.0,31.0,9.0,13.568286893943336,12.836998617907708,3362.386,-4.870834689640164
202311,244.0,72.0,73.0,12.63433263170975,12.3160071843763,579.061,6.825899863055858
202312,64.0,18.0,15.0,12.298086489292595,12.298091049744809,403.108,-5.266088790410695
202306,84.0,11.0,23.0,11.958930927941923,11.742742697651419,352.433,-4.938106353655879
202208,162.0,38.0,60.0,13.447869996514687,11.750681728652284,2591.257,18.955822115047056
202309,33.0,7.0,5.0,8.472405008626103,7.952966790923131,31.073,-6.2918148135823255
202308,208.0,25.0,20.0,7.546974117516527,7.547501682814967,177.573,-6.2867327161806745
202303,61.0,10.0,11.0,11.736133014236525,11.7242231300007,511.396,-3.119074589653231
202407,163.0,41.0,41.0,11.779634125024348,11.652165532061732,1237.759,-6.2620518727231165
202402,143.0,38.0,50.0,13.45019121578534,13.222445788341714,1374.973,-4.2505269620423665
202311,268.0,94.0,54.0,11.767404879394292,11.731442329657444,450.555,4.653666403061202
202207,94.0,22.0,44.0,13.427524792179296,12.37173537809638,1900.754,-4.3420738835623
202409,329.0,179.0,75.0,10.466526047749053,10.401197541154744,858.747,-3.949945065350017
202403,257.0,131.0,69.0,13.336613095575071,12.760796487385168,1645.235,-5.0637827808675135
202208,128.0,37.0,44.0,11.981734631128878,11.731578951011572,1055.756,-3.1212988292403168
202210,285.0,80.0,42.0,11.177214938174416,11.12480408117969,537.55,-4.23646438508353
202409,258.0,40.0,39.0,10.551558912204982,10.11098940786038,270.958,-2.7358262982203336
202303,73.0,2.0,12.0,14.579594186708412,13.31241828792057,2460.184,1.5536865949535485
202309,117.0,14.0,23.0,10.403899137953246,10.38211018126202,167.277,-6.220500256345779
202402,60.0,7.0,32.0,13.473392010891404,13.402487460071669,3150.497,-1.2993759998726073
202301,41.0,5.0,17.0,14.062195620581512,13.856470143018518,2049.788,0.5479241396131735
202311,371.0,249.0,54.0,10.986393811382621,10.700746969978026,289.092,-3.325561653626901
202310,130.0,20.0,44.0,14.945609885717174,14.573976267876274,5078.115,9.46017323362986
202303,166.0,28.0,73.0,13.922939732471201,13.839698653063193,1968.975,30.897573510738717
202211,40.0,9.0,10.0,12.93851505569775,12.774127013996173,1126.068,-5.260056291441973
202303,123.0,26.0,28.0,11.709519681050901,11.394085621088696,220.937,0.061158201570327364
202407,13.0,6.0,4.0,13.148095449569363,12.5397481177063,1153.641,-6.2918148135823255
202211,58.0,5.0,19.0,12.21501752058698,12.01982137752537,481.55,-6.246220000726442
202401,85.0,31.0,21.0,14.74324832185758,14.519327612424387,8857.247,0.6118497937145797
202307,49.0,22.0,21.0,13.267699321346312,13.213758631149023,3096.026,-6.1915156964887625
202211,412.0,178.0,150.0,13.626654900352719,12.735550234834948,2028.06,7.651948412724895
202402,323.0,77.0,125.0,14.040573066901013,13.943121584757405,1960.098,9.570472733394066
202410,383.0,84.0,43.0,8.150756470275551,8.151044945685024,244.484,0.8651254709195904
202212,1.0,1.0,0.0,14.689677615166701,14.689678032376001,2382.868,-6.2918148135823255
202207,70.0,14.0,11.0,10.113626914715084,10.105039677606861,245.577,-6.2918148135823255
202301,17.0,5.0,5.0,13.36838091299672,12.475931829708616,918.788,-4.347155980963951
202210,66.0,6.0,40.0,13.611219427741322,13.000367480094965,4774.205,-2.2717054161817947
202408,253.0,149.0,44.0,10.991561170646536,10.991578013744656,464.253,-2.0023458087706736
202210,122.0,10.0,13.0,11.743449711817181,11.530352724292754,493.808,-6.2918148135823255
202306,501.0,109.0,178.0,13.204092662007069,13.026431604451005,3924.011,29.789843806368616
202207,195.0,47.0,23.0,8.505120610181969,8.449128460502108,217.024,-3.3057362470053024
202303,56.0,1.0,1.0,10.6844853411661,10.684508238346313,1703.577,-5.780409580771076
202408,221.0,67.0,83.0,13.239500871410195,13.072866363475457,2444.58,-2.134087942501525
202312,98.0,19.0,44.0,13.373531350516755,13.256722927012174,1093.084,-5.319485397273138
202301,173.0,37.0,45.0,13.212469128542931,13.031330835447761,963.415,4.493918290465253
202402,17.0,5.0,5.0,13.17745365412224,12.322610461778126,817.945,-4.347155980963951
202306,71.0,14.0,11.0,10.241209008557773,10.214605350465526,186.993,-6.2918148135823255
202311,14.0,2.0,1.0,15.52298202934606,15.457161804503025,7387.52,-5.111876562972245
202410,559.0,81.0,109.0,14.91606396144943,12.695710382971582,5506.713,-3.7600884114353073
202311,478.0,171.0,107.0,11.928380507107741,11.213966715790677,880.629,7.411127266748876
202407,166.0,17.0,7.0,13.266972682744363,12.495636695949951,2428.438,-6.271039005393656
202212,13.0,7.0,1.0,11.497436122074095,8.818038250394299,81.354,-5.319485397273138
202309,397.0,59.0,21.0,12.140525616018946,11.334181500952702,451.187,-6.123141563213185
202311,90.0,9.0,31.0,13.012805174884802,12.018760657221003,241.086,-6.192961555073656
202311,193.0,45.0,22.0,9.07680897935166,9.076923258535832,161.148,-3.2849604388166336
202210,47.0,18.0,8.0,12.03891355535412,11.189491854811298,667.873,-4.216292139959348
202212,83.0,35.0,25.0,14.64046727460422,13.381789483555133,2742.891,-6.106814234198687
202408,63.0,15.0,2.0,8.128290171607052,8.128585200374497,313.003,-6.271039005393656
202406,17.0,1.0,1.0,8.333510708982942,6.699500340161678,99.961,-6.2918148135823255
202210,189.0,1.0,0.0,9.181940897454485,8.491465042843506,1.477,-6.250263197204988
202210,58.0,5.0,19.0,12.127732654078923,11.94310920159051,553.35,-6.246220000726442
202308,174.0,10.0,40.0,13.338992958808204,12.405402897544743,1297.265,-5.248170840036591
202404,161.0,61.0,32.0,11.711661563032278,11.643550137173133,248.258,-4.013870719451424
202210,120.0,16.0,39.0,12.801378194864629,12.561783625004416,672.156,-5.319485397273138
202410,36.0,1.0,3.0,5.3612921657094255,5.365976015021851,5.82,-6.276933343152721
202406,63.0,15.0,2.0,8.028129059431759,8.028455164114252,226.599,-6.271039005393656
202303,17.0,1.0,1.0,8.04012466444838,7.318539548567902,84.783,-6.2918148135823255
202303,49.0,7.0,26.0,13.173499359418937,12.636360439069684,786.952,-5.191561980229505
202210,386.0,77.0,80.0,13.468193124216475,12.95817953329331,1963.941,-1.0280128802304604
202409,3.0,0.0,0.0,10.54684031483226,0.6931471805599453,851.351,-6.2918148135823255
202408,265.0,28.0,38.0,11.749316874609944,11.611675177340205,827.412,-4.2266590788459455
202403,18.0,6.0,1.0,15.03044229324614,13.990565778766184,2779.511,-4.2193046727611385
202210,55.0,16.0,2.0,10.061516416761037,10.061559107106623,186.879,2.492582972231549
202212,296.0,125.0,96.0,13.079416209635564,13.033156136724278,575.805,-6.241276064534448
202303,148.0,66.0,20.0,11.771358937062885,11.765977272023102,122.481,-2.635735350973976
202405,81.0,7.0,18.0,13.215536730364896,13.215538552434348,757.8,-6.00779446309766
202405,180.0,8.0,37.0,9.604407435131979,9.604474863741963,218.974,-4.604992460903505
202407,68.0,18.0,45.0,11.616519421180334,11.616528437052779,746.465,-5.319485397273138
202306,66.0,7.0,19.0,14.013845709985091,13.520305592712864,10647.212,-5.1708582808816566
202303,18.0,6.0,1.0,14.447511324347825,13.771296358082282,2292.488,-4.2193046727611385
202208,367.0,75.0,205.0,13.935208204028294,13.821486665409324,4551.742,23.65078725811759
202409,477.0,123.0,81.0,12.121777576034772,11.432322600438129,954.351,-3.555860084099057
202408,84.0,6.0,12.0,12.499003419417622,12.098364932915109,1769.009,-6.2867327161806745
202210,1.0,0.0,0.0,13.651298431110675,13.651299609574252,8451.423,-6.227889159480919
202212,182.0,34.0,95.0,12.333585965829133,11.537325351793763,1884.01,16.884190246438756
202306,61.0,7.0,5.0,7.896924656268864,7.897296472595885,56.114,-6.276933343152721
202208,219.0,41.0,15.0,11.880827152523427,11.703934178911638,601.285,1.3029192553388693
202401,45.0,16.0,17.0,11.419273908888773,11.419284890598735,490.278,-4.347155980963951
202306,18.0,3.0,0.0,12.736086001700869,12.548352982434363,1626.756,-6.0682030417823185
202210,38.0,10.0,14.0,13.093663446227417,12.904468527525786,1567.644,-5.153036386491083
202303,4.0,0.0,3.0,13.66536418352765,13.665365345531294,958.037,-6.227889159480919
202207,68.0,18.0,45.0,11.75012181160001,11.750129699932772,805.738,-5.319485397273138
202401,84.0,14.0,17.0,14.722464638645373,14.047866742356971,2965.413,5.294931646016421
202309,117.0,6.0,3.0,8.808518618782816,8.808668062106715,130.803,-6.256157534964052
202311,54.0,10.0,13.0,14.362216514326997,12.348027833157543,4428.096,-5.005702105929265
202401,235.0,10.0,72.0,15.01649560338038,13.269605102416264,4120.164,-4.375180957638697
202312,232.0,57.0,78.0,13.018393006158972,13.013322765156737,811.946,-6.260874810590354
202403,246.0,49.0,64.0,13.793178033174442,13.054709608918607,1296.773,-2.290256984783378
202208,132.0,26.0,28.0,9.121399862679535,9.121509158269568,133.13,-5.298709589084469
202301,46.0,10.0,13.0,13.185428313348346,12.709272265101712,696.987,1.5507461709925794
202303,70.0,26.0,18.0,12.789014258769093,10.407137492553023,421.829,-6.256157534964052
202303,556.0,69.0,97.0,13.062203522566987,12.914940604552974,2410.023,-5.007106295252184
202403,171.0,31.0,53.0,13.46434895899768,13.39025082252793,909.065,-3.3540507564660946
202312,142.0,16.0,43.0,12.92647500615657,12.684754137969545,1383.625,-0.5883429704170613
202406,6.0,0.0,1.0,10.853445141880767,0.6931471805599453,160.643,-6.2918148135823255
202409,7.0,0.0,0.0,12.41447609332263,0.6931471805599453,624.157,-6.2918148135823255
202303,68.0,12.0,26.0,11.749245819641,11.749253714886878,350.551,6.026219188993528
202403,195.0,1.0,3.0,11.602537623659915,11.24824351674751,96.274,-6.208711580827649
202312,90.0,22.0,15.0,12.77427149339607,12.474331043873944,452.141,-2.3690641093143885
202310,202.0,31.0,52.0,12.684940000636157,12.658752073642706,1084.751,17.20537552507217
202406,313.0,40.0,59.0,13.085977362694345,11.74216241377299,835.324,-3.3242878156068856
202301,129.0,37.0,45.0,13.234600395631023,12.323295524327994,890.804,-3.1212988292403168
202309,77.0,22.0,40.0,12.442760063207682,12.442764009389652,996.941,-6.2918148135823255
202303,103.0,15.0,16.0,11.190389663527862,11.127924529994418,114.311,-5.271170887812346
202405,76.0,42.0,18.0,14.015773533956501,13.809177546714638,4429.162,-5.183611567707706
202410,45.0,7.0,19.0,13.288796038254477,11.49837004696103,1243.579,-6.253299677149487
202403,27.0,6.0,9.0,13.640898804112359,13.218611299209337,925.497,-4.313722941932763
202301,281.0,2.0,5.0,9.972593750934676,9.325720523016257,122.1,-6.2918148135823255
202409,5.0,1.0,4.0,10.274533733773833,10.274568233782462,127.468,-6.2918148135823255
202301,283.0,76.0,57.0,12.420167379505765,12.420171415857146,469.571,-5.219902464553458
202312,58.0,4.0,11.0,15.546428131773695,12.670111646696222,8168.828,-5.319485397273138
202210,208.0,28.0,47.0,12.993233711522366,12.915494177511418,2579.37,-6.076321619128469
202408,84.0,17.0,39.0,11.8457840373073,11.823969997458901,514.645,-6.2918148135823255
202308,204.0,37.0,82.0,13.387287439715067,12.719426071709922,2976.332,-6.19909082992963
202306,404.0,33.0,169.0,13.483445993269687,13.425655476944613,3549.651,-6.165341007558852
202210,186.0,0.0,1.0,13.250621138848064,12.568470184145248,3182.571,-6.19812621862171
202211,151.0,63.0,26.0,12.021428393366573,12.021434407300859,380.188,-4.009656457470438
202405,71.0,14.0,11.0,10.36819593668493,10.329114700468233,168.319,-6.2918148135823255
202403,62.0,32.0,14.0,9.14686794902061,9.146974496354362,405.02,1.4868205168911732
202210,318.0,43.0,117.0,13.325407073254443,13.307612311910706,1978.669,5.044799498068629
202307,13.0,5.0,0.0,12.046731016005834,11.345760465065284,799.837,-6.258381774551138
202210,506.0,64.0,91.0,11.85239321057124,11.847724874624848,913.038,34.500736961956875
202301,343.0,59.0,36.0,12.736174287369808,12.634589997168492,290.749,-4.296617231916073
202303,61.0,10.0,11.0,12.020917076715085,11.520715047245059,525.157,-3.119074589653231
202210,185.0,13.0,46.0,14.495379977911645,12.58734751483712,4770.401,-6.240325662967377
202409,195.0,11.0,44.0,12.249701896017623,9.943813424007693,766.059,-6.275982941585651
202301,188.0,28.0,47.0,14.164669829861344,13.68665166078265,1543.964,-4.297891069936089
202306,98.0,7.0,66.0,12.186925503356674,12.186869438545738,516.041,-6.271039005393656
202306,211.0,40.0,16.0,11.840493894369912,11.687584405428838,398.705,1.3029192553388693
202306,527.0,159.0,191.0,12.940378563905986,12.93723789327764,1773.307,-4.117779786743631
202301,581.0,99.0,87.0,13.802239890890652,13.453866143779788,1037.266,12.093734456788097
202404,17.0,1.0,1.0,8.864181369765426,7.741967899820685,85.86,-6.2918148135823255
202403,118.0,25.0,55.0,14.026986304410801,13.54720618593873,2401.946,-6.11447786699559
202402,188.0,18.0,49.0,13.171166874818207,13.044172620477571,802.414,-6.256157534964052
202403,85.0,9.0,25.0,13.724047468608797,12.190222696100108,882.626,-4.216364248800169
202404,174.0,40.0,35.0,13.128613802733842,12.170885785440792,775.513,-5.255559743171732
202303,85.0,24.0,20.0,11.802530686983857,11.75599712590346,1148.401,-5.943868808996254
202312,141.0,43.0,60.0,14.116350435581763,13.869090186696416,4950.063,11.284530493842547
202403,278.0,57.0,33.0,13.493394378261158,13.41611300495738,544.46,-5.205668822092183
202208,255.0,27.0,37.0,11.83065893676428,11.679964164899665,748.379,-4.2266590788459455
202311,36.0,10.0,6.0,11.959212567598648,11.2784555114508,405.819,-6.2918148135823255
202410,10.0,2.0,5.0,12.962764885157627,11.348923082759187,1112.233,-6.2918148135823255
202301,106.0,15.0,52.0,14.343438696412843,13.240425485227563,2049.533,-5.319485397273138
202303,45.0,16.0,14.0,8.497194544909547,8.497398564088058,200.849,-5.319485397273138
202410,39.0,9.0,29.0,10.541676837515393,9.591854259261833,374.976,-6.2918148135823255
202301,114.0,4.0,13.0,10.39326317135381,10.393293809078044,139.541,-6.2918148135823255
202306,213.0,28.0,82.0,14.915412348201087,13.955064652653643,9123.969,7.561667519318224
202303,477.0,62.0,58.0,12.364818465795423,12.308186897771936,675.491,-4.718011657272621
202307,32.0,5.0,2.0,14.648784831615044,14.171541694703619,17255.827,-4.155379018659732
202303,191.0,52.0,102.0,11.32215229368647,11.299026550020839,608.501,-6.2918148135823255
202210,261.0,63.0,94.0,13.852477772356995,13.507135862287404,2127.473,-4.347155980963951
202310,181.0,50.0,50.0,10.820837723006973,10.811604973721122,401.079,-4.5469611445611635
202303,650.0,99.0,168.0,13.576330354160511,13.43105910826389,1683.619,125.88296675256923
202301,196.0,81.0,108.0,11.996955265949056,11.995493579445624,1109.785,-6.2918148135823255
202210,106.0,25.0,23.0,13.200630972034993,12.502068809935968,1020.524,12.264191644784214
202303,1512.0,221.0,852.0,15.655841596042974,15.414876316125035,10431.114,-0.20718329967289417
202308,62.0,6.0,12.0,9.982760733430636,6.981934677156389,222.999,-6.2620518727231165
202401,99.0,0.0,11.0,10.85836418072537,10.85838342352135,93.546,-6.2620518727231165
202306,12.0,0.0,0.0,13.79513334562572,0.6931471805599453,4531.17,-6.2918148135823255
202211,29.0,4.0,9.0,13.45140665897404,13.098763068033527,1443.478,-4.029702591448098
202407,36.0,12.0,11.0,13.530859886171209,13.25588151994107,3088.051,-6.067334486457929
202301,230.0,19.0,55.0,13.88802189903783,13.265289005695688,1911.608,-4.295666830349003
202301,115.0,15.0,62.0,14.21333118802948,14.130937166512396,2234.863,4.752514633444225
202410,12.0,0.0,4.0,11.928433308903013,10.048626318202366,846.461,-6.271039005393656
202303,72.0,15.0,20.0,11.814414284121769,11.20260234070406,397.777,-6.222586334723208
202308,722.0,227.0,172.0,10.935532596932125,10.18606913959895,1646.109,26.67435965198272
202409,387.0,29.0,64.0,11.949740650287469,11.458236939619427,455.941,-6.276933343152721
202410,104.0,19.0,20.0,11.817427780652258,11.78409698529502,334.906,2.743170283685025
202407,419.0,13.0,40.0,10.255340891195644,10.250829075293785,957.487,3.9823106763028644
202309,111.0,34.0,39.0,11.138013809905521,11.138028358428482,692.553,-2.245530727251884
202408,44.0,3.0,15.0,13.718388237223916,11.919523264674327,1219.925,-6.2918148135823255
202408,519.0,252.0,89.0,11.128644382529194,11.065997532053935,1396.907,3.9417094614925983
202311,391.0,113.0,156.0,14.566081478273247,13.475476385173666,4062.682,2.725789844006572
202308,11.0,0.0,2.0,4.672828834461906,4.68213122712422,14.472,-6.2918148135823255
202311,159.0,36.0,64.0,12.514887342792148,12.070722457041624,806.055,-3.278197545733179
202301,1164.0,409.0,245.0,13.345630121130041,13.227442053349074,3048.869,32.945824308535805
202405,58.0,6.0,19.0,13.243722234406595,12.681312541571156,1813.56,-5.319485397273138
202312,47.0,9.0,8.0,14.372260529080934,11.990004007887926,2050.537,-5.304603926843534
202208,56.0,8.0,19.0,11.898031390934293,11.898038194696772,608.235,-1.2481075766137195
202303,235.0,36.0,98.0,14.148468053685265,13.853132878984573,2658.207,21.58341781989229
202212,391.0,69.0,80.0,13.611702613144299,12.924885136188555,1637.077,-1.8771256978167346
202307,144.0,68.0,29.0,11.956867419888104,11.839080374832085,1098.971,0.260957685237166
202306,344.0,185.0,41.0,11.595748918169342,11.102126155271362,582.282,-1.2046649732966879
202407,55.0,16.0,35.0,12.598894834353642,12.387681448375371,1056.129,-6.2918148135823255
202407,36.0,18.0,10.0,13.775940903938206,13.521017342250058,5333.437,-6.00779446309766
202207,361.0,63.0,129.0,11.970306007230194,11.875663988199067,1056.77,-3.771586642210416
202211,27.0,17.0,5.0,9.711842668281289,9.513920399580737,93.313,-5.787699766714401
202211,87.0,15.0,31.0,14.017693563853785,12.830662573992976,2533.294,12.93283771008853
202207,90.0,17.0,10.0,10.605421020376692,10.550747850323598,152.282,-6.2918148135823255
202406,264.0,19.0,58.0,11.568814184200129,11.568823640599039,806.418,-6.250263197204988
202210,131.0,24.0,15.0,10.455071168774287,10.45509997020284,178.666,-6.250263197204988
202408,40.0,13.0,15.0,10.273532715413031,10.26500077311511,318.578,-6.2918148135823255
202401,252.0,23.0,89.0,14.994999360439104,14.642925484973707,4239.719,41.19067926259531
202404,182.0,20.0,27.0,12.714780027405045,11.920501676464033,615.886,-6.222807062079268
202409,209.0,4.0,14.0,10.786614391631849,10.73358838809481,295.579,-4.3263801727752815
202403,266.0,60.0,66.0,10.90404590072885,10.618714178238953,380.241,-4.574499845833286
202210,262.0,102.0,49.0,10.478920445076517,10.38696253427932,318.43,-3.9969992266279197
202406,29.0,11.0,7.0,11.647246545709,11.645820405101825,244.816,-3.0908062141700983
202410,5.0,2.0,1.0,11.58160228651866,11.230947095435125,117.082,-6.2918148135823255
202312,347.0,119.0,81.0,13.02148613019627,12.367413130935386,928.479,-2.679289547254068
202406,62.0,10.0,11.0,12.250414836880909,12.030623420078626,580.224,-3.055148935551825
202210,139.0,44.0,60.0,13.420764297205999,12.146030666444494,1630.971,-4.871956459967388
202312,324.0,81.0,95.0,14.69407200794842,14.379878465244822,2021.037,14.759069283981342
202306,147.0,66.0,20.0,11.658046932441533,11.653660846443254,120.512,-2.635735350973976
202309,53.0,5.0,2.0,10.90041773707303,5.8916442118257715,47.822,-6.2918148135823255
202403,830.0,347.0,372.0,14.253438338613417,13.90882602237325,6208.594,1.9491852544417316
202406,49.0,21.0,21.0,13.416986306285429,13.377194725178638,2623.953,-6.158082657457575
202211,86.0,4.0,22.0,11.945441378554706,11.423328931158473,715.431,-5.595873445814275
202401,49.0,22.0,21.0,13.735462516943182,13.702098829209259,3265.938,-6.1915156964887625
202405,116.0,13.0,13.0,13.076790532109571,12.871298632235714,1247.944,-6.1380230336427894
202403,897.0,360.0,148.0,12.035817989954356,11.620245060377552,1902.314,56.309840697210454
202210,35.0,3.0,16.0,13.329834353005912,13.037356535445802,2566.493,-4.072852437360835
202211,17.0,3.0,3.0,12.73620959945508,11.328497691658693,809.854,-6.143187697190844
202402,236.0,29.0,55.0,12.75052548334472,12.259992487519604,655.714,-1.1951915652235252
202303,242.0,93.0,71.0,13.996592179689697,13.888086070787493,1815.302,2.894436407232133
202404,218.0,22.0,105.0,13.758173775276372,13.012555207803272,1236.024,-6.177350410433042
202212,25.0,1.0,4.0,13.14285988155933,11.621752963690746,2504.173,-6.258381774551138
202303,556.0,211.0,153.0,13.799473651433205,13.338796463827052,1917.531,12.996205058739077
202303,350.0,158.0,60.0,12.939103780788555,12.890625500446188,1310.099,20.607095087914622
202306,66.0,6.0,40.0,13.640709451560566,12.959413766941525,5600.136,-2.2717054161817947
202306,33.0,0.0,4.0,13.94399787560477,13.006972727709146,3713.401,-2.33857149424417
202311,133.0,14.0,46.0,12.944257721199536,12.315178139992868,1183.395,5.476437299221486
202310,343.0,74.0,161.0,12.677453451033209,12.67544169847495,941.471,-6.039817603102448
202303,584.0,121.0,171.0,13.910787100839247,13.208375922393985,2159.629,6.864439025423993
202307,113.0,25.0,28.0,12.918926860582157,12.820914982455719,1414.114,-6.258381774551138
202307,173.0,33.0,28.0,12.800520409305298,12.792138386046554,554.468,-6.2918148135823255
202410,2.0,0.0,0.0,9.662879887470275,0.6931471805599453,547.717,-6.2918148135823255
202312,110.0,21.0,32.0,13.707936483079795,13.112393846366839,1835.165,-3.228202960494307
202410,21.0,2.0,2.0,8.704004653483045,8.704170559746386,15.576,-6.271039005393656
202211,184.0,27.0,52.0,13.118413587243046,12.602628181008393,674.01,-5.9579529006140195
202409,307.0,43.0,36.0,11.862990612253308,11.71500879855279,1076.119,17.137779772798787
202406,59.0,4.0,11.0,14.790496899365241,12.2005876302996,8484.699,-5.319485397273138
202211,114.0,24.0,32.0,13.244511981197464,12.843270974552308,1616.271,-2.2558735441851203
202303,15.0,9.0,0.0,13.891275513705,0.6931471805599453,2346.585,-6.227889159480919
202405,132.0,26.0,45.0,13.106158789394506,12.89803662638534,829.216,25.483010597461444
202301,447.0,217.0,62.0,11.437080600676898,11.437091388570725,1631.187,19.492656677780566
202303,229.0,75.0,84.0,12.512350735264027,12.442065292513268,849.97,-1.196546395950537
202301,170.0,30.0,110.0,14.588194164212503,14.032618330558739,3481.325,-0.9899783392698707
202409,175.0,12.0,16.0,9.337149218839878,8.857657449306988,108.569,-5.985524089532915
202408,6.0,1.0,0.0,12.523904365057783,12.523347500228697,3710.487,-6.163963505379513
202406,830.0,343.0,139.0,9.12063445889169,9.120743838164426,1099.19,4.945783181653843
202211,107.0,21.0,14.0,11.1517977650686,11.151812114432564,131.344,-6.2918148135823255
202406,584.0,283.0,96.0,11.213804888217602,11.184726906881156,838.714,30.32132090667251
202309,245.0,69.0,34.0,11.098439793640981,9.78571701680162,637.915,-6.177350410433042
202402,195.0,47.0,74.0,13.117901437740436,12.60113045172313,1376.219,-1.1291443806319181
202405,14.0,6.0,2.0,12.87151969544784,12.80951664763326,1146.982,-6.079262043089438
202407,329.0,125.0,17.0,13.17311352431399,11.155421606147888,1436.271,-2.684315090218941
202410,8.0,3.0,1.0,9.33078652505205,9.320360017014732,155.602,-6.2425499025544635
202310,176.0,5.0,14.0,12.793889865521036,12.784025000626201,1378.002,-6.163963505379513
202410,26.0,0.0,0.0,10.238315581044851,0.6931471805599453,0.221,-6.2918148135823255
202207,143.0,9.0,30.0,13.36232628696001,13.16422099548134,2986.672,-4.313722941932763
202406,58.0,5.0,19.0,12.229022276595755,11.999761628876014,673.028,-6.246220000726442
202301,97.0,18.0,28.0,16.03751023771342,12.90034669093937,10256.099,-6.2918148135823255
202405,161.0,13.0,35.0,12.016521014627498,11.876262170022438,426.953,0.5144911005819859
202303,55.0,16.0,2.0,10.580632375618567,10.580657778572933,172.168,2.492582972231549
202306,98.0,22.0,24.0,12.486771642967694,12.48524864368801,928.824,-6.115648995918721
202303,275.0,90.0,75.0,13.319187593732444,13.122093340947766,1110.733,-4.795373575023463
202301,141.0,42.0,61.0,14.593077927951796,14.31761042278277,6039.833,11.064435797459288
202210,126.0,28.0,58.0,13.243789546561425,13.06981455833331,894.542,-6.2867327161806745
202309,361.0,20.0,31.0,11.910371842151015,11.66002563397063,1605.251,-5.55736876668702
202404,446.0,216.0,62.0,11.392180547268655,11.392191830575566,1054.693,19.492656677780566
202208,516.0,248.0,88.0,10.846128059733065,10.774299631131253,1344.478,3.9417094614925983
202402,196.0,45.0,93.0,12.89494068360523,12.758666695808337,1332.61,-5.265276550053281
202406,525.0,37.0,131.0,14.841347473353727,13.63203113109741,9813.698,-0.1456532539187263
202408,68.0,6.0,30.0,12.486699891108252,12.181662118150028,2238.771,-6.271039005393656
202402,644.0,59.0,224.0,15.07345436840564,13.981936445352844,3314.852,32.537189771194676
202407,44.0,3.0,15.0,13.522708735262263,11.693144813672312,1064.706,-6.2918148135823255
202308,262.0,26.0,44.0,12.430826898966982,11.961354272510508,533.614,-6.177948576547749
202403,9.0,0.0,2.0,11.84664391339482,11.846651075923337,454.645,-6.163963505379513
202208,68.0,11.0,22.0,13.729048121188484,13.368749905728937,4478.135,-5.138237482207883
202406,8.0,1.0,2.0,13.671748726688628,13.156869146503892,4476.151,-6.227889159480919
202212,28.0,9.0,14.0,13.12472259226713,12.747035544966387,807.472,-6.258381774551138
202307,139.0,53.0,63.0,14.275248550403143,14.180109920595124,5542.694,-6.149082034949909
202303,428.0,144.0,74.0,10.561421977340329,10.404596118238738,330.562,-0.1664290621073956
202207,100.0,10.0,16.0,12.46807530616534,12.215884352914166,792.768,7.335678485175901
202405,98.0,21.0,49.0,13.277330866409269,12.686363801247492,1439.612,-6.271039005393656
202308,25.0,0.0,17.0,12.510420076250854,11.982641552879915,1016.163,-6.258381774551138
202303,104.0,18.0,25.0,12.022408187447777,11.613874263298445,212.304,0.7680188359964326
202406,204.0,50.0,51.0,11.468952678581077,10.34051592510041,354.141,-2.620853880544372
202308,103.0,0.0,5.0,8.75004942158424,8.750207862525711,27.621,-6.275982941585651
202208,192.0,48.0,28.0,10.115812796414458,10.049188346707682,290.955,-2.2694811765947094
202408,49.0,7.0,25.0,12.602671901192496,12.157507206108244,1499.949,-5.109886540578346
202312,189.0,1.0,0.0,9.69720111828834,9.697262571660614,1.918,-6.250263197204988
202207,122.0,58.0,45.0,12.497801518627568,12.381163960339348,1019.994,-2.6433266354602556
202309,1.0,0.0,0.0,9.507923269105227,0.6931471805599453,0.139,-6.2918148135823255
202402,87.0,16.0,21.0,13.216693076694693,11.764446538565187,1188.696,0.578416754683392
202409,179.0,19.0,31.0,11.650049147587964,11.638129783547095,665.66,-6.194456120449732
202306,529.0,187.0,97.0,12.366783190886547,12.220512881656195,1061.361,13.453410942262527
202312,243.0,92.0,71.0,14.791266463283716,14.593341199685812,2208.597,2.894436407232133
202408,63.0,17.0,20.0,11.827539105095418,11.827546405777667,892.31,-5.2777956196861435
202210,494.0,114.0,131.0,13.932078633633365,13.718577762430785,5234.618,75.03735073614058
202301,106.0,20.0,45.0,11.91135924445659,11.830629824470885,478.502,-6.250263197204988
202403,6.0,1.0,2.0,13.051816441842243,13.051818588029809,1466.48,-6.148131633382839
202311,28.0,3.0,6.0,13.449502192844465,12.892134786366888,2953.467,-5.828503362875808
202311,213.0,51.0,95.0,12.38123530512565,12.37964772987589,701.239,8.64136519304585
202404,294.0,20.0,8.0,11.394400904452228,10.761831324455434,183.04,-6.2918148135823255
202407,278.0,105.0,53.0,11.035050941343924,10.707281253183137,544.495,-3.3020254496384642
202303,33.0,8.0,4.0,11.281094285258453,11.2811068942474,115.737,14.127102928910608
202210,53.0,9.0,13.0,13.611370294952092,12.220621298766492,4572.428,-5.005702105929265
202207,108.0,10.0,15.0,9.356170820187723,9.356257246876337,511.979,-4.682144187396456
202405,27.0,10.0,3.0,12.789968417382457,12.28067442431276,1244.266,-6.258381774551138
202301,532.0,76.0,50.0,14.258010658945198,12.790748922631954,1651.477,9.606859686223348
202301,12.0,0.0,0.0,14.366365798402093,0.6931471805599453,4341.828,-6.2918148135823255
202307,38.0,3.0,19.0,10.929780012957599,10.691922185369403,535.158,-6.094955753876456
202407,16.0,4.0,2.0,11.773580577361392,11.0007823069704,1000.349,-1.4152862616067843
202307,102.0,10.0,50.0,12.755000087489107,12.75500297532971,907.824,20.75215524807929
202210,70.0,27.0,18.0,12.308566054964215,9.820431977398803,456.148,-6.256157534964052
202404,113.0,16.0,56.0,13.17549268528711,12.956384351022505,737.036,-6.2918148135823255
202404,15.0,9.0,3.0,12.349861252607345,11.682474127891869,884.803,-6.2918148135823255
202310,307.0,178.0,93.0,12.889328568492092,12.886615727107095,1697.027,-3.4172609968953265
202211,332.0,82.0,70.0,14.203626027737325,13.87684927769327,2156.561,7.535137108019555
202212,131.0,27.0,47.0,14.397680925396415,14.139885632366633,955.948,26.45534001377063
202410,5.0,0.0,1.0,12.499506892459818,0.6931471805599453,80.31,-6.276933343152721
202401,365.0,212.0,51.0,14.333645801249565,13.422958220032777,1166.163,-2.73774490463188
202307,136.0,59.0,34.0,10.960652651290065,10.95882692897077,434.938,-1.8983821014776519
202211,201.0,40.0,55.0,13.460361591985857,13.087225199352371,944.585,-3.3748265646547635
202401,105.0,18.0,26.0,12.469970349063402,11.894336922974674,359.514,0.7680188359964326
202212,110.0,22.0,33.0,12.832045835150865,12.832048508851146,557.227,-6.235381726775383
202312,62.0,10.0,11.0,12.467890606955175,12.049319415338099,599.966,-3.055148935551825
202210,210.0,27.0,81.0,15.064699432703376,13.917994038923947,7912.122,7.561667519318224
202403,38.0,10.0,13.0,13.422736082057526,13.229824884433285,1856.906,-5.119603347459895
202212,40.0,13.0,15.0,10.664853972073217,10.539138026747548,218.243,-6.2918148135823255
202306,92.0,34.0,13.0,10.999513165307471,10.956335095836494,235.637,-1.3662420779349826
202310,435.0,237.0,97.0,11.720801051845836,11.681308665966826,835.344,-3.303245858364916
202210,137.0,5.0,45.0,11.962554178193825,11.1754647399553,388.753,-6.123224129359589
202210,326.0,77.0,56.0,12.744333459044704,12.73981955792055,701.986,-6.164693179590523
202406,261.0,57.0,145.0,11.817590015361993,11.817597389041644,814.373,-6.271039005393656
202212,110.0,49.0,40.0,13.526806630262874,13.525094083774565,649.298,-6.2918148135823255
202405,502.0,111.0,176.0,13.421028415675053,13.301710514996094,3413.589,30.009938502751872
202310,182.0,121.0,20.0,11.48804858540374,11.467561923218698,894.894,-5.908260888973889
202402,59.0,4.0,11.0,16.087787462997422,13.10506257792542,8787.293,-5.319485397273138
202403,391.0,71.0,144.0,15.211982204379245,14.894922358014318,4070.037,15.199087386780297
202402,244.0,72.0,73.0,13.238541570433837,12.720063255439321,792.96,6.825899863055858
202404,163.0,46.0,71.0,12.840912517228844,12.45909727724583,697.428,-5.2050209941238545
202406,47.0,18.0,8.0,11.975929655195719,11.408808620077659,785.613,-4.216292139959348
202303,526.0,95.0,63.0,13.021185214614095,12.92200818772055,567.216,-6.124010118537575
202410,100.0,2.0,0.0,11.970767946306745,7.3758821482150125,233.652,-6.235381726775383
202207,109.0,24.0,25.0,13.24082174053133,12.184854116317803,1602.439,-6.237605966362469
202408,254.0,57.0,30.0,12.123348429156923,12.069072386195472,847.209,26.84236999633857
202211,171.0,8.0,41.0,11.386432104335519,11.38644345269029,193.956,-6.271039005393656
202212,120.0,1.0,14.0,11.128703123130714,11.128717807741976,70.177,-6.2918148135823255
202404,135.0,1.0,2.0,9.015298250772847,9.015419779605713,22.309,-6.2918148135823255
202212,17.0,6.0,1.0,14.459730589972855,13.700996049847232,3371.743,-4.2193046727611385
202210,601.0,200.0,119.0,12.47076496719909,12.38391753029705,927.669,0.978072637240472
202406,188.0,18.0,49.0,12.511953118016926,12.479985353895955,733.75,-6.256157534964052
202310,829.0,347.0,371.0,13.693260434712213,13.410075949390993,5969.628,1.9491852544417316
202303,142.0,16.0,43.0,13.368324613998984,13.050663273239115,1211.591,-0.5883429704170613
202401,118.0,53.0,53.0,13.332914374264943,13.238869153267153,1667.279,-4.292947133744094
202311,28.0,1.0,7.0,15.84149765586513,15.779703692850383,6464.429,-4.075621492561652
202404,62.0,10.0,11.0,12.272590456580485,11.680928330167994,529.658,-3.055148935551825
202402,14.0,5.0,6.0,11.569249086023172,11.487135750783924,534.741,-6.291742704741504
202307,473.0,86.0,129.0,15.345469020731926,15.073409173562563,19523.176,119.62905105628394
202408,316.0,43.0,116.0,13.682649797558545,13.636800073393958,2987.913,4.824704801685369
202404,104.0,28.0,34.0,14.195480748388057,13.71689612512361,3324.228,-4.971539392687067
202307,195.0,44.0,29.0,11.727302704204314,11.202915980634357,512.811,5.537422529361923
202312,197.0,82.0,108.0,12.159017724954376,11.611421473719037,944.67,-6.2918148135823255
202405,137.0,53.0,58.0,13.60149769475718,13.598854666202286,3154.683,-4.1700397617332765
202401,37.0,6.0,8.0,14.101736320511364,13.703047098241639,1368.847,7.5408917111295555
202407,86.0,27.0,28.0,13.192165521341977,12.394090447869008,1278.737,-5.303653525276463
202210,551.0,70.0,96.0,12.912619646153136,12.77882181185556,2360.922,-5.007106295252184
202406,78.0,18.0,42.0,13.096189818754477,13.096191871790557,905.172,-6.163963505379513
202401,27.0,10.0,3.0,13.046410627771433,12.580642024775196,1673.317,-6.258381774551138
202409,60.0,28.0,7.0,10.667489204064298,0.6931471805599453,175.743,-6.2918148135823255
202405,63.0,4.0,52.0,11.566845306959658,11.520992836047988,226.997,-6.271039005393656
202311,230.0,75.0,83.0,13.001273128943557,12.92548680846584,857.953,-0.9125260454658726
202407,758.0,250.0,132.0,13.400763000920152,13.217506270489737,2633.115,22.619294298792227
202208,114.0,24.0,32.0,13.254981603218923,12.854240765431172,2543.517,-2.2558735441851203
202212,133.0,24.0,30.0,12.758488288809705,12.453709765236528,465.68,0.8958701441992449
202308,436.0,34.0,73.0,12.394546074031489,11.971823909275443,538.982,-5.283828118654865
202310,209.0,28.0,47.0,13.08815074286463,13.03954899886404,2535.276,-6.076321619128469
202208,45.0,16.0,14.0,6.2766434893416445,6.278521424165844,273.341,-5.319485397273138
202307,76.0,9.0,7.0,12.511986258826708,12.299708697491441,1104.13,-6.2425499025544635
202407,468.0,9.0,2.0,12.49590615198721,11.960574839285083,1026.52,-6.204172927331281
202307,559.0,69.0,97.0,13.067355825272644,12.956684165352335,2436.154,-5.007106295252184
202212,34.0,10.0,7.0,9.806646201086572,7.59890045687141,49.742,-6.2918148135823255
202401,76.0,11.0,40.0,13.788524692879287,13.4784323377721,1621.531,-5.155260626078169
202303,334.0,44.0,65.0,12.377779734314027,11.813570652013716,624.213,-5.0525165420414595
202208,45.0,7.0,36.0,10.56800375029692,10.568029476085739,293.221,-6.2918148135823255
202211,236.0,112.0,43.0,13.512169182779965,13.33060443612846,1149.565,7.653131874691754
202410,23.0,6.0,8.0,7.941651252930556,7.9420068084898565,74.044,-6.2918148135823255
202210,941.0,142.0,197.0,13.928239956592025,13.657894881965351,3707.009,80.4863232418864
202303,137.0,54.0,31.0,13.42604821977103,12.879259436350099,1231.242,-2.2509296079931254
202307,177.0,68.0,34.0,13.597863125281494,13.53235024692303,2255.994,-2.2077797620803885
202406,44.0,13.0,16.0,12.175546425490896,11.921206604337874,613.254,-4.283230326862545
202301,116.0,34.0,25.0,13.608437186827558,13.459933582466098,1008.341,-5.255559743171732
202211,24.0,9.0,12.0,11.951322321313366,11.764267670643116,665.163,-6.2918148135823255
202307,167.0,59.0,58.0,12.711253366770709,12.182071918531754,1447.395,13.903332454424996
202310,121.0,27.0,47.0,11.247317946836759,11.247330988982453,416.854,-6.276933343152721
202210,186.0,33.0,98.0,13.997450375238301,13.917555282457439,4097.892,-5.623970452537256
202404,74.0,12.0,6.0,12.31887440632255,11.80590846265906,500.047,-6.2918148135823255
202210,201.0,7.0,35.0,11.877769947171007,11.779749002851904,139.876,-6.256157534964052
202404,133.0,27.0,28.0,10.895553437473842,10.895571977794404,131.98,-5.298709589084469
202312,54.0,23.0,19.0,10.770819105958742,10.754813005557924,144.12,-6.2918148135823255
202303,109.0,24.0,24.0,13.900325858675947,12.840276290456169,1381.125,-6.237605966362469
202306,129.0,15.0,64.0,11.570798068160682,11.524547664798016,677.225,5.604401336667392
202403,189.0,55.0,63.0,11.950754498768461,11.684396702709769,859.928,-2.4380640509106932
202303,109.0,24.0,25.0,13.133803686796877,12.337241248965508,1344.525,-6.237605966362469
202311,347.0,119.0,81.0,12.619072628370628,11.93910128467322,799.119,-2.679289547254068
202408,477.0,85.0,131.0,15.434905929939005,15.130215196553493,23419.984,119.57024070713469
202301,17.0,5.0,5.0,13.300373988744502,12.416151220514946,856.558,-4.347155980963951
202211,264.0,26.0,90.0,13.328300544265362,13.245889887687778,761.111,-4.311498702345677
202312,416.0,216.0,120.0,15.944137780824471,15.635871899230267,8980.434,22.05844958971138
202306,257.0,37.0,15.0,12.852269717978714,12.181339282109498,2018.942,-6.256157534964052
202303,81.0,17.0,26.0,13.768638004004572,12.863056235173037,3764.944,-4.283230326862545
202303,217.0,56.0,53.0,13.269910587955108,13.029014872257514,2141.195,5.6986736690454265
202212,216.0,57.0,63.0,12.3965029044262,12.134914932463712,708.859,-5.047950908870839
202210,38.0,10.0,14.0,13.093663446227417,12.904468527525786,1567.644,-5.153036386491083
202407,3.0,1.0,1.0,11.449836559298939,11.314108605647077,642.189,-6.2918148135823255
202403,15.0,1.0,6.0,12.314841845018655,11.633070154170712,823.391,-6.2918148135823255
202407,62.0,23.0,21.0,12.319021794536672,11.5830483644017,1035.011,-1.4143358600397145
202301,188.0,42.0,21.0,12.233965011494059,12.23396987394741,587.241,-3.190542169645009
202208,179.0,29.0,37.0,10.79493216003758,10.787379051963605,368.335,-3.3242878156068856
202301,145.0,58.0,16.0,11.57435917115432,11.545953968984017,230.17,-5.255339015815672
202303,101.0,12.0,43.0,14.497218054134475,14.385483948827549,4149.67,10.568459045650885
202403,188.0,28.0,46.0,13.927772603184371,13.490849098709688,1121.57,-4.264458030904901
202303,104.0,26.0,20.0,13.56129291944391,13.149377196348603,1357.009,11.463642415397496
202303,191.0,41.0,37.0,11.812200083457817,11.407353815914204,379.253,-4.255065615538735
202402,114.0,29.0,25.0,12.961835405810351,12.961837754068824,784.203,-3.3747544558139424
202208,110.0,23.0,20.0,12.597022921280088,12.267797837967112,1330.278,-6.256157534964052
202406,566.0,132.0,272.0,13.988408686734049,13.90951625093186,4501.129,18.15919705144531
202311,215.0,35.0,81.0,11.230602341002943,0.6931471805599453,693.418,8.768923743844367
202311,188.0,55.0,62.0,11.401647475548364,11.296695459925086,787.912,-2.4380640509106932
202303,56.0,5.0,23.0,14.244593229459722,13.726210381852962,2088.61,3.8436437656013194
202410,96.0,10.0,2.0,8.80926561216931,8.80941494391005,24.219,-6.256157534964052
202307,28.0,7.0,14.0,13.153043880401379,13.148750163827524,1135.677,-6.036112197176701
202403,129.0,27.0,53.0,13.573154879974071,12.749068222620393,713.266,-6.174409986472073
202408,193.0,46.0,22.0,10.272219517588072,9.103756886573398,204.614,-3.2849604388166336
202312,754.0,145.0,331.0,13.698447388142297,13.687278243250766,2616.308,-6.064380572659834
202406,35.0,10.0,12.0,12.604116954154776,12.482366366172087,1444.737,-5.160920746644047
202303,85.0,20.0,39.0,13.897554953231511,13.609410930259193,2379.291,1.6866200005580119
202210,114.0,24.0,32.0,13.211443280185254,12.874758061852216,1840.035,-2.2558735441851203
202408,183.0,44.0,26.0,10.356440389711647,10.219027953116305,483.075,-0.902336453018826
202311,191.0,49.0,50.0,13.04457479394949,12.81007982154312,992.325,17.815260599823134
202211,45.0,17.0,16.0,11.057329544425208,10.82730985082563,307.087,-4.347155980963951
202310,175.0,4.0,11.0,11.70829486061344,11.242166059714355,241.288,-6.2918148135823255
202301,255.0,79.0,68.0,12.742399335487644,12.729083724159965,900.303,6.942692169951551
202410,2.0,0.0,0.0,8.527143522269405,0.6931471805599453,4.929,-6.2918148135823255
202403,57.0,10.0,20.0,13.219161540521283,11.985238924502854,2006.178,-6.276933343152721
202401,25.0,2.0,4.0,14.249870170046837,12.161111889807938,643.017,-4.3263801727752815
202311,108.0,16.0,42.0,13.383271197155551,12.640322793820044,1866.382,-6.271039005393656
202406,29.0,4.0,11.0,13.512047281444048,13.260321955564827,1698.585,-4.029702591448098
202410,255.0,118.0,76.0,12.451803179517063,12.164224082602164,1256.223,2.695076501580294
202406,62.0,34.0,5.0,11.073769127894597,11.069446914663848,189.722,-6.119471465041206
202410,422.0,113.0,42.0,11.325728040429487,9.9167985665958,1136.585,-0.3140647594745589
202212,38.0,10.0,16.0,13.887671206742535,13.529775921361091,1933.904,-2.617183782372393
202309,97.0,11.0,21.0,13.843080004107705,11.624395280792232,2289.661,1.246089746968309
202312,154.0,34.0,33.0,13.697113208655892,13.054450636651804,736.874,-6.256157534964052
202406,51.0,18.0,16.0,12.183648083966473,11.195539913145005,498.277,-6.2918148135823255
202211,2.0,0.0,0.0,13.463476258132273,13.390809112187688,815.186,-6.2867327161806745
202402,59.0,15.0,23.0,13.998346149286506,13.888390133090063,5365.058,-4.076571894128723
202310,461.0,58.0,158.0,13.933218924166297,13.875699320101795,2241.132,-6.2867327161806745
202211,515.0,129.0,105.0,12.349354472792323,12.176015419095926,2501.765,39.67171885567251
202310,9.0,3.0,5.0,11.808836089835319,11.639188003367535,640.499,-6.2918148135823255
202303,56.0,19.0,28.0,13.499568918898701,13.493264645606853,1424.78,-6.19812621862171
202207,67.0,25.0,21.0,14.347598919017443,12.092931942553385,5037.049,-4.3263801727752815
202306,503.0,192.0,119.0,13.802476988813204,13.318500721831693,2044.035,11.364541954847182
202303,373.0,66.0,155.0,14.630674023545753,14.46344172944595,4377.866,-3.2279822331382464
202404,162.0,50.0,30.0,14.568477801475836,13.40916806506662,1525.656,9.270863909721115
202210,215.0,46.0,86.0,14.462849374367238,13.07517952242923,4543.087,-5.2070245063548795
202312,66.0,15.0,21.0,14.324801003947632,12.629574116124436,2313.528,-4.177849112367331
202309,13.0,3.0,2.0,13.179308768556556,7.103322062526113,1268.64,-6.276933343152721
202405,25.0,2.0,4.0,12.906734023661945,11.225043372515781,477.757,-4.3263801727752815
202210,391.0,72.0,141.0,14.416262256857317,14.272189557307643,3526.439,17.143746219398672
202404,300.0,47.0,59.0,12.557859160546052,12.282301937521707,494.37,-4.296617231916073
202310,92.0,16.0,25.0,11.00897614514367,10.827825815989584,317.503,-6.152904504072394
202310,149.0,26.0,12.0,13.017667085545469,12.59696204218595,2457.587,-6.22494873551995
202312,68.0,18.0,45.0,11.870984450681123,11.8709914409751,572.706,-5.319485397273138
202207,166.0,57.0,59.0,12.256751501188905,12.16683273219257,1227.118,13.839406800323589
202211,78.0,28.0,24.0,13.601734246746775,13.141450062200319,3279.669,-2.108279395507113
202408,467.0,135.0,191.0,15.231606652980474,15.13195444782077,14137.831,48.174383901236
202210,50.0,18.0,19.0,14.524146171089937,14.282517827604849,5092.103,-3.1042424778195348
202404,74.0,10.0,25.0,12.368569824791415,11.109937286736956,453.373,-1.3020236664292817
202309,230.0,85.0,21.0,10.738004078558598,9.007856923358275,202.16,-4.474930402950733
202404,121.0,59.0,42.0,12.748199242396767,12.748202149944033,761.062,-2.423231939076997
202303,175.0,4.0,11.0,12.662066088852544,11.20156526516387,219.065,-6.2918148135823255
202301,73.0,14.0,40.0,13.75631347922319,13.1271061128334,1505.647,-6.275982941585651
202401,396.0,18.0,15.0,13.006918855292483,12.621141489781033,1580.537,-6.250263197204988
202410,36.0,7.0,12.0,10.048626318202366,9.035272443893536,424.818,-6.163963505379513
202210,14.0,5.0,5.0,11.463010168076295,11.386205110190993,228.578,-6.258381774551138
202301,127.0,17.0,49.0,13.961141331963939,13.093284659903661,709.762,10.273978698504814
202410,235.0,12.0,12.0,10.359550713407383,10.343869252547853,189.16,-6.207925591649664
202211,120.0,23.0,57.0,13.794901645707718,13.33459642504695,1913.206,-6.11447786699559
202401,108.0,17.0,41.0,14.491107123543697,13.696679723558457,2648.693,-6.271039005393656
202311,698.0,214.0,113.0,10.804664646600235,10.804684950962628,1587.383,11.541046640105423
202410,207.0,24.0,21.0,8.982561092257445,8.982686665184087,165.082,-6.2867327161806745
202405,425.0,16.0,25.0,11.694062987739139,11.50972033402128,805.753,6.568562294820367
202306,338.0,116.0,54.0,11.605878323019052,11.513944945123693,586.514,0.910225478562376
202407,498.0,13.0,17.0,12.40432496453042,11.651878384522485,1199.67,-5.084509230460275
202401,482.0,11.0,19.0,10.982050183398535,10.908301850798315,126.924,-6.241276064534448
202409,50.0,3.0,1.0,11.464260292988948,10.413582909722376,858.032,-6.2918148135823255
202307,74.0,3.0,17.0,14.174627318241468,12.970118546958497,4580.608,-3.2135422174207635
202406,90.0,39.0,17.0,12.263629035722582,11.28358776949269,560.871,-6.023405607738274
202306,67.0,32.0,6.0,12.260655523300466,12.253256758785238,249.788,-6.100037851278107
202307,151.0,27.0,73.0,13.364589296690236,12.897543421709175,2757.396,-2.3049177278569215
202308,15.0,3.0,0.0,11.008661599039378,9.813562845008141,1275.551,-6.235381726775383
202406,72.0,15.0,20.0,11.015032519115959,11.008992697461409,463.382,-6.222586334723208
202208,479.0,172.0,106.0,11.11608307415295,10.3958945907781,997.488,7.411127266748876
202301,88.0,36.0,17.0,13.585677179572741,11.379588339188967,781.844,-6.023405607738274
202408,205.0,16.0,13.0,10.617343812185764,9.98966524877718,358.558,-6.265956907992005
202310,20.0,9.0,4.0,12.228010247048076,11.914904503793561,599.53,-6.2918148135823255
202210,4.0,0.0,3.0,12.96915858341931,12.969160914543902,1228.519,-6.227889159480919
202307,46.0,26.0,8.0,12.234237272477339,10.68748041639565,642.451,-2.402497148345576
202410,69.0,3.0,3.0,9.340227632810604,9.340315448397929,13.913,-6.240325662967377
202303,92.0,9.0,39.0,12.858780570815853,11.564587691294022,348.933,-6.2918148135823255
202404,544.0,169.0,88.0,13.32330876240858,12.830384085114664,1431.93,36.01560806221079
202308,338.0,39.0,28.0,10.61021707406934,10.07651606241849,681.075,2.899339325966878
202301,529.0,187.0,97.0,13.280308563264914,12.877669272059675,1403.252,13.453410942262527
202306,189.0,42.0,21.0,11.320492964425545,11.318077782810866,483.429,-3.190542169645009
202310,212.0,97.0,46.0,12.45297569128857,12.45161153858119,647.436,-0.9199376200533393
202311,125.0,12.0,51.0,14.57500618326146,13.800329912833144,2811.916,16.601872875196882
202402,27.0,10.0,3.0,12.962051422510221,12.503373310647778,1680.205,-6.258381774551138
202403,546.0,140.0,149.0,12.416686021051149,10.550433714195359,989.663,21.830354030983436
202303,36.0,11.0,11.0,13.644219144855317,13.257781988112026,2161.477,-6.084935653492442
202212,761.0,147.0,331.0,13.674537832887484,13.637624748680002,2736.904,-6.12830622676124
202405,25.0,1.0,7.0,11.029731220816553,9.873286043803006,431.406,-6.276933343152721
202410,2.0,0.0,0.0,11.843077772846621,0.6931471805599453,1042.063,-6.2918148135823255
202311,150.0,63.0,26.0,12.010009098619706,12.010015181622276,385.498,-3.9888806492817697
202404,315.0,43.0,115.0,13.599109226717351,13.59588207156452,1976.345,4.824704801685369
202408,250.0,63.0,97.0,12.74110588624638,12.202757155361855,2108.468,13.08523394510152
202306,141.0,43.0,61.0,13.473192065242161,13.33477110544696,4081.039,11.064435797459288
202210,99.0,0.0,11.0,9.098402718735318,9.098514556793926,42.893,-6.2620518727231165
202405,125.0,46.0,15.0,12.528949308322709,12.209247600023817,540.769,-2.0396696733299002
202403,66.0,7.0,19.0,13.984474970634581,13.682215708789714,9589.881,-5.1708582808816566
202409,53.0,0.0,6.0,9.719504616415508,9.719564714375199,38.718,-6.2918148135823255
202401,478.0,10.0,28.0,11.60679824857907,11.606807352523354,178.932,-6.241276064534448
202208,251.0,46.0,109.0,12.484128534587322,12.329166000892089,1354.886,-6.276933343152721
202210,420.0,12.0,40.0,9.970304725573445,9.957644243488083,812.881,3.9823106763028644
202311,258.0,52.0,97.0,13.421414081375909,13.355096006208756,1887.156,-5.1969984727612335
202207,93.0,9.0,38.0,11.590441907398057,11.062316536692785,273.547,-6.2918148135823255
202403,376.0,110.0,74.0,10.405595285682397,10.405625547904553,787.772,2.634311467564011
202301,62.0,19.0,29.0,13.149787864780492,12.95924426783452,1693.049,-6.2918148135823255
202211,67.0,28.0,14.0,10.6969776817921,10.697000294715387,175.701,-3.906966588197433
202409,155.0,22.0,58.0,12.919659505327575,12.707020645799753,2586.788,22.194923273416826
202303,51.0,5.0,12.0,12.034732570938372,11.567148463580269,843.773,-6.2918148135823255
202410,43.0,6.0,3.0,11.607453520813515,11.537296074503667,722.516,-6.2918148135823255
202312,338.0,15.0,41.0,14.456911183534864,12.262467156559541,1096.36,-6.092648948142966
202404,27.0,2.0,3.0,14.976901382403918,10.404020386816686,10771.632,-6.2918148135823255
202406,373.0,35.0,189.0,14.297153066909363,13.712376450907337,4278.995,-5.283828118654865
202207,138.0,53.0,61.0,14.241402281653965,14.162401898150103,5574.758,-6.149082034949909
202408,2.0,0.0,0.0,12.896606414101967,12.78311850056623,0.0,-6.227889159480919
202303,418.0,189.0,96.0,12.593333048983492,12.383193200532064,690.366,-2.7072522895616618
202210,1.0,0.0,0.0,12.880245955280392,0.6931471805599453,17.515,-6.2918148135823255
202301,23.0,5.0,1.0,14.453028214160426,13.563937953501624,2478.604,-5.12770843496892
202312,525.0,37.0,132.0,15.594738670021222,14.32937854903393,9793.028,-2.090312086537102
202301,191.0,42.0,37.0,12.967604846206186,12.497950901675859,566.297,-4.255065615538735
202409,326.0,37.0,139.0,13.399714771680069,12.932192696674974,3004.531,-6.087807721047857
202402,105.0,14.0,52.0,13.434283812949335,13.317013622634303,2204.032,-5.718692015211344
202406,81.0,25.0,36.0,13.305771010870108,13.281095546165181,1837.573,-6.213007689051315
202301,90.0,27.0,25.0,11.693336865242925,11.693345214474586,1534.908,-2.2878945839866356
202403,45.0,7.0,36.0,10.874701980906183,10.874720911874407,217.2,-6.2918148135823255
202410,9.0,1.0,1.0,7.526717561352706,7.527255919373784,5.739,-6.2918148135823255
202210,46.0,5.0,15.0,13.869819749957273,13.435795064598441,1931.814,-4.313722941932763
202405,61.0,3.0,9.0,13.469129591624554,12.984132961643338,1388.515,10.711407695471562
202409,60.0,7.0,31.0,10.540170196114946,10.388441368734549,276.582,-6.210067265090346
202309,58.0,2.0,5.0,11.00519504611154,9.596894455192587,223.039,1.4868205168911732
202406,192.0,13.0,13.0,12.291116671887352,11.85042574440287,1273.655,-6.227889159480919
202312,71.0,6.0,16.0,14.396768736375902,12.8209420183973,3032.786,0.003126885227985987
202401,101.0,8.0,32.0,15.128502776009114,13.205542085760449,3874.303,-6.276933343152721
202401,231.0,22.0,29.0,14.005117180774866,13.95882617853873,2317.965,5.724084186713993
202408,265.0,55.0,41.0,14.377385506359614,14.251328974616719,4631.227,19.058564322386644
202210,143.0,9.0,30.0,13.431762420098607,13.20151276310766,1942.008,-4.313722941932763
202210,127.0,26.0,26.0,11.05723491317159,10.947273998920458,304.527,-6.201948687744196
202409,1168.0,129.0,88.0,12.473171836366527,12.156635522127742,1401.481,11.52993204373505
202307,200.0,87.0,30.0,7.808729306744399,7.809135398120538,298.984,-5.2860523582419505
202403,115.0,2.0,4.0,13.499472905775004,10.3637880078829,905.265,-6.20711335129225
202405,49.0,21.0,21.0,13.42410958463046,13.387592764255176,2281.173,-6.158082657457575
202210,74.0,26.0,20.0,9.927692241232945,9.917291833512525,126.013,-5.319485397273138
202211,179.0,21.0,61.0,13.873151910726003,13.142071882624107,1793.419,-3.256692063333501
202208,146.0,58.0,16.0,10.037625011465359,10.029899914890565,182.725,-5.255339015815672
202311,57.0,8.0,36.0,13.864293103057062,13.807299942927589,1975.189,-2.113361492908764
202405,348.0,101.0,77.0,12.302091664957414,11.959558107892724,788.374,1.6012849200404569
202408,30.0,11.0,13.0,11.951696391784866,11.951702840048831,1192.491,-6.20711335129225
202303,144.0,82.0,25.0,12.044688366191021,12.040914943414617,423.543,-6.227668432124859
202306,9.0,1.0,1.0,11.435741999099553,10.12966649239386,677.923,-6.276933343152721
202401,244.0,72.0,73.0,13.314219336981205,12.811658297795008,748.036,6.825899863055858
202405,146.0,0.0,10.0,7.543802867501509,7.5126175446745105,51.679,-6.256157534964052
202211,936.0,454.0,204.0,13.095522358641244,12.878841082871027,2510.021,30.885800029796982
202210,13.0,0.0,1.0,14.531982586883121,13.147760132272232,4686.32,-4.2193046727611385
202303,45.0,9.0,32.0,13.508088256269515,13.508089616183732,823.996,-4.3263801727752815
202211,244.0,72.0,73.0,12.698956269957725,12.347324781363142,690.418,6.825899863055858
202408,22.0,7.0,11.0,10.90025166856016,10.848676674452932,233.552,-3.3748265646547635
202210,28.0,3.0,6.0,13.534385607191512,12.927554578517388,2838.721,-5.828503362875808
202303,275.0,90.0,74.0,13.319268081323026,13.03844466773076,1109.903,-4.795373575023463
202301,563.0,247.0,213.0,14.977898889657386,14.636625181046185,4201.136,-0.0641371561697408
202410,5.0,0.0,0.0,11.083695189061785,0.6931471805599453,214.885,-6.271039005393656
202309,41.0,2.0,3.0,9.470471375340674,9.400795428666859,30.92,-6.2918148135823255
202403,92.0,8.0,38.0,13.128574051181042,11.903534093401712,353.417,-6.271039005393656
202211,249.0,80.0,43.0,10.953452166882645,10.902113746328311,257.068,-3.831843771579251
202401,42.0,27.0,9.0,12.73149324262304,12.663861350415386,1336.153,-6.227889159480919
202303,391.0,69.0,80.0,13.487750658475363,12.949670515585852,1468.198,-1.8771256978167346
202405,67.0,32.0,6.0,12.344703513699395,12.3362584479036,345.638,-6.100037851278107
202307,226.0,85.0,76.0,12.905234203408856,12.471129435740856,2211.117,10.257255902989138
202210,343.0,59.0,35.0,11.425655872827754,11.37090096494081,198.694,-4.296617231916073
202407,168.0,10.0,17.0,10.677822938282901,10.677845988520897,213.566,-6.276933343152721
202409,17.0,0.0,9.0,11.291443033232651,11.187707658989343,419.684,-6.2867327161806745
202406,19.0,6.0,1.0,14.154715485952428,13.847205911106027,2968.746,-3.246975256451951
202401,14.0,0.0,6.0,13.659387601143434,13.201538632026155,536.727,-3.307960486592388
202404,451.0,231.0,83.0,12.721751473426133,12.529604370875651,1607.176,18.526015812212542
202210,52.0,15.0,16.0,11.182669864959387,10.528382658579849,436.945,-6.2918148135823255
202310,202.0,6.0,26.0,12.000818127051703,11.337166328317679,330.239,-6.256157534964052
202208,113.0,24.0,29.0,12.758361658079135,12.670463678583888,1506.37,-6.258381774551138
202403,221.0,41.0,51.0,12.158000473542655,12.157265731220459,532.693,1.238768548433999
202303,90.0,27.0,25.0,11.385762323351557,11.385773679309745,1383.281,-2.2878945839866356
202402,1.0,0.0,0.0,15.896629192537317,15.896629317327848,6137.131,-6.0717201171990665
202401,110.0,3.0,21.0,12.023867082008739,12.023873081294825,284.876,-6.2918148135823255
202308,34.0,4.0,1.0,6.608000625296087,6.60934924316738,29.537,-6.276933343152721
202403,103.0,25.0,38.0,12.096386119501325,12.096391699126766,469.691,-1.2682573747507027
202407,81.0,17.0,26.0,14.076393726149966,12.87513203056103,5212.234,-3.3109009105533573
202210,108.0,24.0,24.0,13.359838933132778,12.27613960664295,1401.707,-6.237605966362469
202210,114.0,5.0,12.0,10.206476869055056,10.206513798722508,103.156,-6.2918148135823255
202210,41.0,8.0,21.0,12.997530046722941,12.723862959437675,754.33,-3.3748265646547635
202303,105.0,15.0,51.0,13.650077976136354,12.62626214903672,1403.005,-5.319485397273138
202404,567.0,131.0,273.0,14.387033459730704,14.28924347476488,3922.628,18.15919705144531
202307,409.0,156.0,66.0,11.451209622989575,11.044232975804555,1697.811,43.8856084093459
202309,148.0,54.0,72.0,13.820903987240982,11.59019201498932,1603.998,-3.3748265646547635
202303,164.0,40.0,26.0,12.403619375580535,10.256325143243606,1769.575,-3.2418931590503
202303,144.0,68.0,29.0,13.035207262667969,12.93108422083661,982.086,0.260957685237166
202410,143.0,8.0,17.0,10.131897213522837,10.066201463023875,67.637,-6.276933343152721
202307,166.0,28.0,74.0,13.462508859391837,13.419561528019385,2854.281,30.897573510738717
202310,47.0,10.0,30.0,11.339987741966613,11.339167138836762,515.703,-6.271039005393656
202407,171.0,25.0,81.0,14.323086908555057,12.65243014568063,2723.182,-6.2918148135823255
202308,2.0,1.0,1.0,9.12913031655064,9.129238770539141,26.923,-6.2918148135823255
202402,381.0,6.0,20.0,12.83301324785185,11.801152388963446,719.781,-5.772818296284798
202401,581.0,124.0,259.0,14.802480791498041,14.730683865752614,3605.212,35.35737684388795
202404,153.0,3.0,9.0,10.48693146800411,10.486959366286973,93.084,-6.2918148135823255
202306,336.0,75.0,79.0,11.845769699773069,11.836674243458402,435.327,-0.3778600622730597
202407,126.0,9.0,42.0,13.678350876768597,13.654462311188194,2467.847,-1.3023164238335765
202303,217.0,101.0,56.0,11.160740426304349,11.16075464791978,322.567,-4.971539392687067
202301,78.0,18.0,27.0,14.381842598440722,13.037567725699612,2258.885,-5.142369178042463
202210,163.0,7.0,2.0,11.216350635570135,0.6931471805599453,1138.176,-6.2918148135823255
202310,231.0,8.0,13.0,9.787796078039936,9.681031265002055,122.329,-6.2918148135823255
202207,419.0,12.0,40.0,10.05039779785075,10.038236953087743,1041.162,3.9823106763028644
202210,40.0,10.0,14.0,12.034987720662206,11.358888112054567,487.783,-6.2425499025544635
202210,59.0,12.0,16.0,12.019875588677822,11.911453231942895,309.278,3.431479349509548
202303,479.0,172.0,107.0,12.288518616896871,11.614398433900861,853.258,7.411127266748876
202405,1159.0,406.0,243.0,12.459582440008043,12.409731598971485,1729.875,38.76714357554841
202306,76.0,41.0,19.0,14.02679527038188,13.847602072510655,5251.486,-5.183611567707706
202401,190.0,65.0,38.0,10.267644436822616,10.142386335794844,696.017,-5.185519023955201
202312,31.0,4.0,10.0,13.307191789409464,12.69263221571656,1882.101,-2.3815831789472504
202308,209.0,10.0,27.0,6.784457062637643,6.785587645007929,62.435,-6.224493790970703
202311,263.0,43.0,106.0,12.682117365586546,12.495808856793516,883.955,11.697191721435113
202406,67.0,32.0,6.0,12.45769869191978,12.449626482616004,395.147,-6.100037851278107
202210,459.0,98.0,108.0,13.921995341396178,13.802838606860366,2715.682,47.171246440999965
202310,52.0,10.0,30.0,12.173719893844343,12.152334259076692,431.716,-5.319485397273138
202409,3.0,0.0,0.0,11.083618382376493,10.05091568660256,539.409,-6.227889159480919
202303,153.0,31.0,58.0,13.318298514150564,13.249742885933992,860.513,-5.234783934983064
202308,84.0,5.0,8.0,10.427564981977866,10.420970963966186,233.213,-5.2860523582419505
202407,200.0,87.0,30.0,7.668561108015897,7.669028288589683,294.588,-5.2860523582419505
202212,106.0,29.0,35.0,14.58302189214638,13.74573916922568,4622.366,-4.971539392687067
202303,84.0,19.0,38.0,12.374105097589684,12.346790652469053,334.387,-6.2918148135823255
202212,311.0,134.0,30.0,12.68947671151971,12.122392078864236,544.175,-2.855830047357235
202207,379.0,25.0,76.0,13.560094300099404,13.393594369845484,2880.56,31.615290969072568
202210,65.0,30.0,18.0,14.234171549499834,13.864656849189128,5813.595,-4.1061141076318695
202303,46.0,18.0,2.0,10.348718097203708,10.303035186880255,114.828,-6.227889159480919
202410,133.0,19.0,14.0,8.426173793029069,8.42639282708974,46.792,-6.2918148135823255
202409,24.0,3.0,2.0,7.950502434808851,7.86403565907245,38.627,-6.2918148135823255
202210,74.0,15.0,12.0,12.557085087723449,11.119616174632077,1368.574,-3.2135422174207635
202303,211.0,35.0,57.0,13.090924308568948,12.929841170429937,1033.125,1.743522893459776
202207,51.0,8.0,20.0,11.461116248043846,11.328329323268258,583.008,-6.194456120449732
202307,150.0,64.0,26.0,11.631152846334878,11.631161731235434,457.818,-4.009656457470438
202301,387.0,76.0,81.0,14.837094203211272,13.94041219614065,2766.781,-1.0280128802304604
202310,156.0,14.0,35.0,14.90459829845424,14.37864870652599,14190.154,3.019648708279318
202308,5.0,4.0,1.0,9.018453210312527,8.884887201837403,195.333,-6.2918148135823255
202409,6.0,0.0,0.0,9.847287502847928,0.6931471805599453,224.175,-6.2918148135823255
202401,27.0,2.0,3.0,16.080969941750958,10.601074861122095,12256.093,-6.2918148135823255
202208,125.0,45.0,16.0,11.921984108588523,11.63321203084465,803.606,-2.1035953274313064
202402,115.0,3.0,2.0,11.266922619509936,11.266935408460283,106.443,-6.271039005393656
202301,56.0,19.0,28.0,13.938107764658907,13.928175630271728,2002.087,-6.19812621862171
202402,110.0,48.0,41.0,13.35458400711061,13.354585592651743,714.593,-6.2918148135823255
202212,62.0,33.0,5.0,11.284882430767706,11.260623406285792,275.111,-6.119471465041206
202306,201.0,41.0,55.0,13.068447700206226,12.72447648196962,1101.122,-3.3748265646547635
202409,97.0,31.0,17.0,10.67777683621291,10.642300975279205,276.081,-3.0908062141700983
202309,6.0,1.0,2.0,9.214830277249035,9.21492982430999,61.827,-6.2867327161806745
202212,233.0,123.0,16.0,11.905433660317454,11.898704738961625,344.495,-1.332809038903795
202407,161.0,61.0,32.0,10.54707677424773,10.522611372747287,296.81,-4.013870719451424
202410,13.0,8.0,2.0,11.133610443406448,9.901585745246532,434.107,-6.227889159480919
202409,101.0,15.0,12.0,10.331040257108297,10.331072861728375,101.166,-3.3748265646547635
202410,3.0,0.0,2.0,6.322565239927284,6.324358962381311,1.493,-5.319485397273138
202406,1159.0,406.0,243.0,12.181252149763097,12.12901339957211,1909.3,38.987238271931666
202210,161.0,14.0,34.0,11.734235336120085,11.538017997581926,526.727,0.5144911005819859
202403,114.0,4.0,13.0,10.536008548778417,10.536035110967143,96.372,-6.2918148135823255
202408,696.0,197.0,134.0,11.551039797078886,10.846128059733065,1583.253,6.421539117667766
202210,288.0,106.0,124.0,13.979304024894036,13.658025993581326,4243.865,-5.9039151188966015
202403,196.0,45.0,93.0,12.837846955655495,12.702772975400633,1135.329,-5.265276550053281
202307,55.0,15.0,19.0,11.726131805345204,11.717326466907062,763.596,-6.160479637513261
202303,14.0,1.0,1.0,13.422579074793395,12.732040051710149,1397.504,-5.319485397273138
202401,8.0,1.0,2.0,13.90186988908486,13.256827834588695,3946.756,-6.227889159480919
202207,104.0,32.0,19.0,8.980675603671708,8.980801413573113,99.142,-5.287821653279789
202210,67.0,6.0,30.0,12.69115267751774,12.399783266680616,1401.4,-6.271039005393656
202309,12.0,4.0,6.0,11.782494481995082,11.782502119051609,829.924,-5.319485397273138
202307,99.0,0.0,11.0,9.028218795184895,9.028338763993148,54.442,-6.2620518727231165
202408,191.0,38.0,34.0,12.485086003008192,12.35934722740996,1227.241,-1.3633016539740135
202301,179.0,28.0,38.0,12.808613814317027,12.644317898995148,551.342,-3.3242878156068856
202401,46.0,17.0,20.0,13.003757753514993,12.936951450331385,2018.489,-4.1062854763920225
202211,458.0,98.0,108.0,14.289436484933379,14.141163043038512,2419.711,46.19891702469078
202410,11.0,6.0,2.0,10.74791701729286,10.74793850718724,245.301,-6.194456120449732
202312,105.0,10.0,21.0,13.749847137698186,12.876905196356011,861.687,-6.1429669698347835
202310,51.0,10.0,34.0,12.249730614869637,12.213306418592053,725.617,-6.266769148349419
202301,59.0,5.0,14.0,11.909087432752248,11.345760465065284,327.245,-6.2918148135823255
202210,522.0,190.0,166.0,13.517301268292378,13.215185008793538,2831.529,22.66765500065197
202402,52.0,10.0,30.0,12.834545295703709,12.75448014028092,516.834,-5.319485397273138
202303,35.0,2.0,17.0,13.510286181759277,13.237328223470012,2236.774,-4.072852437360835
202303,193.0,48.0,30.0,11.91154049812831,11.769078169891383,266.87,-2.2694811765947094
202208,88.0,7.0,15.0,11.622299914008117,10.990904068443504,653.68,-6.2918148135823255
202308,386.0,134.0,107.0,14.008594821815102,13.917930855413738,3343.167,1.6000110820204414
202303,78.0,30.0,20.0,13.447589758628446,12.301050952088847,731.024,-4.347155980963951
202208,5.0,0.0,0.0,11.318818735029057,0.6931471805599453,1139.582,-6.2918148135823255
202312,331.0,101.0,66.0,12.718593831018605,12.703363080511215,674.232,-1.0324952187598528
202402,182.0,20.0,27.0,12.782126864777657,12.063096794077651,714.046,-6.222807062079268
202303,81.0,34.0,8.0,10.652636923211357,10.620790616307145,112.763,-5.996362363483974
202306,9.0,0.0,0.0,13.781304132233014,12.810967679664357,5452.44,-6.163963505379513
202212,28.0,8.0,10.0,13.382774967412578,13.32605659136097,1298.252,-3.3109009105533573
202303,257.0,131.0,68.0,13.110841251928935,12.507147137845905,1593.672,-5.0637827808675135
202409,5.0,4.0,0.0,9.256460307589736,8.182838710766026,265.551,-6.2918148135823255
202408,6.0,1.0,0.0,15.528248825381759,15.399946715028298,12396.433,-6.163963505379513
202212,58.0,5.0,19.0,12.382019762013408,12.212948949469606,563.116,-6.246220000726442
202210,87.0,15.0,21.0,12.147977322339461,11.46722701651848,817.796,0.6118497937145797
202212,114.0,24.0,33.0,13.63977407192189,13.159849895402369,1785.541,-2.2558735441851203
202306,6.0,1.0,2.0,12.926197630517619,12.926200063971773,1815.301,-6.148131633382839
202307,252.0,61.0,98.0,12.809330675916833,12.277648844019396,1663.488,13.08523394510152
202406,62.0,32.0,14.0,7.846980982138788,7.847371836159788,348.335,1.4868205168911732
202310,180.0,31.0,89.0,11.611330849681856,11.611339912455154,715.184,-3.0338369711504742
202409,61.0,5.0,12.0,9.481130576757746,6.725033642166843,145.789,-6.2620518727231165
202307,63.0,4.0,52.0,11.539508971619915,11.483630527913204,346.011,-6.271039005393656
202211,68.0,3.0,13.0,12.156934920968625,11.30229084967369,674.777,-4.3313241089672765
202306,173.0,33.0,28.0,11.91525900817674,11.885860494296775,460.727,-6.2918148135823255
202309,27.0,0.0,0.0,9.721605898970559,6.16541785423142,135.122,-6.276933343152721
202210,268.0,46.0,35.0,11.088063447251333,10.821017516245234,506.041,-4.221715142653951
202207,39.0,5.0,8.0,14.793464054950531,14.744179957023613,2713.665,-3.341393525623576
202404,460.0,100.0,109.0,14.268999822647237,14.118914147180249,2464.97,46.19891702469078
202408,7.0,1.0,1.0,12.19384823090745,10.81777628173961,1657.022,-6.2918148135823255
202310,133.0,22.0,42.0,12.131311383105748,11.023110888393703,549.14,-6.19622541548757
202211,114.0,62.0,18.0,13.127201654044578,12.414500449408608,1042.673,-1.2657087436482328
202303,905.0,394.0,171.0,12.923429395204504,12.266673737658023,1840.128,21.00997528848415
202312,154.0,37.0,42.0,14.42966377239564,13.6447186782588,1464.54,-4.347155980963951
202306,34.0,11.0,9.0,13.393484572406399,13.224627504194151,2625.174,-0.07645927210994241
202401,74.0,11.0,21.0,11.741311251726383,11.741319209866566,202.689,-6.2918148135823255
202301,97.0,9.0,52.0,13.226036670502342,12.892006371571817,797.731,-6.2918148135823255
202308,160.0,29.0,38.0,13.048607035729056,12.555471684149476,2474.748,11.474638568271578
202311,161.0,61.0,32.0,11.2818883412244,11.247891640395833,257.943,-4.013870719451424
202210,17.0,3.0,7.0,11.233766963459324,11.233780183540627,243.721,-6.213007689051315
202406,187.0,72.0,55.0,12.683597916174756,12.56196578393859,749.073,-5.319485397273138
202403,39.0,5.0,9.0,14.030715481592939,12.41753625106933,641.128,0.5303229725786602
202303,9.0,3.0,5.0,11.966380417077056,11.829690498313674,600.801,-6.2918148135823255
202404,461.0,177.0,88.0,11.75726674840055,11.757274580572764,789.812,9.904324830167928
202303,101.0,12.0,43.0,14.726951548832464,14.604971051385935,4512.331,10.568459045650885
202212,149.0,56.0,23.0,11.14423577502468,11.125187302008008,495.842,4.3250920173408804
202306,39.0,4.0,20.0,14.079585665796603,13.882085441807206,2451.483,-5.094275395937732
202210,85.0,13.0,16.0,12.783887534904744,12.78389034051653,421.986,32.89616510643222
202310,410.0,115.0,63.0,11.355674985725113,11.355686688543736,586.498,2.098817624200281
202409,56.0,9.0,4.0,8.450625947144124,8.450839690866216,30.224,-6.2918148135823255
202310,216.0,40.0,74.0,11.903006171034646,11.87300261483736,627.553,-6.2425499025544635
202408,63.0,16.0,16.0,11.439558756474243,11.439569517667229,457.067,-5.266088790410695
202408,12.0,4.0,6.0,11.797608043434272,11.704363671868773,528.545,-6.2918148135823255
202208,528.0,18.0,77.0,12.431457682836637,12.27957865082391,687.644,-6.204668384349104
202212,281.0,2.0,5.0,9.62983986904815,9.19755903761145,79.171,-6.2918148135823255
202405,127.0,16.0,51.0,12.759883043321805,12.140952622019531,449.594,10.053884002121558
202403,250.0,62.0,97.0,13.569953950146353,12.681586067949507,1508.892,13.08523394510152
202403,125.0,39.0,40.0,12.682834635520372,12.682837739466885,503.348,-1.351368948644038
202408,212.0,40.0,17.0,11.963612473799305,11.696937259174451,619.166,1.3029192553388693
202301,82.0,15.0,32.0,12.393593164270362,12.39359730932231,658.318,-5.139428754081495
202211,350.0,158.0,59.0,13.171585829076434,13.121108590488399,1424.19,20.607095087914622
202309,84.0,5.0,8.0,10.16612101153675,10.157082711306167,209.198,-5.2860523582419505
202301,166.0,15.0,8.0,13.83195362668931,13.023857095502752,2565.525,-6.20711335129225
202312,54.0,10.0,13.0,15.165986272334772,12.195850577759874,4758.933,-5.005702105929265
202303,32.0,5.0,2.0,14.207928250867536,13.72986334099421,12555.716,-4.155379018659732
202308,93.0,0.0,7.0,10.455186369511699,9.085457189829492,270.879,-6.2294873890163185
202312,105.0,21.0,14.0,11.39192099606508,11.391932282300951,145.824,-6.2918148135823255
202308,299.0,16.0,14.0,11.84645050573026,9.320628725870305,134.375,-6.256157534964052
202408,71.0,7.0,47.0,11.918310569878223,11.918317237056039,1101.669,4.403808765818736
202301,363.0,63.0,129.0,12.735482507599004,12.624759953807459,984.257,-3.771586642210416
202309,49.0,0.0,1.0,7.488852955733459,0.6931471805599453,110.451,-6.2918148135823255
202410,92.0,0.0,3.0,8.881836305004146,8.223090551161533,21.967,-6.276933343152721
202306,77.0,11.0,42.0,13.035290180322058,12.922421083260181,1267.221,-5.155260626078169
202402,348.0,78.0,91.0,14.110350203763659,12.839971288285637,1256.44,3.6664555163224097
202212,258.0,27.0,37.0,12.568445823651704,12.213753075373525,531.374,-4.2266590788459455
202211,135.0,1.0,2.0,8.881558488638976,6.873163834212518,19.206,-6.2918148135823255
202402,70.0,23.0,19.0,12.493407157589838,9.266342562091468,748.755,-6.0851563808485025
202210,361.0,62.0,127.0,11.508113907973007,11.324642172291952,851.659,-3.269349294176019
202308,13.0,4.0,3.0,12.447437181846704,11.707447294845501,2815.603,-6.276933343152721
202312,106.0,30.0,39.0,14.211777492278216,13.953955981935342,2123.878,-4.150296921258081
202404,102.0,33.0,49.0,14.138030193895979,13.290820938272317,1678.06,0.20244577342257486
202301,235.0,29.0,55.0,12.801232064761706,12.381495460632971,707.719,-1.1951915652235252
202310,110.0,49.0,40.0,12.983875722779558,12.983878019847925,712.007,-6.2918148135823255
202311,13.0,0.0,1.0,14.416767205058772,12.698568297110956,3891.781,-4.2193046727611385
202211,9.0,3.0,3.0,11.992235653536264,11.93927757954317,934.163,-6.227889159480919
202402,171.0,48.0,69.0,12.909430024164974,12.722303633954715,1292.875,7.184917505250491
202406,391.0,71.0,144.0,14.394790027969206,14.183545828344041,4630.287,15.199087386780297
202407,486.0,138.0,94.0,11.758339184930167,11.717742099591554,633.319,38.44912294820756
202210,42.0,8.0,22.0,12.412330431367598,11.393353329829383,522.585,-6.2918148135823255
202312,12.0,4.0,6.0,11.909349828426244,11.787605881006327,363.113,-6.2918148135823255
202303,115.0,3.0,2.0,11.105498433548524,11.10551346289332,77.702,-6.271039005393656
202410,17.0,5.0,5.0,13.571091019492107,13.527343034366817,1024.604,-6.213007689051315
202208,29.0,4.0,9.0,13.697049042192303,13.39278738241983,2317.042,-4.029702591448098
202210,303.0,57.0,62.0,10.074326772221049,10.07192145404481,539.8,3.2472853305529483
202311,24.0,5.0,7.0,11.00216650564878,11.002183171065541,393.619,-6.227889159480919
202409,36.0,7.0,9.0,12.179815935376695,11.813518826842218,597.626,-6.00779446309766
202407,54.0,23.0,19.0,10.581749495596627,10.577630287168375,177.306,-6.2918148135823255
202407,91.0,34.0,12.0,10.909984552296432,10.91000282698325,267.697,-1.3662420779349826
202303,170.0,30.0,51.0,13.343964940465488,13.213278458350622,824.431,-3.3540507564660946
202407,490.0,139.0,90.0,11.225443372521113,9.749286871458828,1119.165,3.159282693807498
202212,9.0,1.0,1.0,11.684312456711403,10.577349971684207,714.678,-6.276933343152721
202212,196.0,47.0,74.0,13.287850696870118,12.792925541272202,1298.55,-1.1291443806319181
202407,60.0,6.0,14.0,15.077184562128517,14.145014285109541,16318.005,-6.227889159480919
202401,36.0,13.0,8.0,9.059866258621348,9.05998249038762,39.421,-6.2918148135823255
202401,6.0,2.0,4.0,13.584286950741854,13.584288210882043,1961.074,-6.2918148135823255
202309,151.0,25.0,82.0,13.270679928895598,12.445904174730492,2384.007,-6.175683824492088
202207,275.0,91.0,73.0,13.609319989327723,13.498296682906455,1645.072,-4.795373575023463
202404,203.0,50.0,50.0,12.573572785041062,11.424050534461053,376.514,-2.620853880544372
202409,46.0,2.0,10.0,13.566379743861672,12.654600435941708,3474.509,-6.161023081418544
202404,71.0,22.0,33.0,13.723295483376289,13.095325115929338,1115.182,-4.165095825541282
202407,221.0,7.0,10.0,13.644327141150317,11.83287625675222,1810.433,-4.211282151398518
202311,103.0,44.0,12.0,11.98666585382535,11.875719648116982,351.063,-6.227889159480919
202212,98.0,2.0,16.0,11.609044408546039,11.609053492064449,205.781,-6.270900844183999
202404,370.0,248.0,54.0,10.834903322155352,10.546945414808707,350.547,-3.325561653626901
202404,180.0,14.0,46.0,12.855633597927197,12.49698698856262,1036.86,-5.972137184479387
202306,54.0,14.0,19.0,11.297502036671156,11.297514440464237,331.326,-6.227668432124859
202406,195.0,23.0,63.0,13.085987733201454,12.819210242867962,1698.278,-6.088978849970988
202303,77.0,58.0,8.0,11.819534781682234,11.81954214103579,223.091,-3.3748265646547635
202306,115.0,2.0,4.0,12.787966984727454,9.490091074101683,779.205,-6.20711335129225
202312,256.0,130.0,68.0,13.316359849707352,12.864959589405006,1648.636,-5.0637827808675135
202307,17.0,3.0,3.0,12.821431242635281,11.602052934788668,1072.657,-6.143187697190844
202307,14.0,5.0,2.0,11.597707692584843,0.6931471805599453,383.6,-4.155379018659732
202401,166.0,7.0,2.0,11.792872700548623,10.154518607337229,1174.213,-6.2918148135823255
202303,334.0,154.0,81.0,13.4582425810734,13.063805867638905,1896.047,6.824557668630288
202211,526.0,95.0,63.0,12.3464344079773,12.274445991817679,572.47,-6.124010118537575
202408,1529.0,224.0,872.0,15.493638362658421,15.303947387377363,17548.038,-1.1795127159820815
202405,498.0,13.0,17.0,12.298797668512373,11.967529882638685,855.093,-5.084509230460275
202211,88.0,36.0,17.0,12.31090101962579,10.947696452324852,544.309,-6.023405607738274
202301,191.0,42.0,37.0,12.888671891707526,12.456286468367047,536.285,-4.255065615538735
202212,189.0,28.0,47.0,13.91689407583971,13.496648743591093,1395.112,-4.264458030904901
202307,23.0,8.0,3.0,12.827801694607649,10.601074861122095,117.452,-6.2918148135823255
202208,131.0,26.0,13.0,10.290958397272014,10.2909923352673,266.795,-6.250263197204988
202307,381.0,6.0,20.0,11.059991319620016,10.942809745178671,755.727,-5.772818296284798
202310,639.0,209.0,119.0,10.567128679463297,10.125790750852646,855.499,0.03655992425917365
202403,84.0,17.0,39.0,12.836836314583726,12.790548279458443,324.607,-6.2918148135823255
202410,7.0,2.0,2.0,10.838168149521874,8.99516499031115,204.581,-6.2918148135823255
202307,156.0,29.0,77.0,10.670512321570657,10.670535540935608,328.479,-4.021584014101947
202301,114.0,10.0,46.0,12.091828341171954,12.09183394628606,712.737,-6.227889159480919
202301,96.0,28.0,34.0,13.611452465077411,13.451543375883185,2300.042,0.07898009596090105
202312,181.0,50.0,50.0,11.638606121050037,11.635036897365158,493.618,-4.5469611445611635
202301,936.0,455.0,204.0,14.185693161319826,13.789776253000747,4073.832,30.91923306882817
202312,214.0,35.0,54.0,12.64610019798745,12.277509195468022,1187.384,19.52445699022602
202211,213.0,49.0,95.0,12.628650491914849,12.5911887771206,762.954,8.64136519304585
202406,24.0,3.0,3.0,13.16743425263319,11.812355756056418,1572.079,-4.347155980963951
202403,532.0,76.0,51.0,12.408801222101769,12.229984465576486,384.164,9.606859686223348
202308,184.0,8.0,3.0,7.631431664576906,7.631916513071252,15.242,-6.220500256345779
202301,67.0,28.0,14.0,11.277013240003198,11.277025900554818,254.392,-3.906966588197433
202303,114.0,12.0,15.0,8.983816112502495,8.983941527941301,313.621,7.320797014746297
202301,14.0,5.0,5.0,12.54515931867473,12.343932780615736,324.254,-6.258381774551138
202308,320.0,23.0,35.0,11.881173185261577,11.812170428786462,530.999,-6.271039005393656
202301,580.0,125.0,254.0,14.674916391530873,14.58641013312425,3504.125,34.385047427578755
202303,383.0,109.0,70.0,12.312709346516982,12.302963393759688,525.708,15.136040025405139
202409,170.0,9.0,8.0,9.387816877106937,9.387900611668426,86.963,-6.291742704741504
202208,381.0,6.0,20.0,11.32318042216003,11.062096815110534,761.22,-5.772818296284798
202303,681.0,215.0,207.0,14.472845051447278,14.195512206455824,3786.345,11.924607616352679
202403,84.0,13.0,18.0,11.267612988884956,11.267625769009307,140.277,-5.851625420815807
202402,183.0,39.0,81.0,14.085116996008825,14.038875684728831,2053.025,24.04538183802822
202211,181.0,39.0,82.0,13.43636941399549,13.37498961155822,1433.498,23.917530529825406
202210,526.0,95.0,63.0,11.986777927943818,11.92332504518791,603.574,-6.124010118537575
202210,46.0,9.0,34.0,12.813046279840455,12.813049004825434,994.158,-5.298709589084469
202311,160.0,15.0,33.0,13.279519251394508,13.187976945471817,2339.498,72.59255214458024
202403,321.0,16.0,13.0,13.996321808152498,13.787869026583765,3603.374,-4.091453364558326
202301,248.0,49.0,63.0,13.853577721419478,12.97719424247695,1592.211,-2.290256984783378
202408,310.0,178.0,76.0,13.402213862879096,13.392984231462428,2971.951,-1.5450280345351386
202301,156.0,28.0,78.0,11.687525621664896,11.687534019557026,352.435,-4.021584014101947
202301,335.0,76.0,77.0,12.991621234061961,12.929831471955508,696.055,-0.3778600622730597
202407,147.0,53.0,43.0,8.70267641154777,8.702842538302868,201.623,-2.8707115177868396
202307,546.0,140.0,149.0,10.555317824459362,9.210140351973516,1001.097,22.802683447292623
202207,293.0,91.0,32.0,12.075918401058791,11.999263705084948,635.829,-0.755002172457008
202211,118.0,22.0,47.0,14.5312564531224,13.847075114325765,6784.616,-5.083558828893205
202312,380.0,25.0,76.0,14.291021494117121,14.068507237134034,2781.893,31.67921662317398
202210,49.0,23.0,21.0,13.424825189428345,13.382856661910653,2341.814,-6.22494873551995
202210,110.0,22.0,33.0,12.450108426386807,12.450112343677139,535.735,-6.235381726775383
202208,57.0,8.0,36.0,13.584884079251822,13.532529418791137,3160.592,-2.113361492908764
202210,63.0,9.0,26.0,13.327057785050009,12.854815903284036,1595.232,0.5942486266800664
202212,62.0,17.0,34.0,13.393312227114468,12.854311368340825,1678.377,-6.22494873551995
202407,897.0,360.0,148.0,11.454459137360308,11.325185253749414,1613.563,56.309840697210454
202207,71.0,13.0,11.0,12.266603145270206,12.266607851584432,685.309,8.108932412098886
202402,127.0,16.0,51.0,13.878213019575675,12.881974476171074,700.712,10.053884002121558
202208,325.0,87.0,96.0,12.90623764350398,12.876626508437374,2424.724,24.77695652346238
202408,272.0,39.0,96.0,14.86923461003274,14.179839733389866,9123.28,-2.3690641093143885
202309,158.0,14.0,27.0,13.14295980720298,11.353061830583496,700.605,-6.235381726775383
202212,17.0,7.0,5.0,12.76174925651406,12.470665194756922,1009.414,-6.163963505379513
202311,39.0,5.0,9.0,13.399849648877616,11.621627391890419,604.728,0.5303229725786602
202208,561.0,127.0,94.0,11.166921949681214,11.087313770418719,854.124,4.035537791102275
202210,40.0,9.0,10.0,12.557648109192957,12.314384302284257,1264.901,-5.260056291441973
202211,96.0,22.0,24.0,11.964892406729813,11.8863768934228,239.636,-4.1062854763920225
202211,313.0,68.0,102.0,14.172917134194817,12.898844755760036,3386.95,24.90548162687338
202307,235.0,29.0,55.0,11.50631365504917,11.088675011958648,602.195,-1.1951915652235252
202403,60.0,2.0,10.0,14.35166176468433,13.78071515864993,1736.876,10.711407695471562
202403,279.0,25.0,28.0,13.376555882268846,13.336094773023138,643.351,-5.947218290822283
202409,314.0,1.0,33.0,12.57948621377296,10.403838508008098,1209.094,-6.250263197204988
202311,27.0,2.0,3.0,15.455837843348652,10.696480068065789,11124.966,-6.2918148135823255
202212,333.0,115.0,74.0,14.167545353044153,14.143443581922279,2349.578,-2.7667429543260225
202403,324.0,21.0,22.0,11.996425111883735,11.996431278081257,220.238,-6.2918148135823255
202303,581.0,99.0,87.0,13.144746984829421,12.877503218301305,849.718,12.093734456788097
202308,12.0,1.0,3.0,4.955827057601261,4.962844630259907,13.821,-6.2918148135823255
202306,279.0,25.0,28.0,12.13549995535801,12.127705616456069,667.6,-5.947218290822283
202306,109.0,16.0,25.0,13.14588652595031,12.651149416002042,1427.885,11.274040334084452
202303,105.0,31.0,36.0,13.58804392558628,13.322639449558398,1752.045,-4.150296921258081
202303,51.0,18.0,16.0,12.73160558456839,11.458416479469836,642.663,-6.2918148135823255
202210,110.0,27.0,61.0,11.912338965649958,11.891313954335587,693.064,-1.9261143207481028
202311,88.0,18.0,13.0,9.565424050523422,9.529448434427817,171.813,-6.2918148135823255
202408,233.0,34.0,99.0,13.813069581203061,13.599990374798542,4405.574,20.61617050098475
202410,8.0,1.0,3.0,7.336936913707618,7.337587743538596,10.48,-6.271039005393656
202208,181.0,121.0,20.0,11.337380892455297,11.316934911648524,1346.549,-5.972186543075295
202301,21.0,9.0,8.0,9.596894455192587,9.596962392282867,130.82,-6.227889159480919
202405,114.0,10.0,46.0,9.219597393238859,9.219696466900208,542.378,-6.227889159480919
202212,271.0,18.0,150.0,14.507936978839352,14.443926665516393,2017.027,13.747985672646768
202303,99.0,0.0,11.0,10.503751605616017,10.503779038576722,66.261,-6.2620518727231165
202210,522.0,190.0,166.0,13.517301268292378,13.215185008793538,2831.529,22.66765500065197
202212,81.0,16.0,26.0,14.928813738431261,13.029710663407773,3959.305,-4.283230326862545
202211,334.0,131.0,72.0,10.667815210028436,10.616804939885457,970.421,6.991631116024623
202408,41.0,8.0,21.0,12.631356720670304,12.493197062521046,1240.772,-3.3748265646547635
202402,28.0,7.0,14.0,13.063746488742147,12.965786757362183,877.246,-6.036112197176701
202310,556.0,212.0,154.0,13.011811632825925,12.712200250869271,1550.111,12.996205058739077
202303,474.0,198.0,93.0,12.654424814440715,12.149438799962581,1386.071,10.461203517475537
202401,163.0,32.0,60.0,13.611774948224944,13.60389159276243,1380.971,31.73209193536931
202405,5.0,3.0,0.0,11.019104440020062,11.01912082553854,144.857,-6.27185124575107
202207,6.0,1.0,0.0,15.294573462574727,15.13541962704782,11473.6,-6.163963505379513
202409,2.0,0.0,0.0,10.798922302530906,0.6931471805599453,729.748,-6.2918148135823255
202402,526.0,95.0,64.0,13.238448973224507,13.167051807619341,694.102,-6.124010118537575
202303,62.0,8.0,24.0,11.869228339699797,11.597597441027427,756.213,-6.2918148135823255
202211,124.0,36.0,51.0,13.685006578097758,11.354386838838792,1488.048,9.747246737318589
202409,114.0,5.0,6.0,11.768265114500755,6.495265555937008,486.574,-5.255559743171732
202306,14.0,1.0,1.0,13.431226538402587,13.084495348960433,1607.578,-5.319485397273138
202403,132.0,26.0,45.0,13.82511528454871,13.55233376348366,988.154,25.483010597461444
202210,628.0,195.0,224.0,13.514712174896875,13.48252842384376,1376.701,25.408809831027632
202402,214.0,43.0,130.0,13.069635370097698,13.03155425263648,994.456,-5.255559743171732
202404,14.0,9.0,0.0,10.737635038817514,0.6931471805599453,2395.725,-6.2918148135823255
202301,98.0,22.0,24.0,12.902845744495608,12.902848235444123,1155.677,-6.115648995918721
202406,555.0,213.0,151.0,12.672149826356426,12.429740059604324,1751.547,13.060130712840484
202207,53.0,12.0,17.0,14.676993194188494,12.570826864056812,4258.361,-5.298709589084469
202311,218.0,22.0,105.0,13.263244693047405,12.69524144403692,1276.238,-6.177350410433042
202210,4.0,0.0,1.0,12.493774717781957,12.207072145863258,1191.322,-6.227889159480919
202303,150.0,15.0,21.0,13.124930080601642,13.10719288518622,1244.323,-5.224846400745453
202311,56.0,20.0,16.0,13.461489232919671,13.221506203228829,1634.224,-2.118476797860911
202301,13.0,3.0,6.0,12.187832297240385,12.187837389266019,1136.8,-6.163963505379513
202309,90.0,3.0,7.0,9.929350212061856,9.929398934320629,79.288,-6.2918148135823255
202306,7.0,1.0,3.0,14.528110794923691,14.46610977621145,2780.095,-6.227889159480919
202211,118.0,44.0,19.0,13.305980760918736,12.214739975471726,1332.439,-3.244034832490982
202406,11.0,0.0,0.0,14.35381515271855,11.872884011978892,4296.461,-6.227889159480919
202210,254.0,28.0,96.0,13.689176062578126,12.913512201756713,2114.306,-4.274891022160334
202308,22.0,4.0,5.0,9.772638274111136,9.747593687577451,302.937,-4.313722941932763
202303,105.0,15.0,51.0,13.260482231518552,12.461737596548337,1362.799,-5.319485397273138
202303,175.0,70.0,27.0,8.351138607086154,8.351374706721296,189.047,2.180537645072137
202408,401.0,75.0,47.0,12.282806809079677,11.885336937682148,681.053,-4.244632624283302
202312,118.0,53.0,53.0,13.222110970040857,13.122011315437787,1500.771,-4.292947133744094
202312,82.0,15.0,33.0,12.140979303841474,12.140984640120434,551.74,-5.139428754081495
202303,943.0,142.0,198.0,14.184168517926432,13.970162826260715,3385.084,80.4863232418864
202303,82.0,11.0,32.0,12.651002026872044,12.371705721037893,497.048,-5.319485397273138
202207,310.0,52.0,108.0,12.588507924523647,12.04286524379565,1402.647,10.808906123253221
202401,3.0,0.0,0.0,13.589901469710272,13.58990272279521,1236.738,-6.100037851278107
202301,105.0,35.0,12.0,12.57045878165776,12.570462254766348,315.121,13.884065353254256
202303,35.0,10.0,12.0,12.956658200737383,12.431373867398182,1269.628,-5.160920746644047
202303,1110.0,391.0,203.0,13.521383762828473,13.01805120093579,2818.464,56.34459515546639
202312,58.0,6.0,19.0,13.763660266377318,12.935457729702195,2287.878,-5.319485397273138
202311,28.0,7.0,14.0,11.552348080816712,11.524290636048924,686.366,-6.036112197176701
202303,9.0,0.0,2.0,11.727988456319707,11.727996521193552,514.033,-6.163963505379513
202410,67.0,11.0,7.0,10.09075519061184,7.664815785285735,51.967,-6.2918148135823255
202208,127.0,26.0,51.0,12.042653310789234,12.032451133356703,723.241,-6.174409986472073
202303,111.0,28.0,61.0,12.567906260615041,12.51694131905728,715.257,-1.9261143207481028
202409,13.0,0.0,4.0,9.907180724373745,9.85108838373692,29.413,-6.271039005393656
202208,265.0,26.0,91.0,12.839026517494762,12.800738373110374,1297.482,-4.311498702345677
202407,336.0,103.0,73.0,11.980476088054898,11.97813009742925,629.178,2.891360483269791
202310,24.0,9.0,12.0,11.8168523726869,11.635497017358409,691.165,-6.2918148135823255
202403,133.0,22.0,42.0,13.149007255768522,12.356262635025647,740.009,-6.19622541548757
202303,214.0,43.0,130.0,12.811415407453344,12.752614772949629,781.683,-5.255559743171732
202408,33.0,0.0,4.0,14.244056574060359,13.39119896530973,5447.978,-2.33857149424417
202306,63.0,13.0,15.0,11.327523167564364,11.32753520451781,466.114,-6.2918148135823255
202403,25.0,4.0,11.0,13.38864917337537,13.214756579690635,2336.333,-5.319485397273138
202303,516.0,130.0,105.0,13.050815816905036,12.720102131444309,2588.386,38.69938943936332
202210,6.0,1.0,0.0,12.74698314672812,12.677684356119764,2511.395,-6.163963505379513
202303,300.0,47.0,59.0,12.693587676276655,12.36040616578396,514.367,-4.296617231916073
202307,391.0,69.0,81.0,12.736674425653757,12.384553502938191,1816.39,-1.9410513519181407
202409,39.0,5.0,3.0,9.271435471335993,8.90557995798965,42.858,-5.319485397273138
202310,352.0,152.0,65.0,11.929040329243637,11.901481754675478,835.489,6.519509770009908
202401,310.0,176.0,76.0,14.182158604774118,14.17462661994841,2404.763,-1.5450280345351386
202211,15.0,8.0,3.0,12.503900574273233,11.732671250410183,856.621,-6.2918148135823255
202309,267.0,24.0,58.0,11.750050813804856,11.750058702697691,417.723,-5.161871148211118
202310,442.0,174.0,107.0,12.191486787201756,12.189343490276288,1150.905,29.513462811795208
202404,147.0,23.0,61.0,12.830994517094553,11.623759970967853,863.488,0.04627673114072284
202212,223.0,42.0,147.0,11.328834343419675,11.328846364600997,665.569,-6.250125035995331
202408,758.0,250.0,132.0,13.27775043545808,13.096239090457132,3167.677,22.619294298792227
202212,166.0,29.0,72.0,13.974476483010525,13.88226038236762,2437.21,30.897573510738717
202402,16.0,7.0,8.0,10.729175009727363,10.729196906179045,298.954,-6.2918148135823255
202210,46.0,25.0,8.0,12.609208376077067,10.923976124422659,573.432,-2.402497148345576
202410,169.0,48.0,41.0,13.241434472045343,11.904129363726124,2269.768,3.9202838190479046
202405,63.0,3.0,34.0,13.796642673659711,13.253668794382312,1516.967,-6.124036369717002
202409,95.0,7.0,11.0,10.344094553889349,10.215264497991953,62.355,-6.193830110398045
202208,213.0,49.0,95.0,11.943642378884586,11.932392092714206,1145.165,8.64136519304585
202210,375.0,125.0,142.0,12.498223468227655,12.21079647067907,904.102,9.427032952002968
202210,268.0,61.0,66.0,9.126306376366173,8.50086053679534,362.963,-4.574499845833286
202403,53.0,13.0,14.0,11.052491896264268,10.909106974355073,214.81,-6.258381774551138
202207,13.0,0.0,1.0,14.627024603718967,13.241533894507445,5742.97,-4.2193046727611385
202211,163.0,42.0,41.0,11.783128159291321,11.703487971665762,871.102,-6.2620518727231165
202208,5.0,1.0,0.0,13.05764564020852,0.6931471805599453,512.732,-6.163963505379513
202409,253.0,39.0,48.0,11.594864834381662,11.08328036286033,617.397,22.928606424741176
202303,41.0,2.0,6.0,13.5800185776567,11.497913344849724,3574.637,-5.319485397273138
202307,38.0,12.0,6.0,11.610469511471777,11.26032735598082,672.165,-6.2918148135823255
202301,101.0,8.0,31.0,15.26387461392651,13.287542166337557,3435.481,-6.276933343152721
202309,247.0,88.0,103.0,14.101152550868163,13.341667567795817,2955.721,0.2485353914915569
202402,56.0,19.0,28.0,13.971163822631022,13.963596024372093,1894.931,-6.19812621862171
202310,748.0,466.0,134.0,12.690157911505981,12.6901609928045,1722.743,15.39030596484107
202308,20.0,0.0,1.0,7.680637427560936,5.318119993844216,494.571,-6.276933343152721
202307,310.0,176.0,76.0,13.639609545293242,13.423584383470047,2741.334,-1.5450280345351386
202404,306.0,179.0,93.0,12.82778021377258,12.818622381245033,1515.999,-3.4172609968953265
202303,181.0,25.0,37.0,13.30121057225337,12.882683857450019,978.238,-3.9502639488928804
202308,204.0,87.0,20.0,10.701107354692605,10.691308346698754,437.414,-3.8613717753415493
202210,78.0,28.0,24.0,13.59749632915448,13.171081158001753,3437.794,-2.108279395507113
202312,165.0,73.0,33.0,11.34176934207679,11.312582493578455,282.625,-2.934637171888246
202207,280.0,77.0,62.0,13.477967147841518,13.385022982869758,2700.376,5.793174504363455
202407,213.0,51.0,96.0,11.920168990755805,11.920175645554746,897.632,8.64136519304585
202210,330.0,21.0,36.0,13.762385059800234,12.770192560353882,2905.996,-3.77172637685948
202407,38.0,10.0,13.0,12.808189474740448,12.626245725843887,2082.394,-5.119603347459895
202208,469.0,9.0,3.0,12.315473986047499,11.788691826474047,1206.634,-6.204172927331281
202207,75.0,58.0,7.0,11.546708342937798,11.546718010704978,317.326,-4.347155980963951
202303,116.0,23.0,70.0,13.055302210402905,12.904950872227607,521.598,-6.2918148135823255
202401,172.0,8.0,31.0,14.012564721651882,13.256717681344439,1435.846,-6.179574650020127
202407,18.0,7.0,5.0,10.81611157022266,10.471099854390227,898.397,-6.163963505379513
202405,67.0,25.0,21.0,14.560916641561645,12.598482908764538,4062.938,-4.3263801727752815
202406,46.0,9.0,30.0,11.400462005247592,11.400081462185673,617.191,-6.271039005393656
202311,52.0,9.0,32.0,12.26444532185495,12.087812621132747,488.666,-6.232523868960818
202303,130.0,10.0,40.0,13.656680111758352,13.579662900134744,1480.05,-0.32998700752438914
202403,154.0,37.0,41.0,14.33686119890476,13.558758515476235,1351.273,-4.347155980963951
202312,324.0,44.0,78.0,12.393398327445585,11.801377241124099,1436.775,-6.194456120449732
202410,20.0,4.0,6.0,10.719139935087785,8.18004072349016,140.48,-6.2918148135823255
202310,78.0,20.0,24.0,13.430901933415361,12.888601146941978,2494.32,-5.142369178042463
202403,95.0,21.0,24.0,12.162590866918213,12.153193884427925,287.297,-3.886190780008764
202309,29.0,3.0,6.0,13.202633751467598,13.138724796411527,2139.341,-6.227889159480919
202309,131.0,9.0,3.0,11.50953973986602,8.181440695719374,229.311,-6.2918148135823255
202410,332.0,38.0,27.0,10.85156760689969,10.289701881052155,564.891,2.899339325966878
202310,1.0,0.0,0.0,5.84354441703136,5.846438775057725,63.622,-6.227889159480919
202403,238.0,10.0,74.0,14.718396647715787,13.130992043163632,3084.614,-4.375180957638697
202311,248.0,60.0,68.0,13.122071334764028,12.678975193846785,1375.863,12.578997367743392
202208,13.0,7.0,1.0,9.48257880293411,7.6760099320288875,122.354,-5.319485397273138
202208,357.0,49.0,37.0,14.854917633645115,14.831449320277013,3462.831,-6.057721343735703
202303,167.0,58.0,59.0,13.119045880592012,12.608927683700701,1183.594,13.903332454424996
202406,14.0,5.0,5.0,12.187822113111332,12.136620740131846,203.267,-6.258381774551138
202308,4.0,0.0,2.0,11.211036281083421,9.016876974763383,384.387,-6.2918148135823255
202208,81.0,7.0,18.0,13.88931198313727,13.887129578102266,1109.021,-6.00779446309766
202303,67.0,28.0,14.0,9.826498511007992,9.826552511062006,152.736,-3.906966588197433
202309,30.0,6.0,8.0,8.132118772955806,8.132412674500905,109.791,-6.2918148135823255
202210,31.0,12.0,12.0,13.458348352475769,13.31030577430424,2801.274,-6.161023081418544
202407,22.0,6.0,7.0,12.259930897599485,11.475348200614862,1433.313,-6.2918148135823255
202210,106.0,25.0,23.0,13.200630972034993,12.502068809935968,1020.524,12.264191644784214
202210,171.0,47.0,29.0,10.592199913805961,10.30293458831873,407.314,-0.31870727886120864
202401,325.0,36.0,95.0,13.921483685936852,12.955926193327953,1596.672,1.7233822769379934
202405,28.0,7.0,14.0,12.104792681972805,12.081200793480185,850.213,-6.036112197176701
202303,17.0,3.0,3.0,12.80247486748278,11.418208109410882,820.335,-6.143187697190844
202401,14.0,6.0,2.0,13.701786274418605,13.572452523098207,1565.385,-6.079262043089438
202301,143.0,19.0,32.0,12.55025082921461,12.503510723024393,461.219,-6.2168301581738
202310,13.0,6.0,4.0,12.766862030245697,12.362093004988084,989.209,-6.2918148135823255
202401,110.0,21.0,32.0,14.218912873310932,13.64502231058137,1949.484,-3.228202960494307
202301,103.0,16.0,30.0,12.843569685997952,12.811439972079466,712.703,-4.211915769625998
202309,201.0,14.0,46.0,12.460086759710865,9.995975571971279,709.393,-6.275982941585651
202303,367.0,75.0,204.0,14.147722302995303,13.708033359268205,3094.05,23.870881954500845
202207,38.0,10.0,16.0,12.935067067017568,12.86055955585936,2000.364,-2.617183782372393
202307,312.0,41.0,59.0,13.139295221275487,11.66280991450752,927.183,-3.345063623795555
202410,109.0,1.0,3.0,7.53955882930103,6.925595197110468,6.31,-6.2918148135823255
202406,316.0,43.0,116.0,13.550212092937585,13.534384282571528,1919.302,4.824704801685369
202306,302.0,58.0,61.0,10.984156484392978,10.971485982586401,589.466,3.2472853305529483
202403,748.0,466.0,135.0,13.350664803980667,13.350666395748046,1921.627,15.39030596484107
202410,285.0,16.0,72.0,11.692326093336519,11.62179780694117,251.6,-6.1539029747355345
202402,2.0,0.0,0.0,14.262035072408278,14.262035712256148,604.189,-6.163963505379513
202301,91.0,17.0,43.0,13.496119012235052,13.27635747354443,2307.561,-6.19812621862171
202303,109.0,12.0,32.0,13.495208870425566,12.76154270895575,1194.239,10.132691126652565
202401,353.0,62.0,146.0,14.452218066327603,13.74179727714045,3021.329,4.105204558476556
202208,210.0,23.0,75.0,13.416783696793672,12.822948746875513,2569.364,-0.17381796524253623
202211,82.0,18.0,21.0,11.153417941635094,10.603833757822766,206.548,-5.222126704140544
202207,84.0,8.0,18.0,10.262489786233951,10.031528902417012,460.023,-6.243500304121533
202402,19.0,3.0,5.0,13.301872650098447,10.661509135319276,492.064,-6.2918148135823255
202212,386.0,77.0,80.0,14.478380988619918,13.668357669714236,2223.12,-1.0280128802304604
202312,239.0,104.0,78.0,11.570779192579078,11.051492998140159,1357.233,-5.304603926843534
202408,1.0,1.0,0.0,12.510674517449576,12.510678204527292,5007.14,-6.2918148135823255
202310,1110.0,386.0,209.0,12.580384147038759,12.17015008747896,2203.423,56.34459515546639
202207,192.0,65.0,38.0,7.501634457883413,7.282761179605593,715.653,-5.185519023955201
202301,367.0,73.0,105.0,11.446764294716028,11.39836722406946,555.552,1.2817470255865828
202312,97.0,9.0,52.0,13.124245604902242,12.679791240736899,616.138,-6.2918148135823255
202303,191.0,53.0,100.0,11.77602791844762,11.719541180998819,737.87,-6.271039005393656
202308,90.0,0.0,3.0,8.707813551024888,8.09925056179696,28.493,-6.276933343152721
202308,4.0,2.0,0.0,10.723311435922577,6.690842277418564,33.028,-6.276933343152721
202211,549.0,86.0,160.0,14.633699256435142,14.453165641489337,3853.584,-3.197489618068028
202406,159.0,18.0,32.0,14.002808876775017,13.21526155977106,2941.025,12.106897680746611
202301,68.0,12.0,26.0,12.31693400377332,12.316938479077473,559.064,6.026219188993528
202401,526.0,95.0,64.0,13.205584413452243,13.133188572976485,726.986,-6.124010118537575
202307,120.0,30.0,29.0,11.7739734789446,11.223174587349336,553.541,-3.3540507564660946
202408,91.0,9.0,46.0,12.980078354737364,11.845834217058348,1121.645,-5.2860523582419505
202212,494.0,15.0,11.0,12.63729321583805,12.47829584291941,1705.93,-1.5809287119617998
202405,102.0,12.0,43.0,14.327750181561147,14.230752384496105,4152.528,10.852479396135548
202405,176.0,8.0,8.0,13.701917357676267,11.987810908745068,810.015,7.320797014746297
202212,113.0,9.0,13.0,12.006010653659285,11.088812562489581,361.891,-6.250263197204988
202210,200.0,62.0,70.0,13.313314260896338,13.063871604447831,2124.788,9.60287280471178
202306,152.0,34.0,33.0,12.451138145419336,11.95460034764566,729.385,-6.256157534964052
202407,525.0,95.0,64.0,11.868464764308667,11.794911344877129,719.883,-6.124010118537575
202207,38.0,3.0,19.0,10.942756689620648,10.678859673351743,567.116,-6.094955753876456
202406,348.0,102.0,77.0,11.998217872937948,11.680581676011226,834.997,1.6012849200404569
202303,139.0,60.0,31.0,8.723231274827508,8.723394022000136,422.128,-2.9776156490408296
202405,203.0,18.0,46.0,14.257647621078931,11.809921527239299,1781.879,-4.283230326862545
202406,233.0,34.0,99.0,13.797729406109172,13.622756774223879,2961.82,20.61617050098475
202306,200.0,22.0,78.0,14.287688072608,14.019521033782462,3472.3,17.187116713874886
202403,158.0,35.0,45.0,12.27048772154871,11.978475441410984,639.635,0.6230611659722047
202403,27.0,13.0,8.0,10.925344778853022,10.925362774983855,140.841,-6.2918148135823255
202312,491.0,140.0,91.0,12.426849398184826,11.236921602665328,1255.719,2.9391879974242396
202301,164.0,73.0,33.0,11.884344183327977,11.757243251515845,347.825,-2.934637171888246
202306,139.0,53.0,63.0,14.380503292748235,14.28133358566033,4650.892,-6.149082034949909
202210,14.0,5.0,2.0,11.23651298477668,0.6931471805599453,274.007,-4.155379018659732
202402,65.0,20.0,30.0,13.058340989713638,12.818457067575519,1625.663,-6.258381774551138
202212,67.0,20.0,10.0,10.344448496329132,10.157121510848336,63.854,-6.271039005393656
202303,59.0,7.0,32.0,12.8526155211887,12.823302140469277,1946.29,-1.2993759998726073
202407,449.0,128.0,74.0,10.85313568806428,10.79552657460799,716.65,0.5145814766351418
202212,51.0,5.0,12.0,11.969362482493992,11.495056766427746,832.161,-6.2918148135823255
202404,98.0,7.0,66.0,12.75720108906853,12.711895777673373,586.683,-6.271039005393656
202306,147.0,54.0,42.0,9.424079843215099,9.33149549353265,191.887,-2.8707115177868396
202309,96.0,14.0,19.0,13.354314428571234,13.124139798633422,4673.195,-6.140247273229875
202410,26.0,14.0,5.0,8.925321416943886,8.771059915373288,84.459,-6.2918148135823255
202309,49.0,9.0,13.0,12.141667448837836,11.416293411876241,665.484,-3.0908062141700983
202212,111.0,28.0,61.0,12.497525101145765,12.453783923588063,965.468,-1.9261143207481028
202309,192.0,51.0,24.0,10.962492386609458,10.96250972649727,182.169,-6.234431325208313
202211,84.0,13.0,17.0,10.68748041639565,10.687503245100464,102.48,-5.81819238178462
202312,715.0,290.0,151.0,12.410970756503033,12.410974830146356,3034.883,41.10302526225698
202208,84.0,9.0,13.0,11.36064802952465,11.160157165862033,440.492,-5.319485397273138
202310,63.0,15.0,2.0,7.620705086838262,7.621195162809845,187.381,-6.271039005393656
202207,134.0,44.0,42.0,11.343275286096018,11.155478794755933,578.638,-4.283230326862545
202401,181.0,42.0,55.0,14.150159705196025,13.663427572316621,1281.133,20.104104962802445
202303,51.0,9.0,19.0,12.04381838688633,11.917196527155877,394.425,-6.194456120449732
202210,9.0,4.0,4.0,11.831699144899684,11.705651045062906,629.728,-6.2918148135823255
202303,7.0,1.0,0.0,13.044786626757997,10.14013945387513,1296.526,-6.227889159480919
202306,433.0,235.0,97.0,11.681731091710663,11.568823640599039,985.698,-3.303245858364916
202406,60.0,15.0,19.0,10.497477161562855,10.494269726418045,257.684,-5.099390700889879
202208,483.0,11.0,19.0,9.876321884463358,9.745780556506093,120.418,-6.241276064534448
202408,63.0,14.0,14.0,11.112641909402493,11.11265683176888,597.586,-6.2918148135823255
202301,102.0,19.0,32.0,12.894850293572176,12.894852804516756,799.835,-1.7422130591957998
202310,89.0,28.0,23.0,11.21226621872791,11.03828711196595,1536.102,-2.2878945839866356
202410,3.0,0.0,0.0,11.226908671837508,10.916596417590297,177.88,-6.163963505379513
202303,18.0,6.0,1.0,14.173807885127335,13.6161372427625,2491.68,-4.2193046727611385
202303,36.0,24.0,8.0,10.883091054622035,10.883109827442746,524.958,-6.2918148135823255
202405,7.0,1.0,0.0,11.693345214474586,9.765489054378838,1340.076,-6.227889159480919
202301,88.0,7.0,15.0,13.097675114804495,12.652609317013695,663.5,-6.2918148135823255
202401,506.0,63.0,90.0,12.768324954786726,12.75570158766005,1226.016,34.500736961956875
202306,22.0,1.0,19.0,12.69185734605268,12.69186042211919,1302.543,-5.319485397273138
202301,143.0,9.0,30.0,13.772602013111117,13.61355225611492,2760.371,-4.313722941932763
202210,556.0,235.0,161.0,13.622218241857077,13.39044664178738,5128.165,16.622141613227726
202404,73.0,23.0,39.0,11.878082335451351,11.878089276304866,483.699,-6.271039005393656
202212,10.0,4.0,3.0,12.852940257735938,12.431062491393176,1569.562,-6.2918148135823255
202303,54.0,28.0,13.0,12.240222832960091,11.692927667473606,455.45,-3.2774678715221697
202210,560.0,127.0,96.0,11.98944531744376,11.915419497133438,605.126,3.0632083747930885
202208,30.0,1.0,10.0,11.73324904389719,11.177886201152898,413.413,-6.276933343152721
202403,168.0,62.0,35.0,14.905383771912236,14.765878026168384,4603.696,-3.149395835963297
202403,65.0,14.0,33.0,13.073767494361096,13.043934699816502,1664.132,4.409216828175177
202301,355.0,63.0,146.0,14.559638359034388,13.712699013140536,3055.076,4.105204558476556
202401,108.0,15.0,24.0,14.104054508892073,13.481047102390761,1795.523,11.274040334084452
202408,132.0,36.0,26.0,10.865554387046867,10.749892156946117,476.605,2.899339325966878
202303,149.0,26.0,12.0,13.164690798201605,12.813923341468035,2327.69,-6.22494873551995
202407,49.0,2.0,3.0,14.929168097104071,12.934637644319118,9866.092,-2.402497148345576
202408,298.0,99.0,76.0,13.181616706487333,13.165509070045726,2403.556,-3.2603621615054794
202310,400.0,130.0,53.0,10.937507985311061,10.934195662590366,640.18,-3.026880560068692
202312,133.0,22.0,42.0,13.142734470544159,12.380861737741713,857.834,-6.19622541548757
202406,418.0,68.0,153.0,13.320955186205511,13.244232276761794,1827.963,-5.214820367151807
202310,232.0,11.0,30.0,7.70210434005105,7.7025561132685825,234.98,-4.715787417685535
202401,516.0,232.0,96.0,12.058251061322386,11.947703390375565,2350.954,20.656971435937876
202303,61.0,8.0,17.0,12.712001298683457,12.699066219136881,275.214,16.169120454661574
202406,18.0,3.0,0.0,12.663775934813067,12.418130982254212,1632.52,-6.0682030417823185
202407,556.0,85.0,174.0,14.468247638330515,14.16677921423003,5752.754,-3.261415272169434
202405,196.0,47.0,74.0,12.52152186762841,11.941103992585287,1053.767,-1.1291443806319181
202311,82.0,9.0,6.0,12.982310192622217,12.51734428341504,875.971,-6.271039005393656
202210,146.0,58.0,16.0,9.950895809931119,9.938033896288712,141.336,-5.255339015815672
202405,67.0,6.0,40.0,13.550711331381232,13.384670717174718,4686.379,-2.2077797620803885
202208,412.0,178.0,150.0,13.373120539330067,13.098037897412537,3330.735,7.651948412724895
202207,194.0,80.0,108.0,11.608517423253087,11.60788103645391,884.421,-6.2918148135823255
202408,61.0,10.0,31.0,12.52688722401783,12.252278520919095,1337.927,-5.2860523582419505
202303,223.0,42.0,49.0,11.800057386116528,11.620433672685513,505.181,1.238768548433999
202303,117.0,18.0,58.0,12.165667230895135,12.16567243704568,592.114,-6.2867327161806745
202308,318.0,1.0,33.0,13.06404758818145,10.580073347296848,1108.349,-6.250263197204988
202408,213.0,51.0,96.0,11.906088545820294,11.906095294984242,1103.312,8.64136519304585
202306,63.0,10.0,32.0,13.730424235957647,13.64362080025747,3613.424,-6.097097427317138
202404,35.0,7.0,11.0,13.212302796824096,12.747119958575658,2104.213,0.5144911005819859
202307,37.0,7.0,7.0,9.624765221455819,9.62483129129166,62.439,-6.2918148135823255
202407,190.0,65.0,38.0,7.614312146452,7.60887062919126,639.184,-5.185519023955201
202311,27.0,17.0,5.0,9.566685261452934,9.404919826165639,83.455,-5.787699766714401
202311,17.0,3.0,3.0,12.301187351685314,11.134121761815555,806.158,-6.143187697190844
202405,89.0,29.0,24.0,12.08186338082296,11.999853809784184,312.242,-6.2918148135823255
202301,396.0,17.0,16.0,13.122605348127053,12.785605900105862,1604.938,-6.250263197204988
202210,85.0,29.0,13.0,11.745488513200891,11.74549643816731,240.677,-6.271039005393656
202208,196.0,48.0,38.0,13.808899754676425,12.986827691811635,1769.101,-5.271170887812346
202401,43.0,23.0,17.0,8.561210076833012,8.561401446080557,675.798,-6.2918148135823255
202307,54.0,28.0,13.0,11.482249739201768,11.125143091714373,602.495,-3.2774678715221697
202309,131.0,28.0,20.0,11.5494502396526,11.486735481879988,628.471,-6.178948639968441
202210,92.0,9.0,22.0,14.005857326431272,13.10140324045225,2507.334,-4.347155980963951
202210,215.0,43.0,73.0,11.862941286084004,11.776389124881021,657.435,-6.221774094365794
202310,275.0,9.0,1.0,10.784254728341237,9.349058291288005,348.749,-6.256157534964052
202410,126.0,27.0,26.0,11.69278566176808,10.579742865425855,389.098,-3.141425877132386
202309,17.0,4.0,2.0,8.038834757787749,8.039157390473237,29.996,-6.2918148135823255
202404,94.0,15.0,28.0,14.012244423361098,12.477430957405668,1819.452,15.483328385828434
202410,285.0,37.0,13.0,10.960496291349163,10.434086391401058,420.774,-6.079262043089438
202212,67.0,25.0,21.0,14.866936196147433,12.353785504127547,4198.324,-4.3263801727752815
202408,214.0,35.0,55.0,11.888899968511334,11.72316207897476,1558.469,19.240436639741354
202210,294.0,28.0,111.0,14.002896767723964,13.847692131324932,2550.574,14.357324774990603
202208,41.0,6.0,28.0,12.969920571662838,12.944238601791664,1861.722,-5.2860523582419505
202301,89.0,38.0,21.0,11.844385159767898,11.667935775209369,559.087,-5.2860523582419505
202303,14.0,5.0,6.0,11.468513701599417,11.347543617702051,437.255,-6.291742704741504
202211,89.0,9.0,31.0,12.90648834627978,11.811421356747816,218.714,-6.2263945941048435
202409,191.0,11.0,5.0,10.456625260087735,7.65728279297819,74.756,-6.271039005393656
202401,201.0,40.0,56.0,14.232576778849586,13.614458678749715,1382.855,-3.3748265646547635
202409,199.0,9.0,10.0,9.93740577073959,8.759825595314295,564.739,-5.224846400745453
202309,123.0,20.0,15.0,11.761292219793866,11.380958562178737,191.453,-6.2918148135823255
202309,693.0,300.0,103.0,12.681259692624314,12.203965426903654,3733.751,24.476318550077636
202211,571.0,131.0,273.0,14.029135349285214,13.908277506495818,3942.12,19.131526467754497
202407,83.0,4.0,10.0,11.019055281853651,11.019071668177626,275.017,-6.227889159480919
202308,3.0,0.0,0.0,11.444753684866894,10.375645110411204,182.781,-6.275982941585651
202301,102.0,19.0,32.0,12.884880000485294,12.884882536589913,743.233,-1.7422130591957998
202312,478.0,10.0,28.0,11.337380892455297,11.3373928113354,162.309,-6.241276064534448
202310,232.0,122.0,16.0,10.902353168033953,10.902371582714137,258.636,-0.32704658356342
202410,352.0,114.0,103.0,13.77817518643703,13.709047212190582,1961.477,-0.37808078962912095
202210,249.0,96.0,61.0,6.960347729101308,6.961296045910167,404.932,-3.119074589653231
202405,333.0,76.0,76.0,13.827426282897237,13.56670426738895,2035.736,7.535137108019555
202303,33.0,8.0,6.0,9.961331842220567,9.961379030951905,175.817,-4.134603210471063
202301,177.0,10.0,7.0,10.15785841626691,10.157897185724337,105.62,-6.2918148135823255
202405,9.0,1.0,1.0,11.321292693045136,10.150699131184039,548.177,-6.276933343152721
202409,150.0,6.0,18.0,12.99782683809325,12.960984973730229,1091.184,-1.3425258457853442
202310,129.0,37.0,45.0,11.92875665907757,11.633743889170134,686.625,-3.1212988292403168
202308,285.0,18.0,18.0,10.207768596643277,9.952896572793671,187.003,-6.256157534964052
202301,109.0,13.0,31.0,13.848290380737264,13.010396644219341,1569.732,10.132691126652565
202402,200.0,78.0,81.0,11.796011994069652,11.659507575297534,466.271,-5.035465046788473
202208,201.0,7.0,35.0,11.883812930836017,11.802351016678385,243.402,-6.256157534964052
202408,114.0,4.0,13.0,9.79945948211208,9.79951496215315,157.734,-6.2918148135823255
202311,118.0,24.0,47.0,14.433494979509142,13.8757680535746,7263.278,-5.083558828893205
202210,72.0,24.0,5.0,11.116603431278344,11.056414400305043,261.662,-4.283230326862545
202310,129.0,27.0,52.0,12.642073424866286,12.116306568745705,629.724,-6.174409986472073
202406,301.0,141.0,76.0,11.799772188615327,11.55056801039474,565.075,-2.242126177126467
202409,101.0,19.0,14.0,5.236441962829949,5.241747015059643,191.33,-1.3662420779349826
202401,374.0,110.0,74.0,10.676000288476814,10.676023380765145,1003.921,2.634311467564011
202308,182.0,19.0,46.0,6.794586580876499,6.795705775173514,590.263,4.39655959733266
202211,200.0,78.0,80.0,10.707393153815492,10.45731519284666,347.22,-5.035465046788473
202401,160.0,15.0,32.0,14.022095366893907,13.961621865607516,3053.014,72.59255214458024
202406,139.0,5.0,44.0,11.772053730003949,11.146431038760136,355.278,-6.123224129359589
202403,320.0,24.0,105.0,15.821134527627878,14.435128521936104,8238.49,-1.0619548661165972
202212,14.0,3.0,1.0,12.692180281383843,12.278663038170967,10792.969,-6.276933343152721
202303,305.0,143.0,76.0,12.577391344401283,12.22947662330919,674.261,-3.2144555934356545
202405,17.0,5.0,5.0,12.49383846447512,11.812770764547816,535.425,-4.347155980963951
202312,39.0,6.0,17.0,13.56588698509561,13.198134822362526,909.7,-0.14038492621134857
202409,59.0,5.0,14.0,9.864018808625762,9.433163872079467,138.287,-6.256157534964052
202402,150.0,15.0,21.0,13.293785753329283,13.293787438259185,1389.427,-5.224846400745453
202303,3.0,0.0,1.0,13.212107184570833,0.6931471805599453,2256.318,-6.227889159480919
202312,410.0,115.0,63.0,12.15811588398428,12.158121129596982,663.153,2.098817624200281
202303,45.0,14.0,16.0,12.989286738506511,12.18240987746784,577.909,-4.283230326862545
202404,36.0,24.0,8.0,11.040117908391759,11.040133953188832,543.39,-6.2918148135823255
202301,136.0,59.0,34.0,12.17051282313156,12.170336653676816,533.135,-1.8983821014776519
202212,293.0,91.0,32.0,12.97029785545692,12.868866283125811,465.369,-0.755002172457008
202301,125.0,38.0,40.0,12.924804723402879,12.811333521007962,734.438,-0.37903953233485055
202207,257.0,41.0,16.0,13.02093290677063,12.332753753439262,2420.831,-6.256157534964052
202410,124.0,15.0,23.0,12.338840621826591,10.872541497937167,552.088,-2.0850437588297233
202409,6.0,1.0,2.0,8.784315349902657,8.784468454090355,22.489,-6.2867327161806745
202404,12.0,6.0,1.0,11.583523713815765,9.03097444300786,74.899,-5.319485397273138
202310,52.0,23.0,17.0,11.005543903606792,11.005560512833219,273.17,-0.017648922960683322
202312,191.0,12.0,13.0,12.480772056758589,12.134845136241806,1426.287,-6.227889159480919
202301,113.0,9.0,13.0,12.479848472807385,11.611466782658045,453.08,-6.250263197204988
202312,105.0,35.0,13.0,12.027675378628373,12.027681355110914,223.515,13.884065353254256
202307,113.0,14.0,43.0,11.05649332503457,11.051810216769898,455.498,-6.2918148135823255
202210,519.0,138.0,92.0,11.574067599912466,11.488366343469526,597.239,38.44912294820756
202301,114.0,16.0,58.0,13.788560649597676,13.449949102829818,1198.747,-6.2918148135823255
202406,114.0,29.0,26.0,12.146232403507462,12.146237711827988,633.169,-4.34708387212313
202406,380.0,26.0,77.0,13.692881800739928,13.508244634283084,2344.137,31.615290969072568
202404,268.0,94.0,54.0,11.524082987666105,11.500690927301886,506.219,4.653666403061202
202303,216.0,41.0,73.0,12.395394641968872,12.29075380968144,712.587,-6.2425499025544635
202312,212.0,45.0,84.0,14.67672949748888,14.132167038631698,2244.416,22.07218727016616
202306,226.0,85.0,76.0,12.814040406405178,12.496613128830436,1821.411,10.257255902989138
202211,14.0,3.0,1.0,12.442586415782555,11.817921777130598,10509.177,-6.276933343152721
202311,199.0,22.0,78.0,14.454281802939917,14.202830025215675,2886.025,15.263233689445178
202401,186.0,26.0,53.0,14.999331265936831,14.390380268155136,1719.204,13.692321598500532
202404,45.0,17.0,13.0,9.07954808172616,9.079662048334066,221.837,-5.319485397273138
202210,315.0,97.0,88.0,11.562077468429832,11.561067800296243,482.574,17.382996047448003
202303,248.0,49.0,63.0,13.697959370429038,13.009427574908765,1204.259,-2.290256984783378
202307,896.0,362.0,145.0,11.142180573340251,10.967836155000246,1697.259,56.24591504310905
202409,209.0,26.0,20.0,10.406684149137627,10.12523012293471,267.406,-0.45783831572720146
202408,178.0,50.0,49.0,10.417627677269948,10.403049984023408,607.656,-4.5469611445611635
202404,34.0,8.0,5.0,11.529959557526007,11.529969388579357,118.758,14.127102928910608
202308,303.0,25.0,27.0,9.809176873064887,9.7749721303007,153.82,-6.271039005393656
202309,44.0,1.0,12.0,9.203013596589722,9.118444357271645,169.171,-6.276933343152721
202212,6.0,2.0,4.0,13.27392327548153,13.273924994212866,2025.527,-6.2918148135823255
202301,114.0,30.0,23.0,12.858697265901597,12.855583980568422,795.466,-3.3747544558139424
202409,5.0,1.0,2.0,8.294049640102028,0.6931471805599453,75.993,-6.2918148135823255
202311,159.0,18.0,32.0,14.34951369591898,13.533345240199365,2576.221,13.079227097055798
202308,351.0,57.0,105.0,14.307053663154093,12.410025222450423,3222.508,-6.275982941585651
202208,62.0,33.0,5.0,11.083894858839356,11.078427966041712,266.22,-6.119471465041206
202212,82.0,11.0,32.0,13.372731357944838,12.946682919614505,547.181,-5.319485397273138
202208,171.0,9.0,27.0,12.924738926313767,11.942972610449859,1519.62,-6.243500304121533
202307,329.0,86.0,100.0,12.953944725779365,12.84342695006711,2206.965,24.997051219845638
202311,314.0,98.0,86.0,11.802276144522555,11.802283631990406,445.25,17.382996047448003
202410,79.0,13.0,19.0,12.825026850323692,11.328473640767005,983.584,-6.2918148135823255
202403,651.0,289.0,155.0,11.01613423016804,10.099547635440596,1625.464,12.779100144912695
202311,690.0,190.0,123.0,13.204461202645609,12.849506861271108,2355.107,63.84595310454464
202207,266.0,75.0,70.0,13.696586246300111,13.07664189999576,1961.757,-3.0893610073899302
202308,33.0,14.0,7.0,8.412054873292933,8.412277021466677,95.214,-5.0608755644570405
202403,469.0,83.0,124.0,9.74893679268753,0.6931471805599453,1734.098,34.694754837107745
202311,144.0,82.0,25.0,12.349601397604973,12.349605729075051,422.917,-6.227668432124859
202310,143.0,9.0,30.0,13.28303389964948,13.041077397187678,1902.11,-4.313722941932763
202308,116.0,14.0,2.0,10.154129532552147,9.418410893792872,91.104,-6.2294873890163185
202210,368.0,73.0,105.0,10.13547190851582,10.10483529147988,338.002,1.2966284960161865
202403,98.0,23.0,22.0,14.538986632518494,14.309349725299867,10268.61,-0.08600471023133949
202409,3.0,0.0,0.0,11.952849969129964,11.59287278347898,211.781,-6.275982941585651
202410,261.0,83.0,65.0,12.161274004622188,12.049073746708748,803.091,1.6536284162389459
202403,104.0,32.0,33.0,12.84980896933089,12.766884860318612,668.007,-1.3551830766278634
202308,205.0,31.0,43.0,11.793273206854394,11.32293860465852,1240.292,-5.795192334008865
202408,74.0,20.0,41.0,12.525776504004693,12.473696132931384,1501.979,-0.9209705877668135
202310,76.0,9.0,7.0,12.205697575200091,11.8123112806439,805.765,-6.2425499025544635
202208,28.0,0.0,0.0,14.855278306197247,14.413990951698237,15340.16,-6.100037851278107
202303,85.0,27.0,25.0,13.009098370069841,12.584074055133428,954.718,-5.303653525276463
202303,27.0,7.0,11.0,13.366173496436186,13.18518041764356,2113.012,-3.359945094225159
202208,229.0,20.0,53.0,12.878169821141812,12.308525437854929,1708.461,-4.295666830349003
202408,478.0,10.0,28.0,10.329669902233015,10.329702551562889,182.634,-6.241276064534448
202303,456.0,191.0,56.0,12.984231705415958,12.814663614531952,613.728,15.6608680320287
202406,10.0,4.0,3.0,12.539225092026712,12.030879620273666,1370.486,-6.2918148135823255
202208,148.0,66.0,20.0,11.403534616197865,11.399051030769385,199.32,-2.635735350973976
202310,144.0,18.0,62.0,13.735590342788225,11.476800754251595,1983.247,-2.3817213401569073
202308,1.0,0.0,0.0,10.838443009639438,0.6931471805599453,163.062,-6.2918148135823255
202402,67.0,3.0,14.0,13.27633004030151,11.974260379242201,905.709,-4.3313241089672765
202408,163.0,41.0,41.0,12.295488213468595,12.214100337217403,1405.028,-6.2620518727231165
202407,67.0,6.0,40.0,13.5035781417735,13.328360769883568,6715.37,-2.2077797620803885
202208,60.0,8.0,22.0,13.277418219781978,12.858033181759868,1289.139,-5.2809702608402995
202309,15.0,0.0,2.0,6.432940092739179,6.434546518787453,17.703,-6.276933343152721
202401,95.0,14.0,57.0,13.445536138185018,13.445537585881553,809.547,-6.271039005393656
202303,67.0,25.0,21.0,14.581449916829337,12.341796009030267,4051.974,-4.3263801727752815
202303,101.0,9.0,28.0,13.058010439045209,11.653469709962536,564.379,-6.220500256345779
202404,28.0,2.0,7.0,15.509831751263544,15.462385863612228,6422.498,-4.075621492561652
202312,286.0,50.0,146.0,14.013869492455854,13.89099180103542,2960.317,-5.271170887812346
202307,247.0,91.0,27.0,12.519045931862625,11.058102031319523,449.172,-4.2534673860033365
202402,89.0,34.0,31.0,13.713192077289305,13.251800901573066,1287.237,-3.341393525623576
202308,107.0,13.0,31.0,9.91422964906803,9.775597361230211,530.857,-6.227889159480919
202210,153.0,31.0,58.0,13.057863255529497,12.998936193467856,911.335,-5.234783934983064
202303,216.0,55.0,53.0,13.545199400421259,13.336388683586009,1846.375,5.6986736690454265
202407,100.0,22.0,21.0,11.425754075179233,11.127674664112304,454.757,-6.227889159480919
202308,2.0,0.0,0.0,8.48446336679332,0.6931471805599453,3.742,-6.2918148135823255
202301,69.0,23.0,19.0,12.880656081062291,9.949559740638511,954.549,-6.0851563808485025
202311,174.0,4.0,3.0,12.54454288481406,12.513064576828878,1133.164,-6.115648995918721
202309,80.0,14.0,16.0,11.810240986390248,9.839695419448349,517.085,-6.27185124575107
202403,140.0,43.0,62.0,14.10456019487336,12.753236948761852,1397.683,-4.871956459967388
202403,347.0,42.0,112.0,12.676801012090367,12.676804134821507,564.46,-2.1624388841310616
202212,68.0,11.0,22.0,14.289887734294894,13.60259328952398,4102.253,-5.138237482207883
202301,35.0,1.0,13.0,12.851978836330117,12.744035695770144,1099.282,-2.60771871543789
202310,732.0,258.0,163.0,15.068016636323339,13.229794348189905,6180.189,-0.12878104364854792
202303,235.0,29.0,55.0,11.915366003676345,11.479441067652878,485.277,-1.1951915652235252
202306,409.0,156.0,66.0,11.49701963528645,11.051667480839056,1491.035,43.8856084093459
202208,26.0,13.0,6.0,12.270872070129476,12.169553878829754,465.771,-5.265276550053281
202306,297.0,119.0,45.0,7.829630389150193,7.83002808253384,611.592,12.175194927806158
202404,524.0,119.0,141.0,14.963648613195895,13.959125069654922,3794.511,53.20894635629451
202208,145.0,39.0,7.0,12.098687860198034,12.090005012728659,305.185,-6.100037851278107
202208,233.0,11.0,67.0,14.374200774833778,12.451943953539795,3851.985,-3.4028515413295093
202306,68.0,22.0,18.0,11.908239222022017,11.763435125067627,683.717,10.69797143182213
202208,119.0,30.0,30.0,11.820160133462979,11.820167488215805,1014.977,-3.038106073968169
202402,131.0,20.0,44.0,15.473705110196347,14.594799195576531,6830.496,9.46017323362986
202408,35.0,0.0,8.0,12.783618159517292,11.802530686983857,1636.536,-0.3888305642241443
202306,204.0,14.0,81.0,14.818195476405227,13.832343092624324,7408.098,1.1906070617284366
202210,318.0,43.0,117.0,13.325407073254443,13.307612311910706,1978.669,5.044799498068629
202210,409.0,117.0,63.0,11.266654013763995,11.232986669156219,585.903,2.034891970098874
202212,126.0,14.0,50.0,15.19011207343352,13.978498927257943,3416.811,16.601872875196882
202301,561.0,126.0,98.0,12.974554545481663,12.92109139009135,825.825,3.1271340288944938
202210,51.0,20.0,9.0,10.358314090182017,10.054318442238712,474.845,-4.216364248800169
202401,66.0,20.0,23.0,14.860402750292463,14.480023668585934,9418.39,-5.158201050039138
202402,29.0,11.0,2.0,13.35541607060464,13.129513752433162,2385.028,-5.031079416047335
202207,41.0,5.0,17.0,13.135599393585617,12.926448245194,1964.477,0.5479241396131735
202207,184.0,24.0,63.0,13.241173441042434,12.801753072551394,2551.961,18.101122056437433
202212,181.0,39.0,82.0,13.893312911764301,13.804085540294807,1648.106,23.917530529825406
202210,412.0,219.0,118.0,15.060056141758974,14.844680588472078,6517.813,19.013610032581006
202211,404.0,35.0,167.0,14.136542054697454,14.083976171289741,3020.282,-6.165341007558852
202208,208.0,23.0,59.0,12.684586832028556,12.285996884648126,1986.768,2.010899131590353
202208,17.0,3.0,3.0,13.110400101936857,11.843084960963228,1184.83,-6.143187697190844
202303,90.0,9.0,31.0,12.46110626016646,11.704801234568995,247.468,-6.192961555073656
202410,14.0,1.0,5.0,9.271059107010888,9.271153211372695,30.37,-6.2918148135823255
202207,300.0,46.0,60.0,11.662611909195165,11.47464191254462,651.012,-4.296617231916073
202212,279.0,7.0,5.0,10.570573058768215,10.504683904348164,93.06,-6.276933343152721
202212,53.0,8.0,16.0,12.529289560112314,11.122265222006739,190.781,-6.237605966362469
202303,174.0,17.0,32.0,13.580794047547432,13.030811526226897,2405.927,-3.193496083443104
202303,56.0,1.0,1.0,10.98816993567074,10.98818683598424,1689.822,-5.780409580771076
202303,265.0,47.0,64.0,14.090399901273548,13.484382217262773,2577.285,-1.002154974640141
202312,46.0,25.0,8.0,13.31456265515469,11.669604374700606,588.976,-2.402497148345576
202404,219.0,43.0,84.0,13.776613792334327,13.536252900272387,1634.823,4.864773966773923
202311,58.0,4.0,11.0,14.7030169676098,12.23040421734341,7293.11,-5.319485397273138
202307,95.0,14.0,57.0,12.60167595219966,12.596589922724545,748.094,-6.271039005393656
202309,39.0,1.0,14.0,11.770076162384832,10.226150593883155,100.114,-6.271039005393656
202405,256.0,29.0,98.0,14.162419570047298,13.600612915503914,1914.06,-4.274891022160334
202208,62.0,3.0,34.0,14.04439281138382,13.681588231792333,2131.132,-6.134200564520304
202410,710.0,226.0,170.0,10.565402030664975,10.565427823471362,1104.31,22.805817794934647
202207,62.0,14.0,2.0,7.920446505142607,7.9208096792886,287.83,-6.271039005393656
202212,121.0,27.0,47.0,11.669980494516295,11.669989041050036,505.246,-6.276933343152721
202307,953.0,258.0,193.0,13.342568214925864,13.212052333145047,2782.974,35.29408690366758
202405,105.0,18.0,26.0,11.91491788359942,11.630050506418117,233.025,0.7680188359964326
202410,145.0,16.0,58.0,11.972815625056466,11.966532908404407,1084.546,-3.3540507564660946
202210,196.0,46.0,92.0,12.534653109583878,12.383226707122395,1174.01,-5.265276550053281
202311,20.0,9.0,1.0,12.620494191403429,12.397593426084466,1594.101,-5.122626337567269
202306,701.0,387.0,116.0,14.19535217034477,14.006137529121315,4744.227,43.175014108411055
202301,84.0,7.0,10.0,13.315199462297892,12.422457407599829,1847.23,-6.2867327161806745
202303,109.0,24.0,24.0,13.43807298321627,12.559331762167737,1295.205,-6.237605966362469
202312,54.0,8.0,5.0,12.570514349947729,12.109264344101828,1051.107,-6.194456120449732
202312,28.0,12.0,5.0,11.880744086846118,11.79748767571073,881.974,-2.1438873155294784
202301,198.0,21.0,79.0,15.271011667697772,14.742017327962552,4154.384,17.187116713874886
202211,17.0,7.0,9.0,10.647351611387782,10.302062309939538,242.939,-6.2918148135823255
202307,115.0,2.0,4.0,13.236439997224283,9.423837546238587,950.731,-6.20711335129225
202311,327.0,104.0,53.0,13.238530886578031,13.231850765796594,883.616,-0.3320715124624112
202405,262.0,110.0,113.0,12.312210359091452,12.291667603204745,868.149,0.36590500164775364
202405,54.0,21.0,13.0,9.988701481750608,9.988747396486952,158.495,-5.030349741836326
202307,560.0,125.0,99.0,11.380216591127226,11.272126978417297,714.032,3.1271340288944938
202301,22.0,7.0,11.0,12.248015611527073,12.109501170627507,244.977,-3.3748265646547635
202303,60.0,2.0,10.0,14.17615471414748,13.442941396080071,2582.894,10.711407695471562
202303,110.0,3.0,21.0,11.556770086746646,11.556779657727432,186.753,-6.2918148135823255
202311,36.0,18.0,10.0,13.74938998604405,13.53209404174509,3985.146,-6.00779446309766
202212,652.0,290.0,156.0,8.641709066113805,8.627302414096267,1852.341,12.779100144912695
202403,200.0,0.0,0.0,11.440387029679629,9.05122740031911,199.641,-6.20711335129225
202311,1177.0,550.0,167.0,11.72036230924258,11.64022749534341,1954.939,17.863096643788055
202407,124.0,35.0,52.0,13.05479948444107,11.460568447134703,1900.108,9.747246737318589
202404,29.0,4.0,11.0,13.820159733778386,13.495593131165665,1377.466,-4.029702591448098
202306,72.0,24.0,5.0,11.021166903921463,10.941889716805212,257.037,-4.283230326862545
202210,217.0,34.0,53.0,11.891060485406436,11.637185258850824,1014.27,20.496786406535207
202401,159.0,36.0,64.0,13.344801079665697,12.545444246358448,1005.347,-3.278197545733179
202207,236.0,43.0,58.0,11.901935935006431,10.958182784137781,660.699,2.2110979647431854
202207,249.0,13.0,65.0,10.980825130925382,10.921251253340916,570.056,-6.2918148135823255
202309,379.0,171.0,110.0,12.072735519748912,12.01195377325658,6404.838,14.889861016145124
202406,27.0,6.0,9.0,12.570107935541865,12.260115655981053,795.498,-4.313722941932763
202311,84.0,13.0,18.0,10.821237219646527,10.821257190289682,119.503,-5.851625420815807
202210,23.0,5.0,1.0,13.490146002010468,12.782601736620359,1896.72,-5.12770843496892
202208,66.0,7.0,19.0,14.356437943338808,13.760089809978748,3057.057,6.412393252538516
202207,62.0,1.0,11.0,13.49796703747833,12.696127033049757,3129.413,12.656066528089939
202303,164.0,40.0,26.0,11.917863767674122,10.076305761898272,1706.619,-3.2418931590503
202301,104.0,18.0,25.0,12.83481996200588,12.151104184932377,329.062,0.7680188359964326
202410,219.0,44.0,82.0,14.287154091831097,13.301931146001662,5679.6,24.66006518111248
202402,131.0,12.0,24.0,14.970200361696856,11.226376084114381,894.515,-6.2918148135823255
202410,111.0,11.0,44.0,12.605549861943855,11.901502095520234,880.455,-4.305604364586613
202212,23.0,5.0,14.0,12.19827230179744,11.999140722763501,561.858,-6.2918148135823255
202308,2.0,0.0,0.0,8.173857454773621,0.6931471805599453,5.797,-6.2918148135823255
202310,367.0,72.0,105.0,10.1093221647277,10.077314801294376,315.254,1.2817470255865828
202210,22.0,7.0,11.0,10.818277158284015,10.713639688348616,178.296,-3.3748265646547635
202210,379.0,25.0,76.0,13.546790236495442,13.38156418186596,2335.94,31.615290969072568
202212,16.0,4.0,2.0,12.546437296866731,12.128143535966974,869.554,-1.4152862616067843
202211,16.0,6.0,4.0,13.33895752814038,13.075275962733805,1486.592,-6.258381774551138
202408,730.0,258.0,162.0,14.8043448103041,13.200673508109753,9494.061,-0.19270669774995408
202303,396.0,17.0,16.0,12.6821422147058,12.341953151825376,1098.728,-6.250263197204988
202404,202.0,81.0,42.0,12.023963066267395,12.023969064977672,300.812,-3.0700304059814294
202404,153.0,5.0,35.0,11.694438361553297,11.694446701593414,271.152,-6.2918148135823255
202207,99.0,0.0,11.0,9.169310022418191,9.169414205363537,60.121,-6.2620518727231165
202406,25.0,5.0,7.0,10.955636966793897,10.951928723957874,430.188,-6.227889159480919
202311,324.0,21.0,22.0,11.33891725633973,11.338929156922264,180.255,-6.2918148135823255
202301,132.0,36.0,53.0,14.70439556007194,14.644244891624439,5342.799,5.881125920584308
202409,29.0,6.0,1.0,7.990576881743923,7.9909154630913255,67.804,-6.250263197204988
202211,57.0,15.0,22.0,13.881865553313178,13.710400011061655,4085.924,-4.204423202331534
202303,107.0,21.0,14.0,11.350712371052925,11.35072413209213,142.78,-6.2918148135823255
202405,275.0,90.0,76.0,13.147695785282039,13.075881646750842,1117.678,-4.795373575023463
202404,195.0,1.0,3.0,11.258471828813903,11.10914393884225,75.91,-6.208711580827649
202401,48.0,20.0,11.0,12.967646870860655,12.961290460749407,848.699,-6.163963505379513
202210,285.0,80.0,42.0,11.177214938174416,11.12480408117969,537.55,-4.23646438508353
202405,252.0,45.0,111.0,12.579276235682197,12.438802104867975,839.319,-6.276933343152721
202307,27.0,13.0,8.0,10.715372868055429,10.715395068816916,165.23,-6.2918148135823255
202406,36.0,18.0,10.0,13.771997445632527,13.485985136253682,4451.897,-6.00779446309766
202408,247.0,97.0,61.0,6.354370040797351,6.3561076606958915,492.498,-3.119074589653231
202307,144.0,82.0,25.0,11.649961957548499,11.648618270059007,555.838,-6.227668432124859
202309,62.0,20.0,22.0,13.416584026695693,12.310765938644536,3908.29,-2.23096604016187
202303,138.0,25.0,63.0,12.896606414101967,12.814424174385403,511.332,-6.276933343152721
202407,406.0,32.0,171.0,13.949226433570765,13.896783585407038,4168.501,-6.165341007558852
202401,495.0,16.0,11.0,12.97993769040949,12.767897420427829,1878.208,-1.5809287119617998
202410,276.0,34.0,23.0,11.026027933981522,10.938005665774932,191.564,-6.021230726747096
202212,230.0,19.0,31.0,12.963773190867522,11.921066988281801,412.501,-6.271039005393656
202301,204.0,14.0,81.0,15.944481990148542,14.529780572395437,8357.971,1.1906070617284366
202210,128.0,37.0,44.0,12.06105265381003,11.785148662359465,689.326,-3.1212988292403168
202210,23.0,8.0,3.0,10.272219517588072,10.272254097528252,106.253,-6.2918148135823255
202210,442.0,173.0,108.0,11.800267479608905,11.77500507354246,1162.625,30.4857922281044
202306,39.0,6.0,20.0,12.34316145304437,11.96291769512847,751.962,-0.3939126616257953
202307,297.0,119.0,45.0,7.749322464660356,7.749753406274437,688.197,12.175194927806158
202308,4.0,1.0,2.0,10.087807111992756,9.346966969508008,328.936,-6.2918148135823255
202404,40.0,4.0,20.0,13.666577741380674,13.440283147809394,2028.424,-5.094275395937732
202301,124.0,36.0,51.0,14.86060180950972,12.21027380827472,2004.723,9.747246737318589
202303,54.0,23.0,19.0,10.855396362012028,10.832161297455611,122.362,-6.2918148135823255
202406,153.0,5.0,35.0,11.591468587289008,11.591477831868218,264.575,-6.2918148135823255
202210,473.0,182.0,89.0,10.968543057675396,10.964519115868827,786.373,11.848983662786301
202212,41.0,5.0,17.0,13.693198280761377,13.495061462429586,1819.308,0.5479241396131735
202301,175.0,39.0,35.0,13.424863616518858,12.221896780877058,925.984,-5.255559743171732
202408,546.0,140.0,149.0,10.461358962786202,9.208638925336425,1096.932,21.830354030983436
202303,191.0,49.0,50.0,13.137062809443009,12.93806787365836,946.993,17.815260599823134
202301,9.0,0.0,2.0,12.82403011522183,12.82403281043984,600.046,-6.163963505379513
202308,66.0,4.0,7.0,10.193990642174612,0.6931471805599453,64.716,-6.2867327161806745
202405,99.0,32.0,42.0,11.356482159083086,11.085214747914744,696.118,3.5751625297090346
202210,144.0,18.0,62.0,13.324727728730435,11.490955891541232,1903.721,-2.3817213401569073
202207,153.0,5.0,35.0,11.494140120066813,11.494150309643894,291.205,-6.2918148135823255
202303,261.0,91.0,78.0,12.18455274456325,11.910916041569859,562.934,-5.112826964539315
202307,66.0,3.0,16.0,13.421268732538444,12.892950213076524,2184.677,13.636451673312243
202409,38.0,6.0,5.0,7.5480289699350145,7.5485559791698735,191.496,-6.2918148135823255
202208,26.0,12.0,8.0,10.700161067671738,10.700183608724632,219.671,-6.2918148135823255
202303,106.0,27.0,16.0,11.644813007212756,10.98852478228779,199.187,-3.359945094225159
202210,134.0,22.0,42.0,11.668218349376264,11.130888756037155,608.334,-6.19622541548757
202401,773.0,76.0,188.0,13.020168955489064,13.020171170684195,828.404,-4.182696992575795
202309,43.0,8.0,6.0,6.98100574072173,6.981934677156389,22.434,-6.271039005393656
202303,58.0,5.0,19.0,12.391082252943416,12.243267269087886,537.106,-6.246220000726442
202306,380.0,25.0,76.0,13.676934462195018,13.494860291226702,2426.217,31.67921662317398
202303,98.0,2.0,16.0,11.553385794097439,11.553395397523941,175.309,-6.270900844183999
202303,143.0,12.0,78.0,13.634723423342267,13.50066966766972,1570.855,-6.097838814997305
202301,162.0,17.0,19.0,11.650598270095301,11.335137615376816,118.184,-6.276933343152721
202212,139.0,44.0,60.0,14.411267597098679,12.539873459935514,1506.667,-4.871956459967388
202208,174.0,66.0,89.0,13.761742625236048,13.719162639895805,3158.102,3.748932739025399
202308,21.0,5.0,7.0,13.46552036407212,12.136883326177175,1865.711,-6.2918148135823255
202408,13.0,6.0,4.0,13.167026943630141,12.407387678816661,1307.222,-6.2918148135823255
202407,71.0,7.0,47.0,11.953146204368668,11.953152643290663,896.775,4.403808765818736
202210,75.0,27.0,28.0,11.374352815106288,11.327884213156308,770.083,-6.153716744429807
202303,67.0,20.0,10.0,10.30788542468387,10.11058301942873,55.691,-6.271039005393656
202310,409.0,126.0,188.0,14.444036013925336,13.594680578278089,6969.929,10.187557618035198
202402,17.0,4.0,7.0,13.023609876167175,12.679520337178465,1847.693,-6.275982941585651
202303,260.0,27.0,37.0,12.228577500870243,11.920953951481552,477.379,-4.2266590788459455
202307,74.0,10.0,26.0,11.459471944236139,10.770693076719791,571.751,-1.3020236664292817
202301,32.0,12.0,9.0,9.419628376999952,8.426830751335846,145.587,-6.0717201171990665
202406,4.0,0.0,2.0,13.57044598714468,13.47321037178809,128.151,-6.227889159480919
202207,106.0,29.0,34.0,14.239769942015972,13.592423255068093,5253.49,-4.971539392687067
202406,92.0,16.0,25.0,10.96311643322519,10.757221797744021,392.981,-6.152904504072394
202306,17.0,4.0,7.0,12.61639261636452,12.315523285215026,1410.315,-6.275982941585651
202312,698.0,384.0,119.0,15.04429460199045,14.63723167574761,5045.397,43.16993201100941
202408,181.0,42.0,55.0,12.815490330558587,12.452088617304316,1439.124,20.104104962802445
202210,91.0,33.0,13.0,10.843553403061053,10.84310410971378,209.245,-1.3662420779349826
202311,435.0,237.0,97.0,11.893927100900019,11.870690814200973,834.163,-3.303245858364916
202310,37.0,6.0,8.0,13.105868074875131,12.578167095496502,908.65,7.5408917111295555
202301,153.0,38.0,44.0,14.23467539478395,14.23061703831172,2017.091,10.74701561549393
202301,126.0,16.0,88.0,12.597087178525538,12.59709056037145,474.272,-6.256157534964052
202301,187.0,73.0,55.0,13.631600940869793,13.332967841926337,919.67,-5.319485397273138
202306,2.0,0.0,0.0,13.646325932582927,13.585472040911501,931.139,-6.2867327161806745
202408,55.0,15.0,19.0,11.82723973122268,11.82052780485714,862.774,-6.160479637513261
202303,16.0,0.0,1.0,10.757413399213553,0.6931471805599453,1206.491,-6.227889159480919
202307,27.0,6.0,12.0,13.224076649949797,13.050291484879116,3007.088,-3.359945094225159
202406,13.0,3.0,7.0,12.134576643825104,12.134582014379962,1279.032,-6.227889159480919
202401,84.0,9.0,13.0,12.33843773328551,12.235296440206639,428.579,-5.319485397273138
202405,20.0,9.0,1.0,12.38054682537922,12.14739955573579,1630.572,-5.122626337567269
202308,235.0,17.0,19.0,11.343346376985751,11.147959099141943,413.39,-4.3263801727752815
202303,62.0,3.0,33.0,14.273630100355307,13.759321086312896,1657.944,-6.129118467118653
202404,89.0,34.0,31.0,13.105365732464326,12.861658135996729,914.683,-3.341393525623576
202310,412.0,176.0,152.0,13.027071997423286,12.268699966487628,2187.852,7.651948412724895
202403,181.0,24.0,38.0,13.518417675758306,13.077200725848149,951.86,-3.9502639488928804
202403,56.0,18.0,29.0,13.825489601276523,13.818928709422742,1661.782,-6.19812621862171
202303,77.0,18.0,16.0,13.309680767548908,12.860052711500408,1561.779,6.369243406625779
202210,95.0,16.0,28.0,12.738464047210725,11.557219823849403,1852.266,15.483328385828434
202301,25.0,14.0,10.0,13.294595877056402,13.287608288037111,1702.003,-6.2918148135823255
202405,5.0,1.0,0.0,10.471553253474193,0.6931471805599453,325.208,-6.163963505379513
202402,296.0,30.0,113.0,14.325876676173754,14.158684573130676,2781.326,13.384995358681413
202309,5.0,4.0,0.0,9.326611153641569,9.326700173092378,247.825,-6.227889159480919
202404,270.0,39.0,94.0,15.027718460596477,14.109272112855978,6152.784,-2.3690641093143885
202410,84.0,12.0,29.0,13.444491803100462,12.661527198383252,1639.831,-5.303653525276463
202303,101.0,10.0,17.0,12.993681919097753,12.695667482665758,535.789,7.335678485175901
202405,580.0,248.0,165.0,12.308769115768087,12.26694194329336,1137.766,8.059934435594464
202405,31.0,7.0,8.0,12.185160502949488,11.991994132323025,328.69,-6.1422507854609
202208,53.0,22.0,19.0,10.704614316001061,10.702525108353505,204.227,-6.2918148135823255
202401,41.0,11.0,10.0,12.774322481142027,12.423741236564114,1593.103,-5.260056291441973
202308,43.0,8.0,6.0,7.1204443723924875,7.121252453244542,30.136,-6.271039005393656
202303,100.0,22.0,21.0,11.68817205309222,11.617483658854,354.903,-6.227889159480919
202207,11.0,1.0,0.0,5.19295685089021,5.198497031265826,0.394,-6.2918148135823255
202303,71.0,7.0,47.0,12.198161434258838,12.198166473959077,617.191,4.403808765818736
202303,139.0,53.0,62.0,14.467136020087606,14.362321860104348,3918.804,-6.149082034949909
202307,54.0,22.0,12.0,13.029969540933823,12.357453779417492,1384.997,-5.035244319432413
202210,190.0,40.0,32.0,12.636311663736986,12.478166348215181,825.564,-1.3633016539740135
202402,285.0,76.0,114.0,14.101146538597117,13.701454568235519,1946.433,-5.216507096043242
202307,261.0,62.0,96.0,13.49409105829869,13.035798446197495,2600.895,-4.347155980963951
202207,59.0,12.0,16.0,11.968513182481603,11.968519523213514,320.405,3.431479349509548
202405,150.0,62.0,27.0,11.447842795810972,11.447853468226514,354.314,-3.9888806492817697
202406,475.0,111.0,131.0,13.912288750619355,13.767753110359477,5880.191,61.20972630883035
202309,65.0,1.0,7.0,10.763673433025511,6.762729506931879,111.829,-6.2918148135823255
202308,27.0,2.0,2.0,9.235520670506482,9.23561817916045,45.983,-6.2867327161806745
202406,41.0,6.0,21.0,12.305804851929148,11.833406231173395,750.814,-0.3939126616257953
202311,409.0,126.0,188.0,14.600122808085235,13.691266192804656,6470.82,10.187557618035198
202309,327.0,44.0,71.0,12.916089234133121,12.796591685205204,1452.954,-6.256157534964052
202303,284.0,88.0,103.0,13.998221205719188,13.59545971928031,1677.111,7.814416221925754
202402,135.0,1.0,2.0,9.278092474027002,9.27818591887125,29.686,-6.2918148135823255
202210,258.0,81.0,25.0,12.62707640111898,12.577008418741103,745.419,23.23707268158649
202404,76.0,11.0,40.0,13.255984765979095,13.007535969573578,1116.671,-5.155260626078169
202401,6.0,1.0,2.0,13.853812580019317,13.85381354244108,1748.463,-6.148131633382839
202210,54.0,22.0,10.0,10.859902435494437,10.85969106572145,358.471,-6.237605966362469
202407,177.0,19.0,64.0,13.596818334772655,12.881025305097623,2390.506,-3.223259024302313
202207,14.0,0.0,6.0,12.425457140436425,12.169719816064376,428.289,-3.307960486592388
202402,115.0,15.0,62.0,14.414092631084532,14.221740706687559,2258.381,4.752514633444225
202402,520.0,252.0,89.0,12.269122559241286,12.25373836822837,1478.879,3.9417094614925983
202301,312.0,76.0,122.0,14.581869166044738,14.409982051749282,3675.539,46.90986567628593
202303,57.0,10.0,20.0,13.193447926474372,12.043977155780897,1883.57,-6.276933343152721
202401,99.0,9.0,10.0,11.79862306966774,11.546592322440713,149.706,-6.271039005393656
202403,109.0,17.0,41.0,14.151105266813449,13.298532714713085,2211.464,-6.271039005393656
202312,333.0,113.0,74.0,13.97320979136418,13.944391780286692,2248.797,-2.6820414920359474
202208,426.0,148.0,68.0,11.459461395100904,11.378284885997331,1190.14,3.147520303791616
202308,3.0,2.0,0.0,9.610323816515109,0.6931471805599453,11.006,-6.2918148135823255
202210,28.0,8.0,10.0,12.412790022908629,12.364199694825482,1353.493,-3.3109009105533573
202303,14.0,1.0,1.0,13.291359882040078,12.935093598326324,1375.561,-5.319485397273138
202303,1.0,1.0,0.0,12.723562017128426,12.723564997199203,2830.38,-6.2918148135823255
202211,170.0,48.0,68.0,12.506984319609904,12.361425459647238,979.739,7.184917505250491
202208,345.0,64.0,60.0,13.316681025840632,13.239314066756615,1230.286,6.344672656934748
202308,193.0,20.0,32.0,10.930621741236532,10.70283989194239,302.039,-6.152904504072394
202303,13.0,6.0,4.0,12.835464997785083,12.625417647365712,941.213,-6.2918148135823255
202210,32.0,11.0,9.0,9.433643910491758,8.430981494597171,93.668,-6.0717201171990665
202303,210.0,34.0,57.0,12.877196585055259,12.75186765063876,1006.494,1.743522893459776
202210,194.0,55.0,27.0,12.0477507783841,11.991294010547591,669.768,-1.1045957651743858
202401,279.0,105.0,54.0,11.927574934083886,11.740483259162858,646.811,-3.3020254496384642
202301,80.0,7.0,18.0,13.781445889537503,13.759426860527357,923.198,-6.00779446309766
202406,149.0,26.0,12.0,13.272672975427259,12.89759851247122,2627.392,-6.22494873551995
202310,335.0,154.0,82.0,13.135853968786828,12.876130302865088,2027.073,6.888483322731693
202301,7.0,1.0,1.0,12.435567981481798,11.19630879542033,1096.389,-6.2918148135823255
202410,126.0,19.0,10.0,12.752545296742307,12.734466048236886,327.756,-6.258381774551138
202405,644.0,59.0,224.0,14.16256234752178,13.334481572232324,2250.51,32.537189771194676
202307,11.0,0.0,0.0,14.794475198666438,12.951537096035707,4973.874,-6.227889159480919
202311,14.0,6.0,2.0,13.025012917643659,12.958869855498559,1229.608,-6.079262043089438
202301,175.0,36.0,25.0,13.870896067804944,13.517970723708013,1137.017,-5.092051156350646
202405,132.0,22.0,42.0,11.98707673086684,10.988338925954201,538.457,-6.19622541548757
202404,90.0,22.0,15.0,12.792018728711627,12.594723855637957,363.033,-2.3690641093143885
202312,162.0,50.0,30.0,14.772102572811955,13.435963165359896,1878.867,9.270863909721115
202405,330.0,101.0,66.0,11.956084480230723,11.94776165543629,573.609,-1.0324952187598528
202312,4.0,0.0,3.0,13.636832356085119,13.636833551720333,1165.286,-6.227889159480919
202306,131.0,12.0,24.0,13.53275897730336,9.883998875952265,794.681,-6.2918148135823255
202306,879.0,406.0,170.0,12.831799824137958,12.823992381406937,2163.377,17.542034634927298
202309,8.0,0.0,2.0,10.331268467127707,7.3031700512368,119.485,-6.275982941585651
202408,59.0,4.0,11.0,15.279353750400757,12.57560310213236,11459.387,-5.319485397273138
202303,1.0,1.0,0.0,12.756497756859208,12.756500640378023,1984.906,-6.2918148135823255
202303,117.0,18.0,58.0,12.01350073288005,12.009205817294184,608.802,-6.2867327161806745
202309,8.0,1.0,2.0,6.52795791762255,6.529418838262226,58.592,-6.258381774551138
202208,323.0,57.0,77.0,11.63527583224769,11.037306096938858,1147.761,-6.2918148135823255
202409,127.0,27.0,16.0,9.936680519891892,9.504501410525673,150.209,-5.304603926843534
202409,65.0,1.0,7.0,10.605197963756561,6.725033642166843,127.874,-6.2918148135823255
202210,263.0,53.0,42.0,13.843747127217629,13.743888877040742,3122.861,20.03089373869583
202312,113.0,25.0,58.0,13.083181703489007,12.593733528206348,1723.677,-5.95730507264569
202312,191.0,52.0,102.0,12.014130963359221,11.999681731881635,719.182,-6.2918148135823255
202406,91.0,17.0,10.0,10.631277676539613,10.631301825004375,113.035,-6.2918148135823255
202208,522.0,107.0,186.0,13.525626061957293,12.98011755274611,5342.492,32.470905486916244
202408,238.0,21.0,52.0,13.055924384847758,12.137858042542284,1688.815,-6.2918148135823255
202310,188.0,0.0,1.0,13.313654586323418,12.73162923389616,3579.639,-6.19812621862171
202210,13.0,5.0,0.0,12.32798934802371,11.534070328319336,652.244,-6.258381774551138
202404,88.0,26.0,9.0,9.20079495913265,9.200895913148184,116.037,1.0334876178795147
202303,61.0,25.0,26.0,11.856437152132644,11.479048050934267,975.183,-6.2918148135823255
202306,61.0,4.0,26.0,13.761373223124988,13.593335287714613,2683.62,2.726434217288661
202211,77.0,18.0,16.0,13.057267901196072,12.623235731384147,1367.845,6.369243406625779
202210,104.0,27.0,15.0,11.461179436535136,11.095954416675863,495.607,-3.3748265646547635
202408,116.0,12.0,14.0,13.598752823849193,13.495211625508349,1918.432,-6.1380230336427894
202406,202.0,81.0,42.0,11.256186349644096,11.256199276638892,258.441,-3.0700304059814294
202212,1170.0,546.0,184.0,13.399311547090639,13.260046639079821,4295.185,34.580634525961734
202301,311.0,135.0,30.0,12.755355229325804,12.202822369099904,689.912,-2.855830047357235
202409,68.0,5.0,6.0,9.760886583937106,9.095826985187422,67.524,-5.319485397273138
202307,278.0,6.0,26.0,12.794939282607906,12.184373921778707,1038.078,-6.227889159480919
202404,357.0,49.0,37.0,14.113981223690473,14.016716837248529,2162.973,-6.057721343735703
202301,16.0,2.0,4.0,12.804661863299625,12.375161197721638,850.068,-4.246856863870388
202308,109.0,19.0,14.0,11.258858681002508,10.162114071095669,331.387,-0.4221810371089276
202210,107.0,42.0,26.0,7.8434564043761155,7.843848638152472,143.923,-5.319485397273138
202303,12.0,0.0,0.0,14.065103616649385,0.6931471805599453,3573.595,-6.2918148135823255
202212,197.0,48.0,40.0,14.910285158786165,13.98642901247682,1779.203,-5.271170887812346
202308,17.0,2.0,0.0,7.027314514039777,5.802118375377063,4.114,-6.2918148135823255
202212,288.0,52.0,145.0,13.92283374631936,13.845319814276472,2760.358,-5.051076191429087
202405,278.0,57.0,33.0,12.646962810856532,12.60108329573448,477.13,-5.205668822092183
202306,130.0,21.0,42.0,14.48302552214443,14.009407362342618,5667.395,9.46017323362986
202303,88.0,29.0,14.0,12.113727066949842,12.113732550653646,191.5,-6.271039005393656
202404,36.0,18.0,10.0,13.965553383527899,13.702398969090135,3896.585,-6.00779446309766
202312,62.0,17.0,34.0,13.169147721737676,12.62205887865323,1777.511,-6.22494873551995
202309,613.0,133.0,226.0,13.59579861195176,12.651354443008662,5105.745,6.6220764870937
202303,260.0,37.0,35.0,12.990852798702118,12.88552396448613,1715.666,0.17982885910427182
202303,229.0,22.0,29.0,13.907732337201784,13.877048644797418,1833.964,5.724084186713993
202301,185.0,27.0,52.0,13.382959926537138,12.836357233133379,1030.31,-5.9579529006140195
202407,23.0,5.0,15.0,11.909464184484044,11.564207759297279,653.045,-6.2918148135823255
202405,132.0,36.0,26.0,10.86845415633432,10.717479742788276,302.712,2.899339325966878
202403,282.0,78.0,63.0,13.99712186258886,13.652931626666428,2306.101,5.85710015846486
202409,29.0,6.0,7.0,12.141358108902786,12.141363443160722,1783.26,3.063564097161848
202212,426.0,148.0,68.0,12.853416696288305,12.82458787052722,984.925,3.147520303791616
202303,92.0,15.0,26.0,11.613223186285593,11.244666862976437,319.424,-6.152904504072394
202308,34.0,1.0,12.0,10.865535281748011,8.842026529498812,214.843,-6.271039005393656
202307,42.0,9.0,21.0,12.340795827691334,11.1985982082334,706.355,-6.2918148135823255
202207,253.0,49.0,64.0,12.575461425055648,12.227109804595973,1444.096,-2.290256984783378
202301,85.0,27.0,25.0,13.801993614302557,12.886007932117888,1483.225,-5.303653525276463
202408,172.0,47.0,71.0,12.059369166337966,12.006517438790189,1414.321,7.184917505250491
202210,934.0,454.0,203.0,12.934099399346739,12.671858015416465,2764.355,30.885800029796982
202401,581.0,98.0,87.0,13.64030919233973,13.334581866969522,931.926,14.038393289406473
202210,184.0,27.0,52.0,12.668588939507352,12.135741378791742,727.072,-5.9579529006140195
202310,5.0,1.0,0.0,10.09352923234522,0.6931471805599453,336.141,-6.163963505379513
202402,35.0,2.0,14.0,14.282565469010505,13.508498866330335,2426.591,-6.143187697190844
202406,22.0,6.0,7.0,12.816093619315767,12.494247096743635,1251.271,-5.158201050039138
202401,317.0,71.0,103.0,15.243996215682278,13.520452012776166,4152.211,24.90548162687338
202406,413.0,109.0,41.0,8.673512945671192,8.67368398817567,252.299,-1.243429188468288
202208,67.0,28.0,14.0,9.393827915410107,9.39391114817057,222.171,-3.906966588197433
202210,309.0,17.0,32.0,13.485953158654683,13.388091209499784,2532.401,-2.4705601782119366
202208,125.0,45.0,15.0,10.311649022192036,9.448805939388178,890.71,-2.335631070283201
202405,77.0,15.0,10.0,12.871810087955184,11.308321488735505,1360.516,-3.2135422174207635
202403,115.0,3.0,2.0,11.343192340336573,11.343204190152012,86.838,-6.271039005393656
202301,179.0,8.0,35.0,10.475116605660943,10.475144835508363,418.289,-4.604992460903505
202301,139.0,53.0,62.0,14.83200276047933,14.691880139436241,5093.593,-6.149082034949909
202409,13.0,4.0,6.0,11.653026480288442,9.834780354526337,374.199,-6.2918148135823255
202301,104.0,14.0,33.0,13.664217790412536,13.60910858115183,1172.219,21.373598235841435
202307,142.0,31.0,65.0,12.454954116569377,11.834291315386718,552.002,-6.276933343152721
202306,312.0,41.0,59.0,13.256262952241462,11.840277668802559,834.267,-3.345063623795555
202210,114.0,12.0,15.0,8.360305435879093,8.360539381370861,244.757,7.320797014746297
202301,109.0,24.0,24.0,14.17034881622805,13.073143721016317,1913.005,-6.237605966362469
202306,57.0,4.0,4.0,9.39091039573133,9.278746404640243,66.946,-6.2918148135823255
202303,375.0,124.0,144.0,12.925971293393593,12.611731068285192,855.492,9.427032952002968
202208,105.0,36.0,45.0,11.314059806115543,11.314072006221684,937.197,-5.099390700889879
202310,699.0,215.0,112.0,10.09950653645368,10.099547635440596,1660.788,11.541046640105423
202403,109.0,12.0,34.0,13.505705568424723,12.767161633487648,1302.245,10.132691126652565
202410,2.0,1.0,0.0,4.0943445622221,4.110873864173311,14.102,-6.2918148135823255
202211,68.0,12.0,26.0,12.0884539713657,12.088459595425428,372.718,6.026219188993528
202409,42.0,18.0,8.0,11.364135391385066,7.938088726896952,311.818,-6.276933343152721
202405,125.0,19.0,23.0,12.056435099509699,12.001940967772327,326.451,-2.302198031252013
202409,84.0,6.0,32.0,10.824885221778429,10.82490511970208,450.515,3.759618194172992
202407,27.0,6.0,12.0,13.147126231430152,12.957903742425895,2874.569,-3.359945094225159
202404,278.0,57.0,33.0,13.203712923100651,13.131432131664205,509.364,-5.205668822092183
202301,222.0,42.0,49.0,12.500084641676825,11.951128781666165,800.154,1.238768548433999
202409,83.0,7.0,17.0,13.712090380853706,11.188496417151331,2460.2,-1.8909931983425112
202303,152.0,34.0,30.0,11.832767323103598,11.832774585716033,440.147,4.951992948269529
202303,104.0,18.0,25.0,12.311450161043501,11.871634339069946,227.579,0.7680188359964326
202309,68.0,10.0,15.0,9.032409163483521,0.6931471805599453,292.479,-6.207041242451429
202406,253.0,149.0,44.0,10.939976179722388,10.939993914463859,307.15,-2.0023458087706736
202407,187.0,32.0,99.0,13.972077459233192,13.86619321595136,4825.874,-5.623970452537256
202312,106.0,22.0,29.0,12.265750937364663,11.646669335019824,459.973,-4.80048887997561
202402,221.0,7.0,10.0,15.099058760791822,12.121086489123497,1797.932,-4.211282151398518
202212,347.0,77.0,90.0,13.627376943839513,12.528496666425328,1240.975,3.6664555163224097
202405,15.0,1.0,1.0,13.325576837299153,12.936823848487485,1387.36,-5.319485397273138
202310,325.0,77.0,125.0,13.488872803901916,13.434567804050904,1767.641,9.570472733394066
202402,27.0,13.0,8.0,11.018842235203824,11.018858625019192,171.035,-6.2918148135823255
202312,106.0,20.0,45.0,11.787864184712141,11.74430699080285,392.71,-6.250263197204988
202208,231.0,56.0,79.0,12.380034355979648,12.369521392613565,1191.244,-6.260874810590354
202309,121.0,42.0,39.0,11.514454295712719,11.135333272776109,1281.046,2.64121008862303
202301,115.0,3.0,2.0,11.648111737525296,11.648120473018917,102.082,-6.271039005393656
202403,76.0,11.0,40.0,13.518576484103884,13.227578882548638,1213.998,-5.155260626078169
202402,25.0,4.0,11.0,13.488250161757495,13.347934380073085,2673.479,-5.319485397273138
202310,36.0,12.0,8.0,8.406261630708956,8.406485069431817,33.783,-6.2918148135823255
202309,330.0,136.0,32.0,10.489494857538169,10.45302414417273,332.866,-4.0570205653641604
202210,96.0,9.0,28.0,12.210238954399589,11.543551658511989,1157.027,-1.4301677320363888
202210,55.0,15.0,19.0,11.855514669026721,11.847667634459409,647.549,-6.160479637513261
202409,1.0,0.0,0.0,11.240867366751376,0.6931471805599453,233.652,-6.2918148135823255
202403,98.0,19.0,44.0,13.137543572999359,13.060836848992386,1064.788,-5.319485397273138
202211,300.0,46.0,60.0,12.212094477848668,11.868338613179446,495.159,-4.296617231916073
202408,180.0,8.0,37.0,9.564512185696797,9.564582358673212,358.383,-4.604992460903505
202303,204.0,59.0,40.0,13.015314771056152,12.186680833837707,862.027,2.899339325966878
202407,326.0,45.0,80.0,12.271073559747586,11.410294553883269,1757.931,-6.194456120449732
202406,84.0,17.0,39.0,12.251313661775761,12.22939847083367,399.619,-6.2918148135823255
202211,17.0,4.0,7.0,12.861138863174704,12.621639888150266,1299.072,-6.275982941585651
202212,115.0,3.0,2.0,11.204441866489002,11.20445547998815,75.144,-6.271039005393656
202309,19.0,6.0,10.0,12.56152434160621,12.380399832331726,2301.831,-6.212057287484245
202404,65.0,19.0,23.0,14.582395999486037,14.233126873548917,7492.268,-5.158201050039138
202310,760.0,135.0,209.0,13.67293496097281,12.85481328976929,3784.043,37.7531977012003
202307,106.0,24.0,24.0,12.80351531854883,12.256751501188905,1244.185,11.291862228475027
202404,22.0,6.0,7.0,12.512199806592262,11.84483731883511,1026.024,-6.2918148135823255
202404,14.0,5.0,5.0,11.709445741163997,11.482146618777644,224.788,-6.258381774551138
202403,125.0,46.0,15.0,13.142064038717841,12.678379869463138,577.408,-2.0396696733299002
202311,266.0,60.0,66.0,9.485848643496254,9.402859753746583,313.693,-4.574499845833286
202308,392.0,124.0,163.0,14.258199515023938,14.193851783672738,3313.783,17.01128474986541
202301,103.0,16.0,30.0,13.084854637987394,13.04319029150015,770.154,-4.211915769625998
202409,59.0,2.0,19.0,13.771494927546712,13.510729799270587,1691.615,11.210114679983045
202210,197.0,21.0,79.0,14.267836350945704,13.969968333489964,2984.872,17.187116713874886
202312,39.0,5.0,8.0,14.802719293734944,14.431462389940245,2482.633,-3.341393525623576
202211,129.0,37.0,45.0,12.40042569938112,11.958277730774835,656.145,-3.1212988292403168
202408,167.0,42.0,43.0,5.298317366548036,5.303304908059076,460.574,-4.2193046727611385
202210,583.0,282.0,96.0,11.38385268935265,11.319401393668281,874.311,28.37666207405414
202207,1.0,0.0,0.0,12.42919619664438,0.6931471805599453,18.934,-6.2918148135823255
202211,207.0,42.0,52.0,13.844494437687981,13.364108835438198,1773.285,0.6132617929442521
202211,70.0,27.0,18.0,12.88637518576131,10.430343993374647,437.436,-6.256157534964052
202402,365.0,74.0,70.0,12.488944417012883,12.488948185087867,606.321,8.973407295587013
202405,527.0,187.0,98.0,12.695173996822005,12.552166304606114,899.247,13.453410942262527
202306,628.0,240.0,145.0,13.483993623528448,13.266764974698045,3755.228,27.44971592485998
202307,110.0,49.0,40.0,12.792758704988259,12.792266375718519,836.557,-6.2918148135823255
202311,375.0,139.0,71.0,11.304079218356843,11.26440000105297,565.94,-1.1104901029334506
202310,337.0,104.0,73.0,11.275606921474713,11.269642979815131,628.554,2.891360483269791
202208,318.0,43.0,117.0,13.685675183783717,13.5787636491122,2775.612,5.044799498068629
202301,235.0,36.0,99.0,14.948635056262981,14.506230795879944,3925.135,21.567585947895616
202407,186.0,27.0,50.0,11.700905979615861,11.561353658874422,821.89,-5.894027246512613
202407,33.0,0.0,4.0,13.95600006168943,13.106786688240112,4535.97,-2.33857149424417
202307,375.0,110.0,74.0,8.85978949474541,8.859931469616097,720.496,2.6501433395606853
202409,18.0,1.0,2.0,11.679998011001445,10.841598482883397,439.469,-6.22494873551995
202408,33.0,15.0,9.0,8.556221578383715,8.556413904569519,95.155,-6.258381774551138
202408,103.0,11.0,51.0,12.902576685527718,12.892270737001912,1164.786,20.75215524807929
202311,75.0,14.0,16.0,12.095062869473649,12.046672377360604,628.801,-6.036112197176701
202301,131.0,22.0,42.0,15.57146114046768,14.647312546513088,7564.614,9.46017323362986
202312,63.0,15.0,2.0,8.73568594451502,8.735846677457582,205.908,-6.271039005393656
202401,104.0,26.0,21.0,14.475418381342465,13.968203318400487,2152.456,11.430209376366305
202306,396.0,17.0,16.0,12.707387181961437,12.357140005379504,1314.082,-6.250263197204988
202410,3.0,0.0,0.0,10.641392970437847,10.00220102547216,463.137,-6.227889159480919
202311,6.0,1.0,0.0,15.312981513518231,15.11436617806026,7250.017,-6.163963505379513
202405,74.0,12.0,6.0,12.018145406215385,11.70776007264412,466.416,-6.2918148135823255
202307,527.0,159.0,190.0,12.839599855692402,12.83775391298739,2025.397,-4.053854132642224
202309,143.0,28.0,35.0,13.070509926158214,10.85634162371733,2401.865,-4.347155980963951
202303,27.0,6.0,12.0,13.28185121778934,13.095146331110776,1897.829,-3.359945094225159
202301,115.0,2.0,4.0,13.874292541989465,10.405807102008175,1131.739,-6.20711335129225
202403,68.0,6.0,30.0,13.253112653529257,12.863794700571923,1628.823,-6.271039005393656
202403,162.0,50.0,30.0,14.901531574896053,13.732456069428553,1707.0,9.270863909721115
202210,114.0,2.0,4.0,12.555394118853561,10.098684201799387,704.17,-6.20711335129225
202405,181.0,122.0,26.0,12.862109684113737,12.809524851471288,980.82,-5.999504516991357
202212,87.0,8.0,41.0,12.077079510845802,12.007963111935606,281.061,-6.186337543103582
202409,429.0,54.0,80.0,12.7765831555818,11.21923873391915,2395.066,-1.1805591735326821
202308,91.0,16.0,8.0,8.478660241699453,8.288031567776464,92.327,-6.271039005393656
202303,116.0,13.0,13.0,12.936985153760471,12.782784319608345,1209.091,-6.1380230336427894
202403,561.0,68.0,97.0,13.15970925723236,13.066442550378978,2314.817,-5.007106295252184
202406,172.0,14.0,69.0,13.279331228133767,12.967707570021625,2442.758,12.740767990380013
202303,375.0,56.0,85.0,13.619382528951522,12.930696690586235,979.558,-6.000710953668257
202301,107.0,21.0,14.0,11.465278147502655,11.46528863545462,181.965,-6.2918148135823255
202405,167.0,8.0,1.0,12.35763426233871,8.989818381366925,1061.986,-6.2918148135823255
202311,181.0,50.0,50.0,11.20386993210969,11.197748858209055,420.666,-4.5469611445611635
202208,102.0,43.0,12.0,11.53046081805929,11.375948141941405,473.458,-6.227889159480919
202301,22.0,6.0,7.0,12.766342505228303,12.082853611571034,1348.008,-6.2918148135823255
202410,32.0,7.0,6.0,12.122011457903739,11.749182655429822,410.295,-6.2918148135823255
202402,391.0,113.0,156.0,15.222416042988275,13.798651234895418,4511.538,2.725789844006572
202212,140.0,26.0,63.0,14.033104337745762,13.892682687930698,570.182,-6.276933343152721
202308,303.0,11.0,60.0,12.671299257977987,10.904615633245662,2045.31,-3.8096078950648393
202407,4.0,0.0,0.0,13.510560243945973,11.490076401997507,6976.69,-6.275982941585651
202303,171.0,25.0,81.0,13.765049548710293,12.731859785536313,1918.288,-6.2918148135823255
202307,249.0,80.0,43.0,10.057366766948556,10.043684183029411,292.306,-3.831843771579251
202403,167.0,7.0,2.0,12.350861064414397,10.095181715576748,1083.592,-6.2918148135823255
202301,340.0,169.0,36.0,12.933128377741301,12.76252343012244,1475.147,-5.222126704140544
202208,9.0,0.0,0.0,14.082508684873014,0.6931471805599453,5473.072,-6.2918148135823255
202409,9.0,1.0,1.0,6.628041376179533,6.6293632534374485,8.051,-6.2918148135823255
202308,14.0,3.0,4.0,11.015460192906074,10.712838744972538,116.874,-6.271039005393656
202403,455.0,189.0,58.0,13.202386392576276,13.017178401893984,649.226,16.63319744833789
202208,82.0,9.0,14.0,13.06990097882809,12.096726419694006,3206.665,-2.182402451962317
202308,117.0,6.0,3.0,9.400216653174247,9.40029935589935,144.451,-6.256157534964052
202210,39.0,6.0,10.0,13.096694738655353,12.703347875987566,3428.199,-6.213007689051315
202211,92.0,9.0,22.0,13.902246813778211,13.150923623001665,2500.796,-4.347155980963951
202410,94.0,14.0,6.0,10.873451743956059,10.782055648578622,207.427,-6.2918148135823255
202406,6.0,3.0,2.0,10.229079383061112,10.229115487402662,398.254,-6.2918148135823255
202301,74.0,26.0,20.0,11.345074699404728,11.308358299228955,192.702,-5.319485397273138
202309,44.0,1.0,7.0,9.756320761816548,9.07954808172616,39.916,-6.2918148135823255
202207,196.0,46.0,92.0,12.527402237394172,12.427482695198233,1481.064,-5.265276550053281
202402,58.0,6.0,19.0,14.354308288943562,13.383026195232063,2513.922,-5.319485397273138
202406,560.0,125.0,101.0,11.823156390386215,11.761923880028464,556.359,3.1271340288944938
202207,283.0,76.0,58.0,11.196706734376258,11.19672045358521,405.562,-5.219902464553458
202308,18.0,1.0,0.0,11.313925595123461,5.424950017481403,576.446,-6.271039005393656
202306,223.0,73.0,39.0,10.311781987654452,10.31181522625777,329.674,3.0051592346599776
202312,110.0,16.0,25.0,13.737841946559334,13.164761728820945,1576.644,11.274040334084452
202210,50.0,2.0,21.0,13.27053507583498,11.826786849205313,857.201,-6.227889159480919
202405,51.0,12.0,9.0,9.426982836948033,9.42706335548747,131.255,-3.3748265646547635
202303,20.0,2.0,3.0,14.713330551184661,12.3182041859737,1199.756,-6.031766427099414
202210,110.0,23.0,47.0,11.200048653883892,11.200062327321188,406.107,-2.7145424755049867
202407,247.0,31.0,91.0,10.883297536269366,10.636888566243218,325.867,-5.807709751409733
202311,6.0,3.0,2.0,10.288647907303929,10.288681923801933,417.558,-6.2918148135823255
202410,127.0,35.0,38.0,11.542523101409172,10.836812376966062,352.772,-3.222087895379182
202303,68.0,3.0,14.0,12.604429214401044,11.53321816823799,665.095,-4.3313241089672765
202210,494.0,114.0,131.0,13.932078633633365,13.718577762430785,5234.618,75.03735073614058
202309,60.0,5.0,14.0,9.788918097792992,9.296242800976886,137.422,-6.256157534964052
202208,133.0,24.0,30.0,11.826713784506488,11.722408129826556,574.925,0.8958701441992449
202207,646.0,106.0,148.0,13.674611519340148,13.605872890215618,1765.94,-4.284828556397944
202211,36.0,7.0,17.0,11.855990208897635,11.714894408252961,365.092,-6.234431325208313
202408,426.0,105.0,101.0,12.908546199946363,11.352639335036887,1474.242,8.692327369063316
202211,315.0,23.0,101.0,15.085075578096522,14.145744807307192,7515.891,-1.0619548661165972
202210,252.0,84.0,48.0,12.243840380544851,12.100901000923976,736.813,35.56444816749319
202303,310.0,48.0,112.0,12.984791834352079,12.732388671121736,1361.255,11.029000819636481
202303,227.0,74.0,41.0,10.4069259578681,10.383936439643403,298.296,-2.8305867621847476
202406,648.0,98.0,168.0,13.080711872268585,12.980631596169893,1845.783,124.91063733626005
202307,62.0,33.0,5.0,11.035260562977644,11.02539310117353,228.091,-6.119471465041206
202211,258.0,56.0,144.0,11.667438936123611,11.667447504406399,764.483,-6.271039005393656
202404,16.0,5.0,2.0,11.492630916700763,11.17111098393834,452.159,-3.296019440123753
202410,20.0,4.0,7.0,13.36697875036967,11.942868528485217,1405.652,-6.2918148135823255
202408,45.0,7.0,36.0,10.418972305682843,10.41900216578825,312.218,-6.2918148135823255
202311,23.0,7.0,10.0,13.389260430170506,13.34716155906243,1738.75,-6.173680312261062
202210,210.0,27.0,81.0,15.064699432703376,13.917994038923947,7912.122,7.561667519318224
202310,4.0,0.0,3.0,13.016780614829264,13.016782837542953,1140.358,-6.227889159480919
202402,109.0,17.0,41.0,14.551580724415604,13.695939549837332,2618.488,-6.271039005393656
202402,14.0,9.0,0.0,10.876158617846391,0.6931471805599453,2486.668,-6.2918148135823255
202307,98.0,2.0,16.0,11.33525706542892,11.335269009649409,241.614,-6.270900844183999
202210,84.0,13.0,17.0,10.61886089185424,10.618885342030893,117.072,-5.81819238178462
202310,58.0,4.0,11.0,14.928127653249614,12.328896289282907,7484.538,-5.319485397273138
202401,45.0,17.0,2.0,10.70369380538948,10.616461869895815,154.563,-6.227889159480919
202401,113.0,9.0,13.0,12.32450880119058,11.38083303653996,407.231,-6.250263197204988
202308,470.0,33.0,24.0,10.893586211555004,10.874474781329312,166.916,-6.271039005393656
202303,149.0,67.0,20.0,11.688222406827219,11.681655068244716,120.303,-2.635735350973976
202402,353.0,153.0,65.0,13.157276750349512,13.149824836126731,1252.645,6.519509770009908
202409,474.0,166.0,110.0,13.90011270174754,13.428193768361288,8372.474,-3.23990125995928
202401,89.0,15.0,10.0,13.184791548318476,12.585730937220022,826.434,-6.1915156964887625
202402,232.0,11.0,30.0,11.081880976209089,11.08189636473079,388.299,-4.715787417685535
202404,336.0,129.0,72.0,11.701858451351837,11.683267216253103,874.3,7.275651466509288
202409,59.0,9.0,14.0,12.241710023121305,11.285133627091511,1237.469,-6.179574650020127
202409,64.0,9.0,19.0,14.03875730395373,9.292196818446016,430.437,-6.271039005393656
202212,187.0,28.0,51.0,14.840588966066804,14.394660589845351,1423.194,14.664651014809719
202409,51.0,1.0,27.0,9.806536026459678,9.783746350923579,445.15,0.7504176689619193
202403,53.0,10.0,35.0,13.087212770121306,12.900743664458462,659.211,-6.258381774551138
202407,200.0,79.0,81.0,10.66068876188618,10.633520992762682,494.015,-5.035465046788473
202303,174.0,34.0,45.0,12.557373675825767,11.26018573571601,497.24,-6.258381774551138
202311,74.0,26.0,20.0,10.212478470309156,10.212515179007287,124.639,-5.319485397273138
202310,376.0,56.0,85.0,13.114355398962793,12.658472228827549,988.341,-6.000710953668257
202211,20.0,4.0,9.0,12.293973626704636,11.96586558710258,328.959,-5.304603926843534
202407,752.0,144.0,331.0,13.493816582920788,13.491677509225461,3319.929,-6.064380572659834
202207,231.0,56.0,79.0,12.496485984674969,12.486012322843795,1132.625,-6.260874810590354
202210,390.0,115.0,152.0,14.111460606309324,13.130986094695213,3834.974,1.9735551240806455
202406,275.0,9.0,1.0,10.816533024245254,9.321344930019094,304.897,-6.256157534964052
202405,560.0,125.0,101.0,12.221212457997662,12.16350955284446,496.888,3.1271340288944938
202207,21.0,5.0,7.0,12.7714858814554,12.39599441407346,1430.381,-5.158201050039138
202211,261.0,63.0,95.0,14.120793571072095,13.768307833146016,1925.081,-4.347155980963951
202408,98.0,19.0,44.0,12.43322415424192,12.390105237667914,1379.398,-5.319485397273138
202308,24.0,11.0,5.0,9.965052908194282,8.780480107033297,63.976,-6.2918148135823255
202403,180.0,8.0,37.0,10.31728452076383,10.31731757697592,341.264,-4.604992460903505
202301,58.0,7.0,32.0,13.6140856892961,13.551121745481785,3493.754,-1.332809038903795
202308,6.0,1.0,0.0,10.563336447694558,9.912595944900119,487.608,-6.2918148135823255
202303,22.0,7.0,11.0,11.58290851273747,11.48854055503454,176.322,-3.3748265646547635
202211,65.0,4.0,4.0,12.79235262038914,12.787388419301982,1349.363,-6.227817050640098
202410,31.0,4.0,2.0,9.302463660851988,0.6931471805599453,19.167,-6.256157534964052
202212,209.0,28.0,47.0,13.334544662030966,13.266179698363384,2673.423,-6.076321619128469
202402,97.0,17.0,27.0,15.673527070823864,12.536817799389974,9232.944,-6.2918148135823255
202408,281.0,2.0,5.0,9.194820560318146,9.194922119247803,92.826,-6.2918148135823255
202312,505.0,62.0,90.0,12.785379009666359,12.772246879762843,986.305,34.500736961956875
202210,78.0,30.0,20.0,13.014773712371486,12.14757981233685,759.192,-4.347155980963951
202310,34.0,11.0,10.0,12.279908437789166,12.18141615728731,971.945,0.8370265874994898
202309,67.0,11.0,7.0,9.685642439673126,7.323170717943469,66.944,-6.2918148135823255
202306,191.0,12.0,13.0,12.398365160027268,11.816549781842761,1449.04,-6.227889159480919
202211,85.0,27.0,25.0,13.249048890376596,12.667921237668097,877.353,-5.303653525276463
202303,60.0,2.0,10.0,13.832819883486836,13.124233627395999,2546.764,10.711407695471562
202210,258.0,81.0,25.0,12.62707640111898,12.577008418741103,745.419,23.23707268158649
202212,40.0,9.0,10.0,13.240391716304744,13.076987278675514,1286.918,-5.260056291441973
202402,833.0,342.0,139.0,9.506734385029985,9.506808731708581,1606.374,4.945783181653843
202309,2.0,0.0,0.0,14.873742074203788,0.6931471805599453,2943.581,-6.2918148135823255
202307,1170.0,546.0,186.0,13.093395840331079,12.985528247731189,3977.213,34.580634525961734
202310,205.0,70.0,41.0,12.474055710317076,12.415786419732658,1131.625,-6.235381726775383
202407,208.0,34.0,56.0,12.836905496270829,12.782778702167313,1336.787,1.9636175898430341
202207,81.0,9.0,6.0,12.487205820689116,12.274679442499949,1228.1,-6.271039005393656
202406,107.0,25.0,24.0,12.83640781367825,12.336117968869864,1001.393,11.291862228475027
202401,40.0,13.0,15.0,10.885940486663952,10.743566562464396,265.843,-6.2918148135823255
202409,173.0,23.0,22.0,11.668697686530647,11.038801358204804,549.431,-5.298709589084469
202301,278.0,6.0,26.0,14.226952436211745,12.661343275173845,1025.616,-6.227889159480919
202408,171.0,14.0,69.0,12.822697788577797,12.427506736549358,3332.461,11.768438574070826
202401,200.0,0.0,0.0,11.537978988034336,9.271247306879705,242.348,-6.20711335129225
202310,318.0,24.0,104.0,15.088598986242769,13.816862643484543,7794.305,-1.0619548661165972
202309,479.0,217.0,176.0,13.37509679843865,13.158892008616094,3986.418,-0.7673193512852077
202407,16.0,2.0,4.0,12.659101769569768,12.408784891971862,893.711,-4.246856863870388
202310,80.0,7.0,18.0,12.410314683423117,12.41031875973992,769.797,-6.00779446309766
202303,152.0,51.0,32.0,9.977434797488211,9.975854724662028,273.108,-3.852757740977576
202212,522.0,36.0,130.0,15.413133548274837,14.303693561469045,10267.269,-2.090312086537102
202406,72.0,2.0,11.0,13.890631017379736,13.07564696153179,3003.873,2.526016011262737
202409,37.0,8.0,19.0,11.851744944659789,11.549238107628549,869.093,-6.227889159480919
202405,32.0,8.0,7.0,6.126869184114185,6.129050210060545,21.274,-6.2918148135823255
202404,115.0,7.0,6.0,12.828912698489681,12.824876056907694,1331.128,-6.2918148135823255
202407,174.0,66.0,91.0,13.590163330338017,13.581955494469133,2330.006,3.5161808117996234
202309,223.0,26.0,23.0,10.004644244495866,9.921180112067047,136.117,-4.924147440856366
202410,86.0,21.0,30.0,9.002577922700276,5.808142489980444,354.317,-4.347155980963951
202308,1.0,0.0,0.0,4.418840607796598,0.6931471805599453,267.366,-6.2918148135823255
202212,80.0,21.0,30.0,12.05931126413477,11.590950754407995,164.33,-6.271039005393656
202301,281.0,78.0,62.0,14.301821743265942,13.913978474139897,2798.915,5.793174504363455
202402,134.0,44.0,40.0,13.063432570273529,12.093737866135012,593.949,-4.283230326862545
202404,118.0,25.0,20.0,12.405804263833724,12.143931248992324,285.063,0.7680188359964326
202311,129.0,15.0,64.0,12.191872296129032,12.096832391187773,661.79,6.356636056593318
202311,50.0,12.0,38.0,12.939187856086441,12.939190258133946,652.914,-6.2918148135823255
202405,175.0,4.0,11.0,12.107660158543325,11.369505339595335,224.715,-6.2918148135823255
202404,82.0,18.0,21.0,11.726931395093288,11.248139269995352,260.924,-5.2809702608402995
202409,185.0,16.0,8.0,10.437463136200819,9.88506896701211,62.076,-6.250263197204988
202307,117.0,22.0,47.0,14.462933644155182,13.967524098592678,10578.739,-5.083558828893205
202402,70.0,22.0,33.0,14.038245225696985,13.315202760760974,1412.536,-4.165095825541282
202301,339.0,15.0,41.0,14.888293796875175,12.538425695653837,1425.005,-6.092648948142966
202312,302.0,59.0,61.0,11.597496366420499,11.591006249330224,489.178,3.2472853305529483
202404,16.0,0.0,1.0,11.09146816064374,0.6931471805599453,1417.082,-6.227889159480919
202212,248.0,59.0,70.0,13.36648220153047,12.850237018366109,1593.397,11.606667951434202
202311,188.0,0.0,1.0,13.273569153828447,12.575851852336617,3126.507,-6.19812621862171
202312,176.0,5.0,14.0,13.18527995890866,13.160804940945523,1596.915,-6.163963505379513
202310,98.0,30.0,34.0,13.096908124077425,12.87718125092455,1870.088,0.07898009596090105
202409,17.0,0.0,0.0,9.06589246761031,0.6931471805599453,0.231,-6.2918148135823255
202404,752.0,144.0,331.0,13.740087413658362,13.733229430230118,2336.339,-6.064380572659834
202406,85.0,9.0,18.0,12.145972261277212,12.101495156560253,418.473,-6.243500304121533
202208,75.0,19.0,26.0,12.148845994067974,11.897085217251057,774.854,-6.213007689051315
202407,65.0,30.0,18.0,14.385461326952194,14.073111959524752,8319.584,-5.078443523941058
202210,28.0,0.0,0.0,14.844523362621825,14.343294178663895,10617.14,-6.100037851278107
202210,479.0,172.0,106.0,11.687332450678577,10.594206788021406,827.451,7.411127266748876
202301,132.0,26.0,28.0,10.879800371798126,10.879819206495405,150.338,-5.298709589084469
202307,106.0,22.0,29.0,11.269324071753623,11.011092618039283,540.689,-4.80048887997561
202402,4.0,0.0,0.0,12.23619924770787,12.236204099309504,730.5,-6.036112197176701
202403,55.0,15.0,19.0,12.15562636074974,12.11796794380609,633.402,-6.160479637513261
202309,35.0,5.0,2.0,7.340186835320115,6.3473892096560105,47.608,-6.2918148135823255
202207,66.0,3.0,16.0,13.427374431977885,12.932741639007498,2163.194,13.636451673312243
202208,4.0,0.0,0.0,12.471846475433075,12.471850308488193,1227.197,-6.036112197176701
202208,484.0,36.0,180.0,13.64351510299689,13.178923278838122,3615.731,-6.2918148135823255
202303,267.0,93.0,54.0,11.407387155730282,11.391096756605094,475.931,4.653666403061202
202211,11.0,3.0,1.0,11.807101406538326,9.208839245849916,360.906,-6.227889159480919
202310,166.0,17.0,7.0,13.16921833693925,12.367064159121957,1970.414,-6.271039005393656
202303,252.0,61.0,97.0,13.278443622993056,12.587665054826779,1362.863,13.08523394510152
202210,262.0,102.0,49.0,10.478920445076517,10.38696253427932,318.43,-3.9969992266279197
202303,135.0,6.0,11.0,12.506369812029531,12.479312174734524,824.776,-6.192231880862646
202312,150.0,62.0,27.0,12.207341839762318,12.207346833407904,433.966,-3.9888806492817697
202311,59.0,15.0,23.0,13.978791996677993,13.859540840420495,4257.341,-4.076571894128723
202405,247.0,61.0,68.0,13.38352076003668,12.815590903962987,1296.822,12.578997367743392
202405,6.0,2.0,4.0,13.029539504176606,13.029541698711117,1425.027,-6.2918148135823255
202404,223.0,87.0,15.0,11.64169679645809,10.73393713153216,418.901,-5.155026408884982
202407,131.0,12.0,24.0,13.202897656544504,9.771098364490383,946.158,-6.2918148135823255
202408,17.0,4.0,7.0,12.637299712972812,12.263982998815008,2053.529,-6.275982941585651
202306,62.0,15.0,23.0,11.410870590765557,11.410881665146636,271.634,-6.22494873551995
202212,106.0,15.0,52.0,13.670832702262716,12.854575431330533,1855.725,-5.319485397273138
202301,192.0,54.0,66.0,12.261649253418915,11.966602792492147,1020.023,-2.4380640509106932
202403,345.0,65.0,61.0,13.622151511574181,13.22337183658772,883.24,6.280747002833342
202307,133.0,36.0,26.0,11.609335040217854,10.66555426856067,368.267,2.899339325966878
202210,166.0,63.0,40.0,11.095134707171427,11.041993404865915,341.605,-4.2689966844012694
202210,9.0,0.0,0.0,13.759887905415495,12.946656694014742,3897.872,-6.163963505379513
202301,221.0,84.0,73.0,14.392857361101406,14.13834667239818,2416.45,9.284926486679952
202407,282.0,76.0,58.0,11.393849093315291,11.390554420478995,365.772,-5.219902464553458
202406,212.0,40.0,17.0,11.94610301164493,11.765705485412745,411.742,1.3029192553388693
202405,64.0,9.0,25.0,13.501678878687994,12.857363442607346,1290.745,0.8143433230633255
202303,215.0,98.0,47.0,12.565057419755796,12.540804082123566,576.438,-0.9199376200533393
202402,171.0,30.0,53.0,13.563858215453928,13.474748332485591,1076.476,-3.3540507564660946
202301,331.0,100.0,67.0,12.828958293049453,12.785633907701524,848.02,-1.0324952187598528
202207,244.0,72.0,73.0,11.834487088855687,11.506233121109103,918.266,6.825899863055858
202408,700.0,384.0,119.0,14.044710929653332,13.887850754236817,6512.543,43.23385766511081
202306,223.0,87.0,15.0,11.035534617290475,10.17743828010161,518.671,-5.155026408884982
202207,165.0,45.0,24.0,6.413458957167357,6.415096959171596,238.269,-0.685182180596537
202312,295.0,30.0,113.0,13.72900450782098,13.52417916817992,2533.995,13.384995358681413
202408,118.0,18.0,59.0,11.796094870640117,11.795929110630093,999.319,-6.2867327161806745
202408,490.0,139.0,90.0,11.2973159613101,9.846758458290038,1375.872,3.159282693807498
202211,42.0,4.0,30.0,12.451807090174189,11.951012639895648,581.845,-6.2918148135823255
202301,14.0,7.0,2.0,13.753956379243657,13.492006470236873,1563.323,-6.143187697190844
202303,275.0,9.0,1.0,11.266462108334402,10.137452342481922,378.055,-6.256157534964052
202410,179.0,3.0,9.0,9.74455043597491,9.19023970026918,153.013,-6.2620518727231165
202307,1.0,0.0,0.0,12.510943638402635,0.6931471805599453,16.428,-6.2918148135823255
202404,345.0,30.0,113.0,13.339034829797251,13.335766847761311,935.227,-3.184647831885944
202406,74.0,20.0,41.0,12.496224166382847,12.41587560554731,966.757,-0.9209705877668135
202303,36.0,12.0,9.0,12.691032618965965,12.5080495581687,793.478,-6.276933343152721
202410,290.0,12.0,13.0,11.41438607688055,9.465060106725137,80.987,-6.276933343152721
202404,13.0,3.0,7.0,12.21268573080042,12.21269069783175,976.369,-6.227889159480919
202212,44.0,3.0,15.0,12.955706486576519,10.978728854880998,980.277,-6.2918148135823255
202301,453.0,182.0,127.0,14.906296298954341,13.923737860459134,3572.988,2.8615255123623484
202311,45.0,1.0,10.0,12.647316653104484,12.647319869277977,487.63,-2.3275124929370503
202311,341.0,170.0,36.0,12.473726740296284,12.426873454765905,1263.844,-5.158201050039138
202402,232.0,57.0,78.0,13.102134139122622,13.097176842854587,902.897,-6.260874810590354
202211,464.0,133.0,191.0,15.000673867674474,14.962869835266591,8797.15,49.30288235982703
202409,2.0,0.0,0.0,11.28426673296791,0.6931471805599453,376.651,-6.2918148135823255
202212,4.0,0.0,0.0,12.31675049905651,12.316754975181976,1036.076,-6.036112197176701
202309,57.0,9.0,19.0,14.116741922775548,13.923617598467343,6265.001,-5.865061684465244
202303,60.0,4.0,26.0,13.690475540135226,13.3939206410865,2276.568,2.726434217288661
202301,272.0,41.0,186.0,13.045821368461947,12.918988139072079,2194.498,7.264747061396806
202210,28.0,9.0,14.0,12.404070681709136,12.115797767290388,770.167,-6.258381774551138
202410,19.0,1.0,3.0,12.115179197589885,10.677454062198027,650.571,-4.347155980963951
202303,22.0,0.0,0.0,13.613739479525002,10.00978263135373,24687.021,-5.319485397273138
202408,96.0,9.0,28.0,12.463076414332486,11.585153098967108,1532.362,-1.4301677320363888
202404,954.0,256.0,196.0,14.000444532754221,13.833257151502245,2172.098,35.13791786138572
202301,177.0,10.0,7.0,10.066073979755881,10.066116475984346,103.327,-6.2918148135823255
202406,100.0,22.0,21.0,11.518320883487137,11.376154545024425,392.763,-6.227889159480919
202303,102.0,10.0,50.0,12.810344895580943,12.808764343152479,761.749,20.75215524807929
202406,25.0,2.0,4.0,12.590194940865203,10.929994989669282,533.703,-4.3263801727752815
202409,3.0,0.0,1.0,10.614867501357134,0.6931471805599453,299.354,-6.2918148135823255
202307,294.0,20.0,8.0,11.070210101081909,10.069764412161227,223.77,-6.2918148135823255
202210,303.0,72.0,98.0,14.239290258689381,14.058154730191012,2958.375,24.824464472496132
202312,86.0,22.0,34.0,11.554777328992788,11.516748149193894,287.093,-6.276933343152721
202303,5.0,1.0,0.0,13.549823479058396,13.54982478338439,2867.731,-6.100037851278107
202308,588.0,46.0,116.0,13.721667900821627,12.915658960041892,3601.459,-5.283828118654865
202211,173.0,17.0,32.0,13.34851360413649,12.732471376533967,2300.682,-3.2269291224742918
202210,20.0,9.0,4.0,12.544072286503807,11.986024299123267,636.061,-6.2918148135823255
202303,88.0,34.0,31.0,12.72640691846392,12.605905254186633,784.548,-3.341393525623576
202210,150.0,15.0,21.0,13.489806733318183,13.481494103440275,1318.91,-5.224846400745453
202402,30.0,13.0,11.0,12.081903008885293,11.96801848148021,325.472,-2.182402451962317
202210,71.0,21.0,39.0,12.019682824560265,11.942471616584688,458.906,-6.271039005393656
202211,34.0,11.0,7.0,13.877361721388567,13.463501853036044,582.714,-2.33857149424417
202303,832.0,348.0,374.0,13.80394594485834,13.545258365428165,5442.822,1.8852596003403246
202301,34.0,7.0,12.0,10.85969106572145,10.859710283001629,91.312,-5.319485397273138
202409,19.0,2.0,7.0,12.44672207097405,7.573017256052546,504.449,-6.271039005393656
202403,14.0,5.0,6.0,11.514044838238144,11.430901629491638,447.04,-6.291742704741504
202310,35.0,0.0,8.0,12.770445671273272,11.692409666944023,929.788,-0.3888305642241443
202308,34.0,7.0,8.0,9.809451560609533,9.809506489065233,134.384,-6.271039005393656
202210,39.0,5.0,8.0,13.919537184387279,13.723447899250424,2026.002,-3.341393525623576
202311,30.0,1.0,10.0,11.700367224458754,11.301018545582007,262.079,-6.276933343152721
202312,125.0,12.0,51.0,15.079676832350554,14.035873446817519,3321.025,16.601872875196882
202404,3.0,1.0,1.0,11.998420972983881,11.916348489444168,430.178,-6.2918148135823255
202401,93.0,0.0,16.0,13.404045989027372,10.336827197410273,108.369,-6.2918148135823255
202402,13.0,6.0,4.0,13.402135246526854,12.884154410467616,1169.258,-6.2918148135823255
202408,106.0,26.0,46.0,10.569751598062284,10.56977727892619,977.648,6.4928026435630475
202405,3.0,0.0,0.0,11.884357978334185,11.884364875765927,1000.14,-6.100037851278107
202210,347.0,77.0,90.0,12.80698665742775,12.118300979594135,1094.196,3.6664555163224097
202211,912.0,307.0,119.0,13.22135767160853,13.132462212081743,1871.465,16.058980325051195
202210,37.0,5.0,9.0,13.013030538060745,11.081603942316837,631.98,0.5303229725786602
202301,35.0,0.0,8.0,14.728002885024017,12.693053222420474,1093.905,-0.3888305642241443
202207,29.0,14.0,10.0,10.999980931232571,10.999997633112368,291.828,-2.182402451962317
202307,74.0,26.0,20.0,9.537195079502435,9.529521111487334,150.312,-5.319485397273138
202210,122.0,10.0,13.0,11.743449711817181,11.530352724292754,493.808,-6.2918148135823255
202405,8.0,2.0,1.0,12.996741195774856,0.6931471805599453,2046.251,-6.2918148135823255
202303,72.0,11.0,42.0,13.187311814514867,13.111144682517471,1738.127,2.07103552411977
202407,1109.0,387.0,210.0,12.669287659179242,12.428179659825451,2408.084,56.28066950136499
202405,50.0,2.0,21.0,12.808304474863789,11.984409248247319,751.086,-6.227889159480919
202404,62.0,32.0,14.0,8.633018756921828,8.633196867172543,359.948,1.4868205168911732
202408,142.0,15.0,43.0,12.102233194688726,11.954259521492636,1800.603,0.38398644589212516
202301,23.0,5.0,1.0,14.364689210862311,13.420357596434192,2134.227,-5.12770843496892
202409,258.0,34.0,64.0,13.223579717817788,12.365146898937706,1317.5,-6.2620518727231165
202212,375.0,124.0,143.0,13.65228431955899,13.166636689271174,1220.473,9.427032952002968
202310,153.0,45.0,55.0,11.253299448078604,11.25331241244604,593.007,-4.3313241089672765
202402,191.0,48.0,51.0,13.853218589129288,13.618441590707093,1349.159,17.815260599823134
202207,44.0,15.0,21.0,12.200155171766136,12.0843907692628,1134.112,-6.258381774551138
202402,88.0,5.0,6.0,10.23501903226617,10.235054922800046,240.546,-6.2918148135823255
202303,20.0,9.0,4.0,12.52886241696943,11.9962894459178,595.093,-6.2918148135823255
202301,13.0,7.0,1.0,12.172624439353752,9.301733800405394,104.195,-5.319485397273138
202301,31.0,5.0,8.0,13.667671584014695,13.068962600677214,2023.769,-2.3815831789472504
202211,34.0,15.0,9.0,9.88690074893173,9.886951583896028,78.013,-6.194456120449732
202211,28.0,12.0,5.0,11.651242886266129,11.621887487409722,740.1,-2.1438873155294784
202303,28.0,7.0,14.0,11.48145543750074,11.353835942446125,702.574,-6.036112197176701
202408,9.0,0.0,0.0,13.731788673746852,12.635491882234401,7019.966,-6.163963505379513
202404,215.0,28.0,82.0,15.354110469134524,14.25417185792925,7748.034,7.781762215701484
202207,176.0,22.0,24.0,12.61512132496969,12.55541174785821,1790.802,-6.227889159480919
202310,150.0,63.0,26.0,11.414043915410112,11.41405495470448,378.309,-3.9888806492817697
202407,289.0,51.0,149.0,13.499913118757425,13.434509255784429,3067.62,-5.304603926843534
202212,261.0,63.0,95.0,14.718044294824033,14.284456127662368,2269.897,-4.347155980963951
202405,486.0,36.0,184.0,13.843428208427401,13.318722610035465,2135.611,-6.2918148135823255
202405,147.0,66.0,20.0,11.789928215919714,11.788957437780025,98.778,-2.635735350973976
202309,351.0,57.0,105.0,14.294708663169896,12.453479448980064,2879.322,-6.275982941585651
202303,106.0,23.0,28.0,12.253948105771206,11.564711138119458,453.974,-4.80048887997561
202404,550.0,29.0,61.0,13.01617140507107,12.752603193916942,642.771,-6.224493790970703
202403,32.0,0.0,2.0,15.207327143497468,13.191501305036796,2771.962,-3.3748265646547635
202207,301.0,100.0,75.0,13.253033681014285,13.192299803603493,2107.104,-3.2603621615054794
202405,29.0,11.0,7.0,11.818246060026043,11.816955675423038,222.736,-3.0908062141700983
202306,66.0,3.0,16.0,13.283274014292603,12.985665834955972,1801.888,13.636451673312243
202404,107.0,13.0,22.0,11.432159996167782,11.405507278202936,444.32,9.329381501466077
202310,2.0,0.0,0.0,13.886587655941428,13.7865821369907,864.2,-6.2867327161806745
202210,143.0,11.0,14.0,11.449857861502654,10.679228031399926,215.57,-6.2918148135823255
202308,105.0,9.0,11.0,9.456184308811169,9.446913343602054,130.205,-6.256157534964052
202308,524.0,70.0,97.0,12.866024921232478,11.980056221466036,3546.777,24.690314397374316
202303,104.0,14.0,33.0,13.426665075596857,13.361110950270822,933.596,21.373598235841435
202402,60.0,5.0,14.0,12.036771948212522,11.629089412833299,314.29,-6.2918148135823255
202401,88.0,18.0,13.0,10.348910281701418,10.313110670792955,257.019,-6.2918148135823255
202407,62.0,8.0,24.0,12.65291639320299,11.511674683068575,1064.953,-6.2918148135823255
202403,461.0,177.0,88.0,12.032968477785827,12.032974422717922,910.517,9.904324830167928
202301,40.0,13.0,15.0,10.909253290837885,10.75154226929242,264.952,-6.2918148135823255
202303,528.0,337.0,79.0,13.182965410730352,13.144203144008785,930.489,-1.834163689971951
202303,223.0,73.0,39.0,10.65145430286018,10.651477968978583,303.446,3.0051592346599776
202301,384.0,109.0,70.0,12.66718372802183,12.648361365268821,657.178,15.136040025405139
202309,166.0,35.0,24.0,12.252507657552362,11.801796829933227,467.502,-5.2828777170877945
202408,136.0,37.0,48.0,11.9559047026408,11.749119487228672,741.52,-5.319485397273138
202308,2.0,2.0,0.0,7.027314514039777,7.028201432058005,6.61,-6.2918148135823255
202409,1.0,0.0,1.0,8.000014093678072,8.000349495324684,41.141,-6.2918148135823255
202212,59.0,12.0,17.0,12.966883147450211,12.78868483478349,307.46,3.431479349509548
202311,66.0,7.0,19.0,13.930978916822022,13.660657464835877,9289.531,-5.1708582808816566
202303,4.0,1.0,3.0,11.625736159000054,11.625745092157702,279.953,-6.2918148135823255
202212,115.0,2.0,4.0,14.341208439410472,10.683752354441571,974.28,-6.20711335129225
202405,75.0,14.0,16.0,11.977853736349182,11.9268282092305,577.236,-6.036112197176701
202312,241.0,21.0,52.0,13.5716603458387,12.967413378206441,1429.055,-6.2918148135823255
202409,17.0,5.0,8.0,14.219264870161958,14.219265537969909,1716.892,-5.222126704140544
202210,328.0,106.0,50.0,12.924967978962762,12.847889688918618,918.345,-0.39599716656381734
202212,103.0,8.0,31.0,14.359315147954836,12.877457229307996,3688.859,-6.276933343152721
202309,57.0,8.0,2.0,8.770749549138642,8.770904744296866,30.377,-6.2918148135823255
202310,92.0,11.0,27.0,12.000431283414603,11.70028431328145,626.347,-5.319485397273138
202207,126.0,14.0,50.0,13.80205442897594,13.187821475601284,3589.689,16.601872875196882
202310,214.0,28.0,82.0,14.952156316830038,13.847686321323595,7912.068,6.809432799392297
202401,1108.0,386.0,210.0,14.055736962909723,13.483469688317214,3116.723,55.37226573915721
202306,46.0,10.0,13.0,11.917897118016134,11.639284950844113,637.408,1.5507461709925794
202409,432.0,17.0,19.0,9.021356672308677,9.021477467138807,190.473,-6.2294873890163185
202410,396.0,88.0,75.0,12.54548697850977,10.307484917369258,1209.013,3.932145025561553
202210,279.0,7.0,5.0,9.515100775962715,9.493336482437249,97.514,-6.276933343152721
202212,125.0,38.0,40.0,12.78416244745343,12.670931814703797,559.368,-0.37903953233485055
202309,437.0,66.0,55.0,13.568445659058364,12.570128781324764,2666.393,20.989841929881862
202408,16.0,6.0,4.0,13.090858262324168,12.817971808989594,2857.27,-6.258381774551138
202308,58.0,13.0,15.0,9.535462727401809,7.05617528410041,90.125,-5.319485397273138
202303,191.0,42.0,37.0,12.146083759091175,11.793484730353176,388.602,-4.255065615538735
202210,22.0,0.0,0.0,13.637986673911156,10.082428401170604,25100.163,-5.319485397273138
202208,703.0,213.0,112.0,10.348173373797573,10.002653924030627,2241.734,11.541046640105423
202312,200.0,87.0,30.0,9.61953186182516,9.619598278323043,306.205,-5.2860523582419505
202402,17.0,1.0,1.0,9.06577692078483,8.301769763117166,85.065,-6.2918148135823255
202403,34.0,10.0,7.0,9.23853902633486,9.23863624113103,35.675,-6.2918148135823255
202409,2.0,0.0,0.0,8.791181936736017,8.555259392222693,167.951,-6.227889159480919
202208,36.0,6.0,8.0,13.168107000815672,12.635091506592074,1313.229,7.5408917111295555
202403,62.0,8.0,24.0,13.25427020113111,11.808352467869456,1042.88,-6.2918148135823255
202207,521.0,190.0,166.0,13.194055003973608,13.016918413736425,4058.597,22.66765500065197
202401,129.0,15.0,64.0,12.788061982799624,12.697736856378098,972.355,6.356636056593318
202210,131.0,28.0,46.0,13.384395278953075,13.158398251927812,1014.294,26.45534001377063
202407,95.0,21.0,24.0,11.791798854640614,11.778645630558735,304.126,-3.886190780008764
202310,49.0,2.0,3.0,14.460512641254391,12.922504130406583,7266.738,-2.402497148345576
202210,9.0,1.0,1.0,11.402719897649202,10.072681653422581,555.212,-6.276933343152721
202303,27.0,17.0,5.0,10.20225792197333,10.032847757841836,101.391,-5.787699766714401
202402,131.0,24.0,15.0,11.38807627272854,11.388087602440143,221.857,-6.250263197204988
202301,356.0,152.0,67.0,13.567026121476422,13.36368470725088,1471.36,6.583435424111315
202410,28.0,4.0,4.0,10.496455217294162,9.515248225093032,103.152,-6.271039005393656
202311,129.0,4.0,14.0,12.273385439810799,12.257226680221542,484.01,-6.276933343152721
202301,261.0,63.0,95.0,14.43088266615455,13.999555628654502,2510.258,-4.347155980963951
202407,283.0,100.0,26.0,10.82730985082563,10.802082635874594,242.336,-3.2935744731806067
202301,106.0,15.0,52.0,14.296408997644459,13.11470210465748,2246.987,-5.319485397273138
202307,463.0,134.0,189.0,15.032681285289847,14.898381262128083,12160.843,48.330552943517844
202405,96.0,17.0,30.0,12.91551877364294,12.621286744091876,727.507,-5.265276550053281
202310,101.0,9.0,28.0,12.061601632867266,11.365306738742264,580.939,-6.220500256345779
202308,284.0,24.0,41.0,11.504681577314335,10.784296173964584,607.023,-4.24298568795672
202404,143.0,69.0,28.0,12.399416565605865,12.399420686589707,911.497,0.255875587835515
202408,85.0,15.0,21.0,12.112371670261433,10.967577407165814,1532.485,0.578416754683392
202303,1095.0,200.0,164.0,14.107792783469037,13.93237761868812,3105.411,95.85273304677688
202210,229.0,10.0,66.0,13.978260160854896,12.368097953216747,2617.561,-3.4028515413295093
202211,35.0,10.0,12.0,13.113465912093663,12.527166524752175,1237.856,-5.160920746644047
202306,116.0,54.0,50.0,13.069055423373273,12.955486731543422,1646.035,-4.292947133744094
202208,310.0,52.0,109.0,12.751621383396996,12.124585979183244,1684.159,10.808906123253221
202210,119.0,25.0,20.0,11.262269391354895,11.082404053144092,268.767,0.7680188359964326
202404,205.0,81.0,50.0,11.586287444655033,11.383590967334076,620.329,6.5495342670106105
202406,551.0,29.0,61.0,12.455963282923932,12.319472756857706,711.515,-6.224493790970703
202303,114.0,16.0,58.0,13.506336512074315,13.076126750182574,810.612,-6.2918148135823255
202310,348.0,128.0,88.0,13.064329521653379,12.793900976230928,2681.937,13.270994877744814
202210,205.0,70.0,41.0,12.439681246692148,12.390849518899193,1139.079,-6.235381726775383
202211,54.0,14.0,25.0,11.315437477094513,11.047073206846969,368.031,-6.00779446309766
202404,829.0,343.0,138.0,9.4511666581427,9.451245252869034,1159.228,4.945783181653843
202408,314.0,36.0,92.0,12.770860748239048,12.39560563730914,2212.102,1.702606468749325
202408,312.0,75.0,122.0,13.758060454528227,13.674474504253881,4178.555,46.90986567628593
202208,515.0,132.0,105.0,12.291415130694217,11.943915359641139,3684.007,36.75473060674495
202312,6.0,1.0,0.0,15.385914459815083,15.196009658956253,7468.084,-6.163963505379513
202208,580.0,126.0,251.0,14.073921634254367,13.985541054868413,3604.038,35.35737684388795
202408,59.0,8.0,3.0,10.1909195937327,10.190957102406585,45.014,-6.275982941585651
202303,439.0,233.0,47.0,11.82742958846521,11.765169461069066,595.713,4.045223918935175
202311,348.0,128.0,88.0,13.679331090854742,13.07561971771535,2484.287,13.270994877744814
202307,226.0,13.0,91.0,11.937846735133663,11.840162329380137,734.712,7.807344037147072
202410,176.0,26.0,49.0,12.734908114047053,12.439859356942863,879.864,-1.2899339226528204
202406,934.0,452.0,207.0,13.162389535330632,13.035580337980056,2710.984,32.92781755554795
202311,1162.0,407.0,243.0,12.694560631574449,12.636649790453193,1925.738,37.04257943931329
202212,374.0,64.0,90.0,14.492156844502833,13.132402813198425,1897.959,-3.1128033205812407
202211,103.0,25.0,39.0,11.879247723560326,11.879254656329795,396.264,-1.2682573747507027
202210,27.0,2.0,10.0,13.125984812086852,12.819372724284507,2544.076,-6.1410595135872885
202406,142.0,15.0,43.0,12.31342367879272,12.200009300550041,1208.552,0.38398644589212516
202306,56.0,19.0,28.0,13.53961870688697,13.539620024591448,1689.579,-6.19812621862171
202401,147.0,66.0,20.0,11.960299976155602,11.959404549169006,144.021,-2.635735350973976
202303,16.0,0.0,1.0,11.475981358380519,0.6931471805599453,1462.678,-6.227889159480919
202403,102.0,18.0,32.0,12.802193925277905,12.802196679996394,582.232,-1.7422130591957998
202207,34.0,7.0,12.0,10.265871170941843,10.265905971101926,78.811,-5.319485397273138
202207,17.0,1.0,1.0,6.862757913051401,6.61338421837956,106.563,-6.2918148135823255
202408,1.0,0.0,0.0,12.092315868605027,0.6931471805599453,18.711,-6.2918148135823255
202212,38.0,3.0,3.0,14.069344697992491,13.696768687772943,6674.968,-5.969246119114326
202303,110.0,23.0,47.0,11.720890401744159,11.72089852406633,393.486,-2.7145424755049867
202404,105.0,18.0,26.0,12.243378064138833,11.829668643017587,272.528,0.7680188359964326
202310,62.0,15.0,23.0,11.390283142077875,11.390294446813995,279.201,-6.22494873551995
202403,44.0,3.0,15.0,13.701360415353587,11.87210925911072,958.638,-6.2918148135823255
202303,150.0,56.0,24.0,10.877405477245077,10.783135046711445,351.482,4.3250920173408804
202404,42.0,9.0,20.0,12.360196182131915,11.456069358372018,544.838,-6.2918148135823255
202404,202.0,7.0,35.0,12.013227913839227,11.919956013803098,136.972,-6.256157534964052
202408,6.0,1.0,2.0,13.04378975676048,13.043791920244121,2326.037,-6.148131633382839
202408,3.0,0.0,0.0,13.521456225721463,13.521457567577372,1487.683,-6.100037851278107
202303,152.0,34.0,33.0,13.165315581416412,12.60443592860427,703.419,-6.256157534964052
202311,59.0,12.0,17.0,12.119839147732243,11.94808528841343,256.832,3.431479349509548
202210,6.0,2.0,4.0,12.818107379783514,12.818110091011931,1378.771,-6.2918148135823255
202309,71.0,0.0,4.0,7.527255919373784,4.672828834461906,7.811,-6.2918148135823255
202207,34.0,10.0,7.0,8.616676469901188,6.773080375655535,57.641,-6.2918148135823255
202403,1090.0,197.0,166.0,14.408957285558598,14.221772681704413,3603.978,95.63263835039362
202408,140.0,39.0,46.0,13.803072525345398,13.802748467818299,2537.319,8.802356782875554
202402,176.0,29.0,79.0,11.819990959216781,11.819998315213942,1283.023,-1.32159766664617
202303,280.0,7.0,5.0,9.910711397625448,9.8536143020404,77.487,-6.2768612343119
202310,47.0,11.0,16.0,12.663399386490983,12.331722434758554,694.685,-6.178624248453057
202210,34.0,0.0,8.0,12.876611165562478,11.801077427006605,940.727,-0.3888305642241443
202404,480.0,103.0,37.0,13.185358833629355,13.04598760496506,965.053,-6.2127869616952545
202312,176.0,21.0,27.0,13.130381148997913,12.778469266687347,1631.259,-6.227889159480919
202303,145.0,58.0,16.0,11.439106681766582,11.409962073912123,185.381,-5.255339015815672
202409,50.0,13.0,7.0,8.73761303680885,8.737773460327283,52.152,-6.2918148135823255
202303,266.0,60.0,66.0,10.556853863084228,10.3014243942235,406.96,-4.574499845833286
202303,89.0,31.0,10.0,13.81824282192925,12.530042046427608,3327.735,-4.934760343741571
202212,103.0,16.0,30.0,13.127631476570313,13.082740663459555,591.858,-4.211915769625998
202210,302.0,100.0,75.0,13.530894447311198,13.468675613474177,1454.251,-3.2603621615054794
202409,3.0,1.0,0.0,11.90261343262723,11.902620205286008,336.933,-6.227889159480919
202210,43.0,23.0,17.0,6.576469569048224,6.577861357721047,372.696,-6.2918148135823255
202212,102.0,2.0,2.0,12.7074356394975,12.611631082616388,452.957,-6.2918148135823255
202303,277.0,57.0,33.0,12.867179472345002,12.806342185262409,422.578,-5.205668822092183
202403,99.0,32.0,42.0,12.078801615876465,11.689472045307607,956.695,3.5751625297090346
202208,90.0,17.0,10.0,10.611671117922187,10.549805145739276,174.003,-6.2918148135823255
202408,75.0,7.0,37.0,12.59198109608912,12.265571928507956,1315.266,10.677974656440375
202406,166.0,17.0,7.0,13.326911092956449,12.48668856139665,1973.423,-6.271039005393656
202210,91.0,35.0,31.0,10.485898684001407,10.001113231320568,1454.214,-0.63400981332118
202301,138.0,54.0,58.0,14.21936637185285,14.193712719669163,3276.948,-4.1700397617332765
202211,163.0,72.0,33.0,11.252443428000651,11.083541569791482,230.192,-2.934637171888246
202408,30.0,1.0,10.0,11.913498626997965,11.272584888827497,481.584,-6.276933343152721
202303,1176.0,549.0,168.0,12.695814561767001,12.605989054707921,2131.822,16.890767227478868
202409,22.0,7.0,5.0,10.771658895221004,9.905735025076607,445.571,-6.2918148135823255
202408,62.0,34.0,5.0,11.127836349164873,11.123889653812942,267.972,-6.119471465041206
202311,646.0,106.0,149.0,13.87947078692315,13.827994310655972,1360.757,-4.284828556397944
202403,143.0,69.0,28.0,12.526883596222387,12.52688722401783,991.526,0.255875587835515
202312,132.0,37.0,47.0,12.420562864524863,12.031070238293603,539.757,-5.319485397273138
202210,175.0,4.0,11.0,11.669595824878655,11.18271160379947,237.84,-6.2918148135823255
202407,120.0,53.0,54.0,13.01724727631927,12.876168678059367,1865.109,-4.287865036342443
202307,104.0,16.0,31.0,12.03467915926791,12.033907338980594,655.185,-4.211915769625998
202401,103.0,25.0,38.0,12.03055786994914,12.03056382922938,543.897,-1.2682573747507027
202401,264.0,36.0,56.0,12.950637487743741,12.483719533528822,521.956,3.055355345493501
202409,8.0,0.0,1.0,14.946321849794517,14.12383975396605,6666.634,-6.212057287484245
202307,80.0,21.0,30.0,11.319449933234104,10.327872545496803,179.57,-6.271039005393656
202212,161.0,33.0,59.0,13.642398067255622,13.578359355995456,1176.395,29.78743310275093
202301,215.0,19.0,64.0,14.527517274190432,12.898519580975726,1591.355,-0.5778139231780983
202407,27.0,2.0,3.0,15.369497069370928,10.382574800514906,16603.199,-6.2918148135823255
202405,163.0,38.0,57.0,12.726665415055136,12.723636516233727,351.091,-5.2860523582419505
202312,277.0,19.0,157.0,14.458408635621044,14.406665986648981,2152.416,13.469047419563752
202408,54.0,11.0,13.0,14.80805096690401,12.060942821823955,6686.442,-5.005702105929265
202403,189.0,41.0,21.0,11.226895360600828,11.226908671837508,471.378,-3.190542169645009
202211,171.0,25.0,81.0,13.928748167695451,13.080786931690664,2101.987,-6.2918148135823255
202401,64.0,18.0,29.0,12.686196764418575,12.615629371541592,1591.554,-6.1783150217409615
202306,264.0,19.0,58.0,11.528848025514044,11.528857867500944,835.972,-6.250263197204988
202311,352.0,101.0,77.0,12.66370633152017,12.241531484005082,790.294,1.6012849200404569
202310,119.0,17.0,26.0,13.869508092595966,13.006402430735122,2400.773,5.521811384721309
202301,108.0,12.0,23.0,12.79475890567513,12.778020649563246,601.037,9.329381501466077
202402,252.0,23.0,89.0,15.00639113183566,14.626530992333045,4034.245,41.19067926259531
202311,74.0,19.0,42.0,12.496497203927206,12.407081011248033,807.185,-0.9209705877668135
202311,168.0,16.0,72.0,13.631184994489622,13.508226957994397,1815.407,-6.163963505379513
202407,188.0,41.0,21.0,12.534116606669754,12.53412020832003,529.095,-3.190542169645009
202303,325.0,81.0,96.0,14.04996826217868,13.81248799461851,1548.068,13.786739867672155
202303,451.0,122.0,202.0,14.557028290859394,14.309527300700466,3433.379,8.279985868698754
202211,57.0,10.0,20.0,12.81880392378813,11.8641596347035,1932.024,-6.276933343152721
202308,18.0,2.0,9.0,12.334588983765181,11.664108889704258,1541.55,-6.2918148135823255
202310,193.0,48.0,30.0,10.137808404440463,10.033199159057785,179.083,-2.2694811765947094
202405,271.0,39.0,95.0,14.288661105464632,13.878275006364994,6233.265,-2.3690641093143885
202210,195.0,59.0,38.0,12.664974249727509,12.493197062521046,944.09,26.201830624361108
202212,210.0,27.0,81.0,15.249031718979117,14.22852178900047,8879.216,7.561667519318224
202308,376.0,14.0,25.0,11.087405597783338,11.087053547084402,262.32,-6.2918148135823255
202401,549.0,29.0,61.0,13.178342874372564,12.84472404077717,813.719,-6.224493790970703
202308,80.0,19.0,0.0,10.463988662743825,10.464017208481234,141.83,-6.261101471156047
202402,95.0,21.0,24.0,12.113929943965942,12.103574695485824,328.541,-3.886190780008764
202309,111.0,21.0,12.0,10.260847261969445,10.220704155090226,88.202,-5.319485397273138
202405,195.0,62.0,54.0,12.131699253540338,11.957874072213233,496.202,1.3531158883865455
202211,106.0,20.0,45.0,11.305852093833513,11.236077820891051,348.108,-6.250263197204988
202211,9.0,1.0,1.0,11.573145298988782,10.371113356995899,535.136,-6.276933343152721
202210,51.0,8.0,20.0,11.438158814397037,11.312716884938515,466.744,-6.194456120449732
202303,34.0,7.0,12.0,10.389456800303252,10.389487554866463,65.22,-5.319485397273138
202301,195.0,44.0,29.0,13.10351689285795,12.892585366653947,598.527,5.537422529361923
202308,16.0,0.0,0.0,9.042631527550073,0.6931471805599453,0.403,-6.2918148135823255
202303,453.0,182.0,126.0,14.41960081628724,13.613145872956112,2892.661,3.833854928671535
202311,64.0,11.0,38.0,14.217084103756731,14.208261853652363,2263.493,1.5227211943178336
202405,314.0,86.0,57.0,10.621498062820763,10.621522448603852,373.27,-1.287434953403972
202210,51.0,10.0,29.0,12.117044691159908,12.090695463485693,201.922,-5.319485397273138
202303,379.0,25.0,76.0,14.418260818865177,14.217741107189156,2682.106,31.615290969072568
202208,49.0,17.0,21.0,12.195042031381066,11.88118010469515,1215.721,-4.292947133744094
202409,166.0,54.0,31.0,10.198393470077228,8.130059039992796,803.546,-4.725504224567084
202311,203.0,13.0,82.0,14.823295835725144,13.983252175453341,6194.442,1.1906070617284366
202303,6.0,3.0,2.0,10.47041937008599,10.470447732845688,400.283,-6.2918148135823255
202405,52.0,24.0,17.0,11.654086428259095,11.654095111716673,280.441,-0.9899783392698707
202303,187.0,34.0,98.0,14.04994690495901,13.948774914937951,3611.583,-5.623970452537256
202310,267.0,54.0,127.0,14.834240903813264,14.505382882030537,5934.456,-3.2153115124586016
202301,16.0,6.0,4.0,13.51792090041238,13.26300319520364,1841.364,-6.258381774551138
202211,58.0,7.0,3.0,10.429871515217972,10.429901051643771,24.097,-6.275982941585651
202306,261.0,102.0,49.0,10.561551448966803,10.508759346594065,334.526,-3.9969992266279197
202207,557.0,208.0,91.0,13.741154401169139,13.684771833637674,1513.252,27.94024569250825
202308,49.0,5.0,2.0,11.017809134909417,6.129050210060545,58.731,-6.2918148135823255
202408,56.0,18.0,30.0,13.59464690570396,13.594648152856555,2371.709,-6.19812621862171
202303,22.0,6.0,7.0,12.381533219517326,11.742074944536263,975.16,-6.2918148135823255
202210,41.0,0.0,0.0,13.82608841465419,0.6931471805599453,5648.299,-6.2918148135823255
202306,14.0,2.0,1.0,15.136046187125409,15.083874903876817,9179.757,-5.111876562972245
202409,192.0,37.0,76.0,13.420782105138542,12.442116627316894,2680.999,-6.19909082992963
202306,195.0,1.0,3.0,9.85398213263229,9.655154390148258,74.99,-6.208711580827649
202303,110.0,23.0,20.0,13.25843329524556,12.97821352220491,922.359,-6.256157534964052
202303,8.0,0.0,2.0,10.873451743956059,10.873470698607058,517.134,-6.163963505379513
202303,55.0,8.0,6.0,12.420086649056618,11.93473625161448,838.022,-6.194456120449732
202301,21.0,5.0,7.0,13.802039225654317,13.039336053525,1361.136,-5.158201050039138
202307,229.0,75.0,84.0,11.873853352310658,11.873609362306066,1049.702,-1.196546395950537
202303,29.0,9.0,15.0,12.616412519304516,12.306935562135552,645.335,-6.258381774551138
202401,160.0,39.0,59.0,15.148152000867414,13.522022329027628,2081.844,18.82797080684424
202210,118.0,18.0,58.0,11.867714631948749,11.867560329361067,704.305,-6.2867327161806745
202402,56.0,20.0,16.0,14.164841198408865,13.794020287398961,2272.188,-2.118476797860911
202210,52.0,18.0,14.0,11.4557094024098,11.45571999119945,219.337,-5.319485397273138
202301,60.0,4.0,26.0,14.229608297457697,13.9201543168133,3111.789,2.726434217288661
202408,278.0,20.0,157.0,14.408878286384182,14.374543890591246,3514.858,13.469047419563752
202303,71.0,14.0,11.0,10.43582023258655,10.386746688084312,179.738,-6.2918148135823255
202303,167.0,62.0,35.0,14.662780417959471,14.510428669499884,1111.129,-3.149395835963297
202309,9.0,0.0,0.0,8.830250570199247,0.6931471805599453,0.686,-6.2918148135823255
202408,233.0,46.0,73.0,12.247545628111714,12.241623170235563,1131.462,-6.101636080813506
202408,257.0,34.0,20.0,12.782140917478094,12.264968715437645,2773.529,-6.256157534964052
202402,191.0,39.0,33.0,13.565221889126509,13.362002131727731,1169.248,-1.3633016539740135
202301,206.0,51.0,52.0,12.238433344034428,12.062306195807526,547.41,-2.620853880544372
202303,294.0,20.0,8.0,11.139961428322973,10.432879745875956,171.102,-6.2918148135823255
202303,116.0,13.0,13.0,12.872177454978235,12.708062347258762,1200.889,-6.1380230336427894
202303,276.0,39.0,94.0,14.87956073200544,14.050837193207105,5755.15,-1.3967346930052011
202407,282.0,82.0,41.0,12.092937541485108,12.067247264444541,576.223,-4.23646438508353
202301,122.0,7.0,75.0,13.200869520551622,13.0243689983583,1339.615,-6.2918148135823255
202303,85.0,8.0,24.0,13.206952656815748,11.985588056041706,731.453,-4.216364248800169
202409,106.0,18.0,14.0,11.731313727800577,6.040254711277414,220.285,-4.439106611740103
202311,232.0,11.0,30.0,9.604070223865927,9.604137675216665,262.337,-4.715787417685535
202309,158.0,10.0,27.0,11.183281860082527,9.3982297330736,426.865,-6.271039005393656
202410,279.0,43.0,58.0,12.689020263724169,11.960964631837314,1047.389,18.23651529053062
202404,181.0,31.0,90.0,12.008194713338439,12.008200807387905,648.567,-3.0338369711504742
202301,134.0,13.0,48.0,13.86440357398713,12.841495369725383,1645.898,5.476437299221486
202210,451.0,230.0,80.0,12.098080893426141,11.894398381802398,1656.172,20.486506516827596
202312,684.0,215.0,212.0,15.280976709157503,14.58060298080563,4717.867,12.676842336278606
202410,26.0,3.0,4.0,11.790943490585661,6.161207321695077,97.66,-6.227889159480919
202408,762.0,137.0,208.0,14.052313986891058,13.523219212448923,5862.535,37.77397350938897
202402,67.0,25.0,21.0,15.566185671869599,12.880220476080336,4657.937,-4.3263801727752815
202210,98.0,7.0,66.0,12.262315918534233,12.26232064506876,505.549,-6.271039005393656
202408,124.0,38.0,40.0,11.729954359817915,11.729962408852636,658.0,-1.351368948644038
202407,156.0,73.0,36.0,12.18224603285361,12.124499183516463,866.85,-1.4679095155926838
202301,115.0,3.0,2.0,11.654598623286374,11.654607302297487,108.142,-6.271039005393656
202310,44.0,3.0,15.0,13.466275015783701,11.409063825436139,779.398,-6.2918148135823255
202309,55.0,9.0,3.0,10.754300655782611,10.728167254307545,803.098,-6.2918148135823255
202212,126.0,28.0,58.0,13.60325501655667,13.433623294982592,1125.234,-6.2867327161806745
202308,366.0,73.0,45.0,7.821242083523558,7.8168199657645525,297.044,0.8011998168181842
202210,82.0,11.0,32.0,12.685268273613568,12.391929612058366,611.605,-5.319485397273138
202406,32.0,0.0,2.0,14.121077243026908,12.695673611393556,2868.075,-3.3748265646547635
202301,125.0,45.0,15.0,13.460611179632707,12.958443466990925,720.328,-2.0396696733299002
202406,114.0,13.0,14.0,8.506334448081361,8.506536611227709,245.777,7.320797014746297
202404,41.0,4.0,18.0,13.62889539682918,13.38865683554715,1401.566,0.5479241396131735
202307,498.0,13.0,17.0,12.45164282940594,11.826735704476679,1177.582,-5.084509230460275
202407,536.0,160.0,190.0,12.838535202473611,12.835821987460152,2142.452,-4.053854132642224
202309,205.0,17.0,5.0,11.962139480008407,11.45714844950123,384.675,-6.199724448157109
202311,114.0,7.0,16.0,12.655704548073377,12.655707737382812,1026.328,-6.227889159480919
202303,5.0,1.0,0.0,12.763798076437496,0.6931471805599453,359.06,-6.163963505379513
202312,162.0,27.0,40.0,13.035379636396458,12.891227976160566,344.874,-4.311360541136021
202303,300.0,47.0,59.0,12.403615271863181,12.109859057775745,485.542,-4.296617231916073
202301,76.0,40.0,19.0,14.394451548322387,14.15549091962709,6929.034,-5.183611567707706
202404,99.0,9.0,10.0,11.382805390036706,11.130581002852777,123.183,-6.271039005393656
202405,163.0,32.0,60.0,12.72267356015269,12.714025145826954,880.259,31.73209193536931
202211,52.0,18.0,14.0,11.927284240248513,11.927290847865113,201.823,-5.319485397273138
202303,22.0,5.0,9.0,12.845961444287656,12.290459748790338,1022.197,-6.163963505379513
202210,7.0,1.0,3.0,13.861286660600857,13.712536082336445,2510.728,-6.227889159480919
202208,178.0,18.0,26.0,11.436886398684639,11.322587865381196,807.487,-6.2867327161806745
202407,325.0,77.0,57.0,12.462024084020342,12.457718130117005,780.344,-6.164693179590523
202408,431.0,7.0,31.0,9.801177933711559,9.796013694230895,245.913,-6.271039005393656
202408,166.0,17.0,7.0,13.080980809125293,12.363888030685896,2870.627,-6.271039005393656
202301,34.0,11.0,9.0,13.915791996921843,13.713112317101562,3315.74,-0.07645927210994241
202301,482.0,11.0,19.0,10.898497039121674,10.505396252661802,135.872,-6.241276064534448
202307,88.0,34.0,31.0,12.752354212279498,12.613861717807179,1090.539,-3.341393525623576
202405,29.0,5.0,15.0,11.910055936288336,11.91006265872885,520.197,0.734585796965245
202404,24.0,9.0,12.0,11.927997610689745,11.769882830777993,675.789,-6.2918148135823255
202407,482.0,227.0,81.0,13.144639413888726,13.139739533787836,1663.672,24.151022667360365
202303,745.0,465.0,131.0,13.26475837199216,13.259769503543955,1789.231,15.014042226175958
202405,208.0,34.0,57.0,12.71532703555468,12.62737829385747,940.466,1.743522893459776
202301,10.0,4.0,3.0,13.10217087411638,12.693854796127551,1697.917,-6.2918148135823255
202312,34.0,4.0,10.0,14.373298390492455,14.1054892411855,2032.404,-5.20629483214387
202301,131.0,24.0,15.0,11.541833570117436,11.541843285127612,220.319,-6.250263197204988
202401,11.0,1.0,0.0,8.250358951477294,8.250620082174692,0.291,-6.2918148135823255
202208,284.0,80.0,42.0,12.14241906604954,12.125009000210444,706.453,-4.23646438508353
202210,439.0,233.0,46.0,11.50207683076339,11.443832588482943,514.69,4.045223918935175
202303,121.0,25.0,57.0,14.03669539224412,13.511527002053123,2290.369,-6.11447786699559
202212,309.0,17.0,32.0,13.797213177215873,13.707718198881812,2563.49,-2.4705601782119366
202405,176.0,21.0,27.0,12.736862648215727,12.536789063448133,1257.376,-6.227889159480919
202404,142.0,19.0,34.0,12.414561337028347,12.404271652521878,465.26,-6.2168301581738
202310,771.0,76.0,180.0,12.834929274205631,12.83399840516289,692.425,-4.182696992575795
202401,12.0,6.0,1.0,11.994585889023035,9.479374650055481,93.337,-5.319485397273138
202402,313.0,76.0,122.0,14.63582108561787,14.49826289889166,3361.743,46.90986567628593
202211,248.0,49.0,63.0,12.975562620595623,12.367200357733793,1184.5,-2.290256984783378
202407,77.0,27.0,29.0,11.85547207233222,11.735012458323599,963.893,-6.089791090328401
202306,488.0,138.0,93.0,11.708952668820295,11.62728040920763,581.941,38.44912294820756
202405,179.0,51.0,56.0,12.700878637441082,12.09355882812812,868.808,-0.25500235211586375
202403,84.0,4.0,11.0,11.05377472944226,11.053790556609593,103.462,-6.227889159480919
202310,68.0,22.0,18.0,12.025773043207854,11.911835804107719,713.426,10.69797143182213
202409,121.0,20.0,15.0,11.608235644774552,11.220525614617934,213.818,-6.2918148135823255
202410,18.0,3.0,3.0,6.804614520062624,5.241747015059643,37.225,-4.347155980963951
202403,486.0,138.0,93.0,12.867620793994346,12.738540380175152,898.487,38.44912294820756
202210,107.0,16.0,41.0,13.939547773181825,13.185533462660466,1944.39,-6.271039005393656
202403,210.0,23.0,75.0,14.473973121712357,13.431299963831021,2022.077,-0.17381796524253623
202405,95.0,23.0,44.0,12.861676305662472,12.39331126042258,1366.065,-4.3420738835623
202309,240.0,21.0,17.0,12.174540697917012,10.940330814806606,431.518,-6.235381726775383
202212,280.0,42.0,155.0,14.052535712445442,13.933186921264697,1419.783,-5.252164374661515
202211,301.0,121.0,44.0,8.542470998600505,8.542665987389269,540.561,13.147524344115345
202210,361.0,102.0,77.0,12.386258590193707,12.05027811532092,901.744,1.8421554246123844
202308,403.0,89.0,74.0,12.509995863666036,10.164427726544904,1289.733,3.9736966419388917
202403,106.0,36.0,46.0,11.673708388481204,11.673716903213819,695.252,-5.099390700889879
202210,103.0,8.0,31.0,13.805828841031156,12.250539190600442,2459.575,-6.276933343152721
202408,27.0,10.0,3.0,12.622098459231045,12.088723890560281,2563.706,-6.258381774551138
202402,139.0,50.0,66.0,14.809302555397434,14.67920272290055,4308.344,-6.149082034949909
202311,97.0,15.0,31.0,13.13278488436531,12.791345041193628,765.531,-4.072852437360835
202311,583.0,283.0,96.0,11.820373399336468,11.742082896601215,807.494,29.348991490363325
202310,327.0,104.0,53.0,12.692681393525085,12.68948287830663,864.725,-0.3320715124624112
202303,65.0,30.0,18.0,14.75217551844533,14.293629915416332,6046.351,-4.1061141076318695
202409,13.0,1.0,2.0,11.781310032530024,7.413970290190444,423.979,-6.271039005393656
202408,31.0,5.0,14.0,10.250475730885316,10.235054922800046,283.735,-1.1942411636564554
202210,383.0,81.0,95.0,12.929724782528329,12.662069257937485,1772.144,32.12883872481879
202406,68.0,11.0,27.0,11.189989202301655,11.19000301397943,381.885,6.026219188993528
202303,159.0,23.0,29.0,12.236582451734746,12.178269700868086,426.654,-6.1833971191426125
202407,480.0,103.0,37.0,12.603478699859323,12.564313363005484,1188.429,-6.2127869616952545
202403,348.0,78.0,91.0,13.812272320528308,12.604912521844323,1102.91,3.6664555163224097
202210,114.0,7.0,5.0,12.558724005701277,12.558727519806016,1311.096,-6.2918148135823255
202401,66.0,15.0,21.0,14.592598990833702,12.857845595782413,2762.698,-4.177849112367331
202207,91.0,17.0,44.0,12.703052862474111,12.464382548323465,1841.919,-6.19812621862171
202408,102.0,18.0,32.0,11.858159207260014,11.858166287783265,867.712,-1.7422130591957998
202306,175.0,36.0,26.0,13.062105813214,12.785964338104126,824.198,-5.092051156350646
202306,325.0,81.0,96.0,14.00268697748441,13.844153406868024,1836.837,13.786739867672155
202303,281.0,76.0,64.0,13.74085489739509,13.333816460704531,2128.028,5.793174504363455
202308,110.0,43.0,25.0,11.742241924622288,11.5722127223251,816.377,-6.256157534964052
202406,905.0,19.0,77.0,11.592826624164713,11.588811854801362,581.089,-5.184245185935185
202308,140.0,34.0,21.0,10.840756690795475,10.833878408789065,159.364,-6.235381726775383
202405,96.0,35.0,20.0,11.823097726457181,10.538263819769744,203.488,-4.02752771045692
202207,27.0,17.0,7.0,10.372177819699333,10.371833558683493,166.344,-4.347155980963951
202307,82.0,9.0,6.0,12.376937153608145,12.191659270093401,1140.328,-6.271039005393656
202207,49.0,7.0,24.0,13.457646335685752,13.084239822153139,1083.677,-5.191561980229505
202301,58.0,5.0,19.0,12.526640503942271,12.381642292730731,647.694,-6.246220000726442
202410,8.0,1.0,4.0,10.855357760915753,0.6931471805599453,208.074,-6.271039005393656
202306,478.0,171.0,107.0,11.732807703982067,11.01013414623256,809.531,7.411127266748876
202211,149.0,30.0,91.0,14.171570412774468,13.847933216616557,2834.19,8.610579820571337
202410,53.0,3.0,3.0,7.635786861395585,7.6362696033793735,7.258,-6.276933343152721
202402,410.0,115.0,63.0,11.94428571437373,11.944292210601047,848.019,2.098817624200281
202301,33.0,0.0,4.0,13.417529871565735,12.945700181847661,4083.728,-2.33857149424417
202301,54.0,22.0,10.0,11.954645353737565,11.954574628969398,554.729,-6.237605966362469
202401,388.0,68.0,82.0,14.014453215774465,13.310643811438519,1775.428,-2.9133807682273276
202309,130.0,23.0,14.0,11.447437159597042,10.4494969056366,208.003,-2.3866652763489014
202306,14.0,0.0,6.0,12.476992513911151,12.332031060406912,431.026,-3.307960486592388
202208,247.0,59.0,69.0,12.821412326809353,12.52123368897024,2106.178,11.606667951434202
202308,246.0,48.0,22.0,12.094487239827917,10.894254760086813,287.979,-5.255559743171732
202301,522.0,119.0,138.0,15.418755533690359,14.390383082042119,4722.293,54.1812757726037
202303,114.0,26.0,58.0,12.886063662040565,12.415899927570903,1816.374,-5.95730507264569
202208,121.0,31.0,29.0,11.754851515583805,11.22132907489657,688.862,-3.3540507564660946
202311,754.0,145.0,331.0,13.504214524301833,13.500846387382442,2392.033,-6.064380572659834
202211,276.0,38.0,92.0,14.384055504897827,13.941946713822823,5863.665,-1.3967346930052011
202208,263.0,92.0,80.0,14.17999671479067,14.090167419460784,3941.718,38.79944998808458
202211,206.0,23.0,59.0,12.989229619998158,12.546277194116001,1327.735,2.005817034188702
202405,280.0,7.0,5.0,9.716916981452759,9.71697723512072,80.136,-6.2768612343119
202406,321.0,16.0,13.0,14.03338505214564,13.862564930804922,4020.725,-4.091453364558326
202410,2.0,0.0,1.0,7.623153068476902,7.6236419465115715,18.186,-6.227889159480919
202306,215.0,35.0,80.0,10.205405315014563,0.6931471805599453,670.82,8.768923743844367
202409,3.0,0.0,0.0,12.065113737076855,0.6931471805599453,66.204,-6.2918148135823255
202306,147.0,23.0,40.0,13.269466999228795,12.642868447934744,1273.538,25.353318183128998
202210,55.0,21.0,13.0,9.704243616546224,9.70430463866676,175.412,-5.030349741836326
202308,213.0,23.0,78.0,13.7745520957994,12.70514345133498,3838.69,0.5628056100427781
202312,332.0,116.0,131.0,13.355698022665155,13.321697725806908,2090.133,14.014394835950709
202211,165.0,13.0,17.0,11.850547040847962,11.743600582699784,772.265,-6.271039005393656
202311,104.0,26.0,21.0,13.56096018537274,13.159252528424007,1426.596,11.430209376366305
202301,905.0,395.0,170.0,13.893542321968326,13.199898327897047,3074.328,21.00997528848415
202301,3.0,0.0,1.0,14.20901846279726,0.6931471805599453,2084.331,-6.227889159480919
202405,341.0,170.0,36.0,12.177271855924447,12.17441168530198,1258.33,-5.158201050039138
202212,324.0,36.0,94.0,13.465689217197971,12.649745133029521,1372.44,1.7233822769379934
202307,4.0,0.0,3.0,13.371174675467117,13.37117623492009,1933.175,-6.227889159480919
202208,22.0,6.0,7.0,12.434263438065896,11.458458719456326,1544.222,-6.2918148135823255
202310,176.0,29.0,79.0,10.995511519127382,10.995528295821199,1009.213,-1.32159766664617
202405,16.0,2.0,4.0,12.07781304683475,11.617105283879892,597.209,-4.246856863870388
202306,204.0,14.0,23.0,12.068257806318737,11.63780327310248,608.323,-6.2918148135823255
202301,353.0,126.0,89.0,14.550263585751656,14.003747915187533,3197.168,13.744617309542521
202403,252.0,23.0,89.0,14.844297485865226,14.505963111274973,3680.542,41.19067926259531
202210,166.0,29.0,72.0,13.613013640417655,13.569324812619415,2380.912,30.897573510738717
202402,323.0,57.0,77.0,12.624697450414985,11.997940851836402,955.345,-6.2918148135823255
202406,106.0,23.0,25.0,13.219704221286767,12.102305304539795,1600.602,-6.258381774551138
202208,156.0,73.0,35.0,12.19796486613601,12.176097856778236,1043.619,-1.2478148192094247
202210,34.0,11.0,9.0,13.22027743689683,13.025894326368054,2291.232,-0.07645927210994241
202403,100.0,22.0,21.0,12.08184073551082,11.97718764358685,386.417,-6.227889159480919
202308,5.0,1.0,4.0,10.48097132444235,10.480999389497148,110.502,-6.2918148135823255
202301,308.0,179.0,92.0,13.566776084450405,13.282994726542663,2689.49,-3.383827957864139
202308,7.0,0.0,0.0,11.675163354980105,0.6931471805599453,761.19,-6.2918148135823255
202309,238.0,22.0,25.0,11.009042352770813,11.008860271247446,199.076,-2.092536326124187
202410,38.0,16.0,12.0,12.497760434376836,12.348027833157543,1438.986,-4.283230326862545
202408,65.0,0.0,4.0,9.645429005150419,0.6931471805599453,606.611,-6.2918148135823255
202408,102.0,34.0,48.0,13.87258913528404,13.104747118262463,3234.466,0.20244577342257486
202207,126.0,26.0,26.0,11.26952818462875,11.17442717729299,357.095,-6.222724495932864
202303,29.0,8.0,10.0,10.63274966676691,10.632773779711947,90.075,-6.2918148135823255
202309,21.0,1.0,9.0,11.941735937073384,11.089790154331226,18659.459,-6.271039005393656
202406,68.0,18.0,45.0,11.70653309378115,11.706541333558677,619.715,-5.319485397273138
202212,204.0,14.0,23.0,12.68077770570948,11.962930447709274,577.295,-6.2918148135823255
202301,205.0,16.0,13.0,10.732912351388622,10.273187304197549,314.54,-6.265956907992005
202210,25.0,1.0,7.0,11.248399866502227,9.766808353620874,484.976,-6.276933343152721
202312,70.0,18.0,45.0,12.595594668717233,12.371824343994964,1421.613,-6.2918148135823255
202410,145.0,1.0,0.0,6.502790045915623,6.504288173536645,28.718,-6.2620518727231165
202403,52.0,18.0,14.0,12.296306325321314,12.296310893899093,214.113,-5.319485397273138
202405,301.0,141.0,76.0,11.894166184187528,11.824277676244678,492.464,-2.242126177126467
202208,17.0,4.0,7.0,11.377105741827693,10.40477785931878,358.378,-3.3748265646547635
202207,250.0,90.0,33.0,13.020454675155719,12.309662093773575,1551.978,-1.4374169005224653
202408,505.0,172.0,266.0,14.452125481548315,14.085574335727435,9560.49,-4.777110945824491
202301,716.0,290.0,153.0,12.834235872428875,12.812569293079378,3679.188,40.81900491177231
202208,14.0,6.0,4.0,11.755926544034345,11.716731240927853,342.569,-6.258381774551138
202303,18.0,6.0,3.0,12.783278530888106,12.530439767131682,839.084,-1.4301677320363888
202303,202.0,23.0,50.0,12.947188224130809,12.802824557790148,654.755,25.362498833797865
202208,68.0,20.0,23.0,13.63587658637557,13.635594106584163,1627.951,-3.801585373702219
202306,205.0,16.0,13.0,10.191144624675404,9.990215556045952,279.018,-6.265956907992005
202404,830.0,347.0,372.0,13.752293829540362,13.514710823959021,5446.579,1.9491852544417316
202405,105.0,14.0,50.0,13.133143067214558,12.207162051911498,1379.672,-5.319485397273138
202307,67.0,28.0,14.0,9.443038136095204,9.44311737225863,195.861,-3.906966588197433
202403,406.0,33.0,172.0,14.656855736242052,14.599964004261015,3435.173,-6.165341007558852
202210,36.0,12.0,11.0,13.390136066861743,13.029548282285758,2300.841,-6.084935653492442
202408,50.0,6.0,23.0,13.67982255581396,12.850775102249306,3072.388,-6.179574650020127
202301,4.0,0.0,0.0,12.344725277195485,12.344729629837865,996.074,-6.036112197176701
202303,88.0,14.0,10.0,12.745302035808653,12.342193183423415,596.524,-6.1915156964887625
202207,843.0,347.0,136.0,8.687273461787838,8.687442166975924,1393.318,4.7256884852705845
202403,42.0,27.0,9.0,12.600436360567164,12.530179458737074,1130.225,-6.227889159480919
202312,88.0,26.0,9.0,9.808847148382007,9.80890211004626,108.509,1.0334876178795147
202303,594.0,158.0,101.0,13.151941596933085,13.097957973565576,851.255,3.488295569773941
202301,92.0,14.0,27.0,12.501421502933612,12.120738043785057,531.055,-6.152904504072394
202309,15.0,0.0,6.0,9.475163150281881,9.324115386235027,83.111,-6.2620518727231165
202303,63.0,9.0,26.0,13.672914202432688,13.103832740784894,1296.055,0.5942486266800664
202210,16.0,0.0,1.0,10.677407943118556,0.6931471805599453,1470.981,-6.227889159480919
202406,40.0,6.0,18.0,12.632976296995821,12.316029581444973,795.388,-0.14038492621134857
202410,233.0,83.0,98.0,13.392851477060166,12.37375845369095,2516.408,0.2485353914915569
202211,391.0,69.0,80.0,13.202201756511897,12.658023677783032,1454.396,-1.8771256978167346
202207,233.0,79.0,50.0,12.491368122326804,12.455464671623952,851.07,-5.298709589084469
202401,9.0,3.0,5.0,13.23610090769426,13.1897060881246,835.875,-6.2918148135823255
202407,41.0,6.0,21.0,12.394227157516571,11.953423040583187,899.815,-0.3939126616257953
202210,399.0,129.0,53.0,10.706251179419397,10.69014784459452,656.127,-3.026880560068692
202301,328.0,86.0,100.0,14.106728372307183,13.864812019970115,2443.238,24.77695652346238
202402,174.0,40.0,35.0,13.340978289895553,12.149232416358233,887.846,-5.255559743171732
202301,74.0,18.0,17.0,12.564568430730843,12.5232965297879,329.362,-4.347155980963951
202407,45.0,10.0,12.0,11.930292793135354,11.668295401202217,745.621,1.5507461709925794
202401,132.0,26.0,46.0,14.260335472115958,13.990730289724159,1197.168,25.483010597461444
202301,28.0,9.0,14.0,13.252064443685985,12.884101112125055,1132.387,-6.258381774551138
202303,522.0,187.0,169.0,13.820094037753867,13.563108109432513,2759.523,22.66765500065197
202408,24.0,9.0,12.0,11.871571465100796,11.720744188662701,1152.842,-6.2918148135823255
202307,150.0,57.0,22.0,10.14858827120238,10.02548392184538,379.818,4.3250920173408804
202212,24.0,3.0,3.0,13.875526994873756,12.518296099625308,1784.161,-4.347155980963951
202309,77.0,8.0,37.0,12.864532621042049,11.982866592262758,1224.88,-5.319485397273138
202210,100.0,9.0,10.0,11.098787859232159,10.989841682697591,120.806,-6.271039005393656
202404,52.0,9.0,32.0,12.254615159989328,12.048945039050464,590.69,-6.232523868960818
202301,36.0,7.0,17.0,12.195628292668225,12.10693163746402,567.708,-6.234431325208313
202311,147.0,66.0,20.0,11.713062381634185,11.711817306482146,100.36,-2.635735350973976
202303,447.0,217.0,62.0,10.645162958200558,10.645186773678239,1134.2,19.492656677780566
202307,240.0,21.0,50.0,12.892255632288487,12.056278296433716,1398.101,-6.2918148135823255
202405,468.0,9.0,2.0,12.495719037442624,11.969786862161808,765.921,-6.204172927331281
202408,57.0,7.0,37.0,13.551215530773455,13.442036728120796,3297.117,-2.113361492908764
202303,200.0,0.0,0.0,10.749849260583721,9.508071780280964,186.612,-6.20711335129225
202307,173.0,37.0,46.0,11.761635393372869,11.576885693929105,719.557,4.493918290465253
202310,22.0,5.0,9.0,12.486900028183936,12.115272281203676,1029.325,-6.163963505379513
202410,6.0,1.0,4.0,13.51389587590233,13.513897227941577,591.917,-5.319485397273138
202403,8.0,2.0,1.0,13.853152140331192,0.6931471805599453,1656.189,-6.2918148135823255
202301,263.0,36.0,131.0,14.7093740693087,14.275570537584523,3442.698,-5.2860523582419505
202309,15.0,3.0,0.0,12.267247704063815,9.878989920935728,1098.756,-6.235381726775383
202210,236.0,36.0,99.0,13.847997108998573,13.636542970322314,2857.709,21.58341781989229
202404,93.0,0.0,16.0,12.840125127094698,10.012969563153126,88.243,-6.2918148135823255
202410,87.0,9.0,21.0,12.260257754588253,12.215676381672868,442.392,-6.015287030392124
202407,11.0,4.0,1.0,11.036694485968736,9.123038043573386,539.329,-6.227889159480919
202405,143.0,35.0,53.0,12.621022629649552,12.496212944066897,947.537,-4.2505269620423665
202307,54.0,14.0,19.0,11.16610183708187,11.166115982653952,377.06,-6.227668432124859
202210,303.0,57.0,62.0,10.074326772221049,10.07192145404481,539.8,3.2472853305529483
202212,192.0,65.0,38.0,9.959489742651412,9.735483016336966,621.121,-5.185519023955201
202406,210.0,22.0,76.0,13.58342716508059,12.915324447713468,1913.182,-0.17381796524253623
202303,531.0,160.0,90.0,11.558692015003011,11.498319312580866,497.392,-4.156756520839071
202309,417.0,35.0,40.0,12.762652400807582,11.839888344923436,888.314,-1.2987499898209203
202207,5.0,1.0,0.0,13.149575739586911,0.6931471805599453,509.915,-6.163963505379513
202408,46.0,17.0,3.0,8.9614943233096,8.961622569542543,174.803,-6.227889159480919
202410,38.0,9.0,5.0,12.227413305134323,7.585788821732034,315.553,-6.235381726775383
202208,544.0,92.0,172.0,13.34790564948618,12.81891500073341,1644.243,27.556376657305577
202312,317.0,70.0,104.0,14.779770926991432,13.252503526256367,3631.154,24.90548162687338
202306,61.0,10.0,11.0,12.145839509573149,11.244078231397015,586.256,-3.119074589653231
202308,80.0,1.0,1.0,4.948759890378168,4.955827057601261,1.747,-6.271039005393656
202212,164.0,33.0,17.0,13.096458730597147,13.061495976119344,1065.888,0.698045821380731
202303,83.0,37.0,25.0,13.889579457926116,13.120792143662843,2334.872,-6.204172927331281
202410,135.0,3.0,0.0,5.68697535633982,5.69035945432406,4.166,-6.276933343152721
202303,68.0,19.0,25.0,13.051591066510873,13.047152643586255,1083.005,-4.021680070085478
202310,205.0,16.0,13.0,10.599580390384643,10.021981446583917,235.251,-6.265956907992005
202308,1.0,0.0,0.0,10.147844500249535,0.6931471805599453,0.0,-6.2918148135823255
202406,701.0,384.0,121.0,14.113460980002836,13.930210623927394,4528.5,43.16993201100941
202208,119.0,16.0,76.0,12.13817381821573,12.086004501000073,667.31,-6.255207133396982
202301,72.0,11.0,42.0,13.519473681129739,13.452660875217447,2389.545,2.07103552411977
202406,95.0,18.0,14.0,10.768926997586153,10.768948040692958,450.18,-6.2918148135823255
202410,68.0,5.0,6.0,10.0267665686963,9.2771575450135,50.536,-5.319485397273138
202207,29.0,5.0,15.0,11.716290708692531,11.716298868460795,709.825,0.734585796965245
202303,164.0,3.0,9.0,12.152956638378935,12.152961911124903,164.175,-6.271039005393656
202210,94.0,22.0,44.0,13.342439829976254,12.330826881363645,1585.184,-4.3420738835623
202309,2.0,0.0,0.0,2.5649493574615367,0.6931471805599453,345.317,-6.2918148135823255
202410,6.0,0.0,0.0,9.905585350618274,0.6931471805599453,165.465,-6.2918148135823255
202403,51.0,20.0,9.0,11.651382208117244,10.718697486570514,482.89,-4.216364248800169
202401,118.0,25.0,55.0,14.318060028659062,13.827227644017619,3112.598,-6.11447786699559
202312,39.0,6.0,9.0,13.404506136146786,12.926754736984366,3331.516,-6.213007689051315
202408,51.0,12.0,39.0,12.803201645712527,12.803204397656431,1026.749,-6.2918148135823255
202408,267.0,93.0,56.0,11.182280218419526,11.005111966862197,628.45,4.638784932631598
202210,42.0,4.0,30.0,12.085733846691634,11.65474615623205,651.772,-6.2918148135823255
202207,92.0,10.0,45.0,12.868208920055997,11.922867204661026,876.068,-5.2860523582419505
202310,163.0,17.0,19.0,10.495570530609053,10.364923332360709,97.6,-6.276933343152721
202301,96.0,28.0,34.0,13.412654044512658,13.218293365088059,2254.012,0.07898009596090105
202403,160.0,15.0,32.0,14.088009447040562,14.035731442445632,2564.769,72.59255214458024
202212,47.0,10.0,31.0,12.315411238137209,12.314886690883425,641.47,-6.2918148135823255
202306,63.0,4.0,52.0,11.71084966499159,11.657121042504365,288.899,-6.271039005393656
202303,353.0,101.0,77.0,12.3513238421704,11.980707879143255,841.189,1.6220607282291262
202207,200.0,78.0,80.0,9.975342989636555,9.919902093804223,455.556,-5.035465046788473
202407,645.0,106.0,148.0,13.839554179517709,13.782530650409658,1763.449,-4.284828556397944
202402,171.0,8.0,42.0,11.625039126720687,11.625048066107176,269.203,-6.2918148135823255
202212,187.0,73.0,54.0,13.783167102171364,13.501192886546026,762.306,-5.319485397273138
202403,77.0,19.0,24.0,14.297204958063972,13.093622280750425,2317.146,-5.142369178042463
202312,482.0,11.0,19.0,10.513606322644657,10.452475637396468,111.253,-6.241276064534448
202301,34.0,15.0,9.0,10.800921609559978,10.800941990063988,116.44,-6.194456120449732
202307,299.0,88.0,99.0,13.622982289454386,13.119164265698902,1416.448,7.366944453122665
202408,6.0,3.0,2.0,9.394743094973961,9.394826251599515,580.609,-6.2918148135823255
202303,58.0,7.0,3.0,10.783570627440774,10.78359136464851,30.318,-6.275982941585651
202310,365.0,63.0,129.0,11.885026807804161,11.71370070042243,706.884,-3.771586642210416
202407,43.0,5.0,8.0,11.32978357179237,10.857459351377972,323.734,1.4868205168911732
202311,760.0,135.0,209.0,13.95231072731231,12.920797837243613,3679.074,37.7531977012003
202207,45.0,7.0,36.0,10.532549442567325,10.532576096795353,245.119,-6.2918148135823255
202303,518.0,249.0,88.0,11.418944401499335,11.377758449729738,1091.496,3.9417094614925983
202402,12.0,1.0,2.0,13.171559173579688,12.959321958491552,3564.393,-6.194456120449732
202406,136.0,60.0,34.0,10.8474323611921,10.847451815498797,395.031,-1.8983821014776519
202210,893.0,188.0,175.0,13.51337926313943,13.404411106713987,4041.91,6.241062330234923
202303,16.0,4.0,2.0,11.970919770090234,11.24199562043949,694.085,-1.4152862616067843
202308,38.0,9.0,5.0,12.106661066474759,7.701652362642226,484.825,-6.235381726775383
202404,166.0,45.0,25.0,9.895959286115337,9.89600966268017,238.197,-0.685182180596537
202403,195.0,44.0,29.0,12.716645237286265,12.463822433504602,424.359,5.537422529361923
202307,129.0,15.0,64.0,11.553750659485363,11.518967177016371,791.544,5.604401336667392
202410,387.0,29.0,64.0,11.806974723800169,11.698541588713613,343.772,-6.276933343152721
202408,360.0,61.0,126.0,11.385126183788353,11.339809407255666,1215.022,-3.269349294176019
202303,192.0,54.0,66.0,11.939532172831768,11.68874258034198,814.486,-2.4380640509106932
202408,53.0,8.0,16.0,10.81376021208472,10.313774350923506,279.622,-6.237605966362469
202211,143.0,62.0,68.0,11.724902906671694,11.724910996468438,753.54,-5.954397856235217
202405,39.0,7.0,9.0,13.28294362887969,12.94595788613342,2975.75,-6.213007689051315
202309,356.0,38.0,22.0,11.100073138428046,10.834272730560736,247.358,-5.227395031847922
202207,325.0,35.0,96.0,12.628932254967092,12.378305986965328,1489.58,1.7233822769379934
202210,376.0,251.0,54.0,10.66874607044333,10.33514009039794,324.031,-3.325561653626901
202208,361.0,62.0,127.0,11.410781991301524,11.343642534638557,1193.072,-3.269349294176019
202401,94.0,36.0,37.0,12.332119221671554,12.176911564187186,712.594,-1.8471271680558905
202406,265.0,60.0,66.0,9.40351943877092,9.302098797215724,326.1,-4.574499845833286
202402,171.0,25.0,81.0,15.31921055019908,13.51868144526835,2876.519,-6.2918148135823255
202409,28.0,10.0,6.0,7.718685495198466,4.110873864173311,260.396,-6.2918148135823255
202301,67.0,25.0,21.0,15.67693647177798,12.776249610246222,4634.762,-4.3263801727752815
202303,44.0,11.0,21.0,12.639431740422634,12.639434982055574,2936.081,-5.0637827808675135
202311,187.0,72.0,56.0,13.353411604288517,13.103877562729727,657.746,-5.319485397273138
202212,1437.0,534.0,170.0,13.886822338701704,13.61633252570369,2329.952,55.57582578214061
202406,108.0,21.0,42.0,11.814577008422784,11.653087327366714,476.11,-6.14519120942187
202312,388.0,74.0,83.0,14.509764126251534,13.658670765712998,2206.292,-1.0280128802304604
202303,36.0,7.0,17.0,11.760855283025709,11.624457895119304,382.631,-6.234431325208313
202311,46.0,17.0,20.0,12.666962999743749,12.592895053366632,1433.834,-4.1062854763920225
202307,250.0,45.0,110.0,12.385920311444618,12.232032747199705,1196.789,-6.276933343152721
202301,219.0,68.0,84.0,14.200065225377527,14.051998278501957,2018.644,-2.134087942501525
202207,146.0,0.0,10.0,7.140453043101158,7.093404625868766,82.528,-6.256157534964052
202306,300.0,88.0,99.0,13.370137100335123,13.100635017073964,1198.295,7.366944453122665
202210,107.0,12.0,8.0,9.353661191420406,8.738414897167749,309.408,-3.3646623698514615
202303,96.0,9.0,28.0,12.561310557432785,11.858951914396252,1134.468,-1.4301677320363888
202210,334.0,131.0,72.0,10.126511096649761,10.094397126516617,831.702,6.991631116024623
202301,472.0,83.0,130.0,16.131785910245615,15.61350438645952,17255.548,119.62905105628394
202210,141.0,42.0,61.0,13.488295937076977,13.353163938851504,4054.267,11.064435797459288
202210,23.0,5.0,7.0,11.085015341531545,10.991257946359317,459.628,-6.227889159480919
202207,216.0,97.0,47.0,12.203007954157329,12.201768395522317,834.005,-0.9199376200533393
202405,265.0,49.0,65.0,14.13291719561719,13.556453518593946,2819.351,-1.0229307828288094
202405,214.0,35.0,54.0,12.457679253344704,12.238544675927017,984.448,19.304362293842765
202307,58.0,5.0,19.0,11.949294748216976,11.764819725116144,777.248,-6.246220000726442
202301,17.0,3.0,3.0,13.402292473051292,11.907673348237187,1101.818,-6.143187697190844
202211,118.0,18.0,25.0,14.616273259744787,13.475286692776882,2232.696,4.54948196841212
202403,14.0,2.0,1.0,15.729897163079361,15.65689936296828,6988.252,-5.111876562972245
202312,220.0,56.0,54.0,14.296615464381176,14.15861149044255,2044.02,5.762599323146832
202306,477.0,62.0,58.0,12.211189531909636,12.161566790587283,786.341,-4.718011657272621
202301,110.0,23.0,47.0,12.41078742537595,12.410791499766166,534.507,-2.7145424755049867
202311,20.0,1.0,10.0,13.5011956251916,13.501196994511576,3210.428,-5.999738734184544
202307,51.0,9.0,30.0,11.926120619140303,11.90106128455657,421.438,-5.319485397273138
202207,215.0,19.0,64.0,12.585368301056434,11.625432384148489,1477.286,-0.5778139231780983
202409,476.0,28.0,47.0,9.237566358229774,9.237663667625073,217.328,-5.233289369606987
202211,81.0,34.0,8.0,10.44897543856412,10.419211161564311,91.692,-5.996362363483974
202210,17.0,4.0,7.0,12.765239761398766,12.484332972402973,1317.121,-6.275982941585651
202405,476.0,85.0,129.0,15.367345628403097,15.065960281541921,13998.572,119.79033540351794
202212,272.0,40.0,187.0,13.301962899487656,13.19496864964129,1833.584,7.264747061396806
202210,517.0,249.0,88.0,10.652873279543263,10.652896912104206,1039.394,3.9417094614925983
202207,538.0,266.0,87.0,13.196496349245557,12.920846768702882,1688.3,10.293526005079686
202408,201.0,81.0,42.0,10.66955986311063,10.66958310460134,356.206,-3.0700304059814294
202207,102.0,43.0,12.0,11.549537007966794,11.416249352704767,442.914,-6.227889159480919
202408,108.0,16.0,41.0,14.214329630019321,13.497697746412907,2892.295,-6.271039005393656
202306,24.0,5.0,7.0,10.95920973739723,10.954676242858241,454.16,-6.227889159480919
202208,130.0,36.0,12.0,9.75021981613291,9.750278096285621,177.988,-5.255559743171732
202208,912.0,307.0,118.0,12.467151468787385,12.427999456916488,2242.997,16.058980325051195
202410,4.0,4.0,0.0,8.9851948179913,8.985320060649112,72.514,-6.2918148135823255
202303,25.0,2.0,4.0,13.215257914619293,11.378250561643627,527.149,-4.3263801727752815
202207,219.0,6.0,11.0,13.834101667355194,11.805945763704612,2371.349,-4.211282151398518
202303,12.0,0.0,0.0,13.788935549778476,0.6931471805599453,3253.095,-6.2918148135823255
202301,319.0,42.0,118.0,13.907890995717018,13.844877108716977,2583.454,5.044799498068629
202303,129.0,4.0,14.0,12.013294609811725,11.921499070025092,466.419,-6.276933343152721
202212,181.0,121.0,20.0,12.06824632862277,11.36061309441661,1150.377,-5.972186543075295
202408,65.0,30.0,18.0,14.166725724406104,14.035907942010457,9709.304,-5.078443523941058
202410,2.0,1.0,0.0,10.852961578200516,0.6931471805599453,0.0,-6.2918148135823255
202211,101.0,49.0,28.0,10.238315581044851,9.888170848424235,184.605,-4.387617461125155
202301,202.0,23.0,50.0,13.496237366179543,13.384261379342185,1056.226,25.362498833797865
202311,104.0,16.0,31.0,12.778141993546779,12.750780720789438,501.371,-4.211915769625998
202301,119.0,27.0,32.0,14.944773609102597,13.860475319363488,2553.539,1.3204483923251482
202212,66.0,3.0,16.0,13.950224126543365,13.529674780061287,2139.313,13.636451673312243
202403,581.0,123.0,260.0,14.593265854995304,14.519336516866368,2862.293,35.35737684388795
202210,11.0,1.0,2.0,12.969701588628489,12.465038835383808,3453.487,-6.258381774551138
202212,53.0,13.0,9.0,10.265244560881653,10.265279382854322,210.135,-3.3748265646547635
202311,357.0,59.0,39.0,12.184956255625695,11.782960235741939,514.102,-6.2263945941048435
202406,35.0,3.0,17.0,13.406204583162143,13.182272449158221,2469.989,-4.072852437360835
202406,68.0,3.0,15.0,11.912768130060039,11.265630092311698,718.149,-4.3313241089672765
202409,61.0,5.0,5.0,11.281749741958754,11.229607190619948,218.774,-6.173680312261062
202210,521.0,56.0,37.0,11.118459642320433,10.938094511228325,331.437,-6.250263197204988
202403,113.0,14.0,43.0,12.395224985977023,12.377350106861806,364.618,-6.2918148135823255
202303,160.0,61.0,31.0,11.30561835268232,11.135201975043723,256.322,-4.013870719451424
202303,219.0,68.0,84.0,13.738854110434803,13.628620581815317,1423.759,-2.134087942501525
202301,22.0,1.0,19.0,13.377813021659867,13.377814570794946,1619.593,-5.319485397273138
202208,29.0,11.0,7.0,11.423711664425399,11.422300293356162,335.086,-3.0908062141700983
202409,151.0,1.0,3.0,7.440146680662688,7.440733707389261,10.733,-6.234431325208313
202312,263.0,43.0,106.0,13.135145338968865,12.882386436242204,1164.814,11.697191721435113
202312,62.0,8.0,24.0,12.699664619350134,11.711800913576996,1028.007,-6.2918148135823255
202403,491.0,140.0,91.0,12.740900887797794,11.57577819095329,1206.24,2.9391879974242396
202403,282.0,82.0,41.0,12.371235327233332,12.280679064867028,546.306,-4.23646438508353
202409,289.0,21.0,57.0,12.949796488758487,12.007304583357278,1790.676,3.656293133233099
202312,535.0,261.0,88.0,13.566576009806505,13.3696546123743,1561.233,10.105095052689775
202210,108.0,13.0,22.0,11.31314437369291,11.299855999227493,436.457,9.329381501466077
202308,102.0,17.0,28.0,11.935470543056262,11.934021110606094,110.556,-1.3935600518510451
202403,50.0,6.0,22.0,13.869378285652818,13.614425665623326,4779.85,1.740348252305619
202303,42.0,6.0,6.0,12.310860497247301,11.698641254832198,239.401,1.4868205168911732
202404,45.0,1.0,9.0,12.596349662972143,12.596353047313135,483.887,-1.3551830766278634
202406,177.0,21.0,63.0,12.98521172525545,12.645033778654753,1561.798,22.17414746522816
202403,640.0,209.0,120.0,11.25239152443746,10.782699276168863,1058.213,0.03655992425917365
202312,20.0,1.0,10.0,13.124796415166028,13.124798410303878,3743.278,-5.999738734184544
202301,481.0,230.0,78.0,13.5737561439203,13.536292563924622,2277.598,24.087097013258962
202303,77.0,19.0,27.0,13.317374085314272,12.418777906958569,517.011,-6.213007689051315
202210,27.0,11.0,2.0,12.880579672859069,12.71522186491522,1886.713,-5.04596088647694
202402,35.0,10.0,12.0,12.977626580937645,12.774902991582739,1775.215,-5.160920746644047
202407,14.0,2.0,1.0,15.410969822760995,15.332173095260528,10995.586,-5.111876562972245
202212,302.0,103.0,50.0,11.04344969638154,10.792633166886727,666.226,2.1954191155017426
202301,193.0,47.0,30.0,12.311783099952288,12.171113638393766,408.723,-2.2694811765947094
202211,181.0,31.0,90.0,11.948460571497746,11.948467040660862,635.961,-3.0338369711504742
202310,94.0,36.0,37.0,11.32580038973195,11.28622559745324,637.254,-1.8471271680558905
202211,171.0,9.0,27.0,13.247837648423566,12.392784550625422,934.686,-6.243500304121533
202405,532.0,76.0,50.0,11.092031948704845,10.944770824577168,277.018,9.606859686223348
202409,143.0,8.0,17.0,10.151128575450725,10.043553796432969,102.5,-6.276933343152721
202309,68.0,13.0,8.0,10.99837625057064,10.99839297927291,369.129,-6.2918148135823255
202308,1.0,0.0,0.0,14.565853901651655,0.6931471805599453,15273.559,-6.2918148135823255
202307,120.0,1.0,14.0,10.431229288678432,10.43125878502826,79.386,-6.2918148135823255
202212,37.0,7.0,7.0,10.67964227207968,10.643232018472856,64.279,-6.2918148135823255
202311,67.0,5.0,16.0,13.474268765071514,13.155488627836156,1679.145,13.636451673312243
202309,230.0,23.0,19.0,7.603897968521881,7.604396348796338,137.193,-6.241276064534448
202409,138.0,20.0,27.0,11.384353184170465,10.6498673956928,528.022,-6.163963505379513
202303,102.0,2.0,2.0,12.351466524820648,12.21050281780949,460.627,-6.2918148135823255
202312,9.0,0.0,2.0,11.83363120386919,11.833638460210326,526.605,-6.163963505379513
202303,153.0,3.0,9.0,10.314669620973522,10.28973586171716,79.741,-6.2918148135823255
202311,205.0,16.0,13.0,10.584283773037043,10.184447079227082,238.137,-6.265956907992005
202309,185.0,77.0,47.0,11.578066929301015,11.560581653098458,1228.659,3.5281083684311323
202309,90.0,1.0,1.0,4.948759890378168,4.955827057601261,1.812,-6.271039005393656
202306,420.0,71.0,152.0,13.327251711565504,13.249297304535366,1780.071,-5.214820367151807
202301,259.0,57.0,144.0,12.444325474644927,12.444329414654343,979.274,-6.271039005393656
202303,326.0,77.0,57.0,12.644511430526876,12.638092046859583,610.137,-6.164693179590523
202308,36.0,14.0,17.0,10.723113187119681,10.702997246586362,314.132,-6.250263197204988
202312,262.0,91.0,79.0,13.30584259718117,12.914679703952162,897.395,-5.112826964539315
202301,95.0,15.0,29.0,14.330654245459712,11.984078433472485,2142.162,15.483328385828434
202402,25.0,4.0,11.0,12.64131336085495,12.46701667116655,1678.924,-6.097097427317138
202405,416.0,216.0,118.0,15.406230782342714,15.284047819941183,7589.526,23.094704660121977
202409,293.0,27.0,20.0,12.708845936105336,11.772254358124966,1086.175,14.293551939692664
202303,487.0,138.0,92.0,12.864216805951747,12.728327703755879,911.411,38.44912294820756
202303,159.0,23.0,29.0,11.547539429486276,11.497202504504992,355.928,-6.1833971191426125
202303,82.0,18.0,21.0,11.865889532114611,11.37901685835231,227.884,-5.222126704140544
202207,14.0,3.0,1.0,12.355625629275359,11.723064827149184,12874.655,-6.276933343152721
202401,191.0,12.0,13.0,12.467132213096846,12.12110281952008,1767.481,-6.227889159480919
202210,103.0,25.0,39.0,11.399230312522345,11.399241516564762,391.539,-1.2682573747507027
202301,14.0,1.0,1.0,13.861694471668695,13.066074467788937,1575.248,-5.319485397273138
202404,259.0,53.0,97.0,13.847351220799988,13.750762948302555,1890.73,-5.1969984727612335
202210,345.0,65.0,59.0,13.19254966981449,13.062303346176629,853.022,6.344672656934748
202402,95.0,47.0,17.0,12.818877073407581,12.818879782549988,759.83,-6.177278301592221
202211,171.0,47.0,29.0,10.969404458366096,10.739543891699677,457.155,-0.31870727886120864
202306,284.0,88.0,103.0,13.287694748278593,13.027969177961875,2123.716,7.814416221925754
202212,200.0,87.0,30.0,9.471087945687758,9.471164990258082,344.619,-5.265276550053281
202408,165.0,32.0,18.0,12.421300953794569,12.377168934083574,1425.588,0.6772700131920617
202410,109.0,14.0,32.0,10.168962358863777,10.041683051287528,480.495,-6.227889159480919
202312,161.0,13.0,35.0,12.380844944918964,12.283371592532648,486.858,0.5144911005819859
202401,101.0,10.0,18.0,13.69090379353636,13.304214823713664,859.581,7.335678485175901
202207,34.0,11.0,11.0,12.78975088238775,12.72298669714672,1273.137,-0.13530282880969757
202307,42.0,0.0,0.0,13.852116316640783,0.6931471805599453,8476.878,-6.2918148135823255
202401,524.0,120.0,141.0,15.271071386473677,14.17876590349183,4704.355,53.20894635629451
202307,94.0,15.0,28.0,12.811450889497387,11.754042520774586,2110.522,15.483328385828434
202402,264.0,36.0,56.0,12.990567620549394,12.517073216177717,545.606,3.055355345493501
202210,275.0,9.0,1.0,10.92258754839142,9.575261224768767,338.261,-6.256157534964052
202303,107.0,10.0,15.0,9.993191135617908,9.993236844679735,369.963,-4.682144187396456
202212,341.0,154.0,57.0,13.080966217508177,13.041357205748392,855.478,2.918688273380301
202208,179.0,15.0,46.0,12.53545912306347,12.339899619466236,1773.884,-5.972137184479387
202307,41.0,1.0,6.0,14.34210834466504,11.11946797598634,4972.448,-5.319485397273138
202307,313.0,76.0,122.0,13.78264639904509,13.726576606739902,3545.414,46.90986567628593
202210,21.0,7.0,5.0,12.595628537172157,12.396114325339266,717.601,-6.227889159480919
202408,147.0,66.0,20.0,11.416579749183544,11.415819674020685,163.545,-2.635735350973976
202408,56.0,18.0,10.0,12.857652762408092,12.791826690503783,1337.025,-6.1222737277925185
202308,1.0,0.0,0.0,8.065579427282092,0.6931471805599453,0.139,-6.2918148135823255
202303,61.0,8.0,23.0,13.600553406453562,13.228881422865966,996.425,-5.2809702608402995
202309,142.0,8.0,22.0,9.8412397390566,9.84129294894301,185.156,-6.222724495932864
202310,371.0,249.0,54.0,10.422192056250804,9.966227582357314,291.748,-3.325561653626901
202309,18.0,1.0,4.0,9.46923709299621,8.434680769841773,71.025,-3.3748265646547635
202301,96.0,9.0,28.0,13.331041202795657,12.44851673733176,1379.17,-1.4301677320363888
202212,581.0,99.0,87.0,13.22065637690283,12.910557807572047,861.009,12.093734456788097
202310,252.0,23.0,88.0,13.811158099745143,13.61733397184622,3642.162,41.19067926259531
202303,95.0,15.0,29.0,13.649316648698699,11.97004646838495,1736.443,15.483328385828434
202311,82.0,18.0,21.0,11.2601728601519,10.802265832658986,219.303,-5.222126704140544
202207,73.0,26.0,20.0,9.654641503869545,9.640107772607312,161.499,-5.319485397273138
202401,116.0,2.0,3.0,8.882252884889363,8.882391706295847,71.244,-6.256157534964052
202311,104.0,26.0,14.0,13.154106200701651,12.592443275545314,523.42,-3.3748265646547635
202210,361.0,62.0,127.0,11.508113907973007,11.324642172291952,851.659,-3.269349294176019
202312,65.0,4.0,4.0,13.495357634034956,13.493470277861203,1545.505,-6.227817050640098
202407,132.0,22.0,42.0,11.985189038616808,11.025262829230666,798.2,-6.19622541548757
202210,88.0,32.0,19.0,9.46187699779161,9.461954755266087,329.74,1.8350592788815394
202404,129.0,27.0,53.0,13.180488879019668,12.408486820248699,639.68,-6.174409986472073
202210,91.0,17.0,43.0,12.568317051183774,12.337346491813477,1439.848,-6.19812621862171
202301,179.0,21.0,62.0,14.673814062038826,13.698108949555268,2631.806,-3.256692063333501
202210,135.0,1.0,2.0,7.632885505395133,4.672828834461906,20.348,-6.2918148135823255
202303,47.0,18.0,8.0,12.225134802667547,11.5730888039415,662.212,-4.216292139959348
202307,35.0,1.0,13.0,12.556359730470819,12.463134415047843,1249.225,-2.60771871543789
202210,258.0,26.0,90.0,14.570399383296978,13.407946749123557,4395.465,-5.319485397273138
202408,187.0,32.0,99.0,14.165092203842052,14.07702061154366,6037.007,-5.623970452537256
202308,57.0,8.0,28.0,10.934748478846542,10.934766306541867,135.44,-6.258381774551138
202310,74.0,21.0,33.0,12.636139305172208,12.62096649634284,647.531,-6.276933343152721
202301,72.0,11.0,42.0,13.25360565199621,13.178134829857854,2220.65,2.07103552411977
202409,107.0,8.0,26.0,12.749794215520126,10.54191452089584,1116.488,-6.222724495932864
202311,38.0,2.0,15.0,10.18289800930364,10.182935820060806,135.964,-6.163963505379513
202303,139.0,53.0,62.0,14.64455177540542,14.504613571895137,3595.997,-6.149082034949909
202301,85.0,9.0,18.0,11.682254651932046,11.050651881786404,533.354,-6.243500304121533
202402,165.0,12.0,18.0,12.513024114900789,12.361630905679856,1124.554,-6.271039005393656
202303,187.0,73.0,56.0,13.276263168618813,13.034307819083434,690.021,-5.319485397273138
202403,52.0,12.0,17.0,15.144347666478712,13.003415413482417,3115.177,-5.298709589084469
202409,74.0,1.0,2.0,3.871201010907891,3.8918202981106265,21.811,-6.2918148135823255
202311,99.0,15.0,25.0,11.974291900820301,11.974298205016689,1006.43,-6.2918148135823255
202407,313.0,40.0,59.0,12.847963373129177,11.543483767544856,956.887,-3.3242878156068856
202301,260.0,92.0,79.0,14.86918789158529,14.698473642413711,3554.008,37.827120571775396
202303,38.0,2.0,14.0,10.392742186373976,10.392772840063916,197.707,-6.163963505379513
202406,140.0,39.0,45.0,13.510427292463572,13.509801640581102,1935.597,9.774686199184744
202409,176.0,17.0,36.0,12.062306195807526,10.401653378155329,528.414,-6.271039005393656
202403,357.0,59.0,39.0,12.904938443583559,12.398051585982028,523.186,-6.2263945941048435
202310,226.0,74.0,41.0,10.401744520626263,10.401774899604014,301.063,-2.8305867621847476
202405,14.0,2.0,1.0,15.18007349285068,15.148177587159493,8202.831,-5.111876562972245
202301,534.0,18.0,77.0,13.244823458611675,13.13546912074278,608.302,-6.204668384349104
202409,430.0,228.0,141.0,13.509572182041149,13.324379712541718,2578.287,0.811209699366418
202402,259.0,66.0,97.0,13.143449494400588,12.970288541521409,1138.573,-6.121565151594428
202303,42.0,6.0,6.0,11.929864495152021,11.4078204722192,221.566,1.4868205168911732
202410,46.0,13.0,20.0,13.912394952587459,11.905865797851948,2770.672,-3.296019440123753
202303,483.0,36.0,180.0,14.172083696721035,13.644474282165072,2159.672,-6.2918148135823255
202210,75.0,14.0,16.0,11.8235889306137,11.767055924510617,662.648,-6.036112197176701
202307,106.0,20.0,45.0,10.918410213817882,10.90014094089474,428.678,-6.250263197204988
202208,88.0,35.0,31.0,12.774498085703664,12.577612063740299,1200.393,-3.3748265646547635
202311,143.0,62.0,68.0,11.875176831721733,11.875183792771182,750.742,-5.967055087077736
202401,127.0,26.0,26.0,11.51255539650334,11.495158564176068,351.461,-6.201948687744196
202301,180.0,39.0,81.0,14.252059518425915,14.114455218694584,2197.036,23.917530529825406
202403,177.0,21.0,63.0,14.478460867760244,13.72234427836269,1673.002,22.17414746522816
202207,31.0,5.0,7.0,12.996244444495261,12.526466311938696,2057.496,-1.4092537626380626
202308,18.0,6.0,4.0,6.366470447731438,6.368187186350492,128.601,-6.2918148135823255
202301,45.0,16.0,14.0,10.085559078074873,10.085600754292345,314.458,-5.319485397273138
202303,321.0,16.0,13.0,13.715443783478637,13.532916851128007,3000.956,-4.091453364558326
202403,49.0,16.0,22.0,13.438210076803275,12.589223976041755,978.696,-4.292947133744094
202312,114.0,7.0,16.0,13.005481185866014,13.0054834338375,1160.277,-6.227889159480919
202301,241.0,30.0,90.0,10.943781931879723,10.94379959925603,490.268,-5.807709751409733
202404,36.0,12.0,11.0,13.71240527513388,13.307555809289967,2306.585,-6.067334486457929
202303,87.0,14.0,31.0,14.187991624390186,13.072639377345856,2476.166,13.15293240647179
202404,100.0,22.0,21.0,11.772061447214485,11.693420354422775,363.292,-6.227889159480919
202303,56.0,18.0,10.0,12.413590752957044,12.348678366617904,752.496,-6.1222737277925185
202301,206.0,23.0,59.0,13.797805748708328,13.348397148008015,1955.645,2.005817034188702
202404,37.0,6.0,12.0,12.569475406865838,9.24435525056346,473.957,-6.2425499025544635
202402,18.0,6.0,3.0,13.081785103181868,12.873199207089451,1129.975,-1.4301677320363888
202207,88.0,7.0,15.0,12.026455428710298,11.521280464552962,654.973,-6.2918148135823255
202303,896.0,360.0,147.0,11.22036484506734,11.024008093253117,1630.608,56.24591504310905
202408,213.0,30.0,100.0,13.884330214450374,13.508405066307835,5173.944,25.084510982281927
202408,43.0,9.0,19.0,11.98618005411475,11.916021101429658,3487.085,-3.2950690385566825
202311,174.0,33.0,46.0,12.003687147300473,10.92669359075441,450.271,-6.258381774551138
202303,342.0,155.0,57.0,12.784240980016435,12.754601485479267,726.835,2.918688273380301
202308,91.0,8.0,8.0,8.653121708640482,8.653296274408579,37.86,-6.240325662967377
202210,55.0,1.0,1.0,10.659656479512229,10.659679952313123,1775.41,-5.780409580771076
202307,11.0,4.0,1.0,11.040727429775957,9.020268861722167,489.512,-6.227889159480919
202210,40.0,9.0,10.0,12.557648109192957,12.314384302284257,1264.901,-5.260056291441973
202404,166.0,27.0,75.0,14.051423433331093,13.974736621926171,2178.316,30.897573510738717
202212,165.0,7.0,2.0,12.008438446354502,6.86171134048073,1065.46,-6.2918148135823255
202301,88.0,14.0,10.0,13.299411051695575,12.802185661076908,831.978,-6.1915156964887625
202210,629.0,242.0,144.0,13.238660865737037,12.94485024160268,3363.202,28.608706998521235
202410,118.0,11.0,17.0,11.958130382247253,11.63805037189913,1280.896,-3.2135422174207635
202303,7.0,1.0,1.0,12.362101560369204,10.960583161001304,1033.469,-6.2918148135823255
202301,230.0,19.0,55.0,13.902665757944215,13.271793217295379,1766.301,-4.295666830349003
202311,362.0,82.0,79.0,13.640472412616578,12.94508189805481,2090.453,11.719345031803117
202307,40.0,13.0,15.0,10.206698426605536,10.195335933857326,276.606,-6.2918148135823255
202303,63.0,13.0,15.0,11.515023263052374,11.515033242046592,441.715,-6.2918148135823255
202301,490.0,138.0,88.0,12.65694760781743,11.26992353480575,1648.4,3.159282693807498
202311,41.0,11.0,10.0,12.399074464732232,12.143532127055275,1133.781,-5.260056291441973
202407,15.0,9.0,0.0,14.47299636340515,0.6931471805599453,3258.493,-6.227889159480919
202309,34.0,4.0,1.0,6.7912214627261855,6.792344427470809,26.108,-6.276933343152721
202408,468.0,9.0,2.0,12.392572959145545,11.799126441140212,1205.79,-6.204172927331281
202407,119.0,25.0,46.0,14.521738807064176,14.028985922618899,10288.679,-5.083558828893205
202309,171.0,15.0,13.0,11.75314636475203,11.699687149790204,268.775,-6.256157534964052
202406,72.0,24.0,5.0,10.937223485229126,10.856630811006672,245.328,-4.283230326862545
202405,188.0,28.0,46.0,13.25243679812956,12.972170521714748,954.454,-4.264458030904901
202405,191.0,48.0,51.0,12.880406459314356,12.646122738387092,933.86,17.815260599823134
202208,254.0,57.0,29.0,12.264299099922814,12.146503091933468,806.198,26.84236999633857
202303,72.0,24.0,5.0,11.161238062542536,11.077176391753472,237.739,-4.283230326862545
202310,228.0,27.0,94.0,13.36826361984111,13.357892312225076,1843.076,8.823099383513728
202303,153.0,45.0,55.0,12.566160259680093,12.566163747750021,662.97,-4.3313241089672765
202303,213.0,51.0,95.0,12.39852191018434,12.35780182446061,712.194,8.64136519304585
202210,522.0,36.0,129.0,14.991801839855766,13.76856254599011,8329.572,-2.090312086537102
202210,99.0,32.0,42.0,10.504519444188269,10.322987049608095,791.653,3.5751625297090346
202402,336.0,115.0,55.0,12.18038040848171,12.148898937455622,834.527,0.910225478562376
202303,7.0,1.0,0.0,12.508071738576747,9.754639455799712,1205.963,-6.227889159480919
202310,375.0,139.0,71.0,11.022033178911688,10.978899448033802,558.571,-1.1104901029334506
202308,251.0,107.0,64.0,13.085834238712435,12.59160711814946,2054.894,3.7794253540956184
202312,116.0,13.0,13.0,13.32516053760961,13.140238658365147,1434.076,-6.1380230336427894
202310,86.0,22.0,34.0,11.124641905070824,11.117895718583592,253.677,-6.276933343152721
202312,28.0,7.0,14.0,12.60906469815594,12.542101926918344,785.164,-6.036112197176701
202310,356.0,49.0,37.0,14.131522036483016,14.096941885148992,2306.963,-6.057721343735703
202309,71.0,23.0,21.0,10.211707276205457,10.211744013223518,160.689,-6.276933343152721
202312,66.0,7.0,19.0,14.019984104323392,13.702164912513448,10439.595,-5.1708582808816566
202308,259.0,32.0,18.0,11.331067800561561,9.53300341332321,212.683,-6.250263197204988
202404,253.0,25.0,91.0,15.014966476503387,13.774951028996922,4315.52,-5.2860523582419505
202301,87.0,9.0,24.0,13.926347749218898,12.329532868750844,1038.982,-4.216364248800169
202210,232.0,56.0,79.0,12.56144373982627,12.555602121308034,799.475,-6.260874810590354
202407,9.0,1.0,1.0,11.286438831779758,10.148744784095449,837.66,-6.276933343152721
202405,195.0,23.0,63.0,13.06086662539289,12.795466351782677,1455.505,-6.088978849970988
202211,375.0,139.0,69.0,11.70266113583651,11.219600836532258,755.73,-1.1104901029334506
202309,236.0,12.0,64.0,13.298806020533098,12.927797564721827,1936.243,17.351827760472474
202212,355.0,151.0,67.0,13.607442793743783,13.41812522042053,1145.523,6.583435424111315
202208,409.0,124.0,189.0,14.483562982585049,13.707206826403787,11504.747,10.187557618035198
202208,39.0,6.0,20.0,12.196860342267632,11.821034969487032,1086.571,-0.3939126616257953
202406,87.0,30.0,12.0,9.234837843576571,9.234935418831563,80.043,-5.287821653279789
202407,253.0,90.0,36.0,13.05139140593319,12.25401483121984,1695.737,-1.6575115969057244
202210,395.0,136.0,119.0,14.01511768804122,13.926676191274426,2942.231,3.5400494148997677
202309,14.0,9.0,2.0,11.021902468500418,9.684584995479172,389.342,-6.227889159480919
202210,204.0,16.0,13.0,9.935131557870589,9.687505794249539,241.523,-6.265956907992005
202210,46.0,25.0,8.0,12.609208376077067,10.923976124422659,573.432,-2.402497148345576
202301,99.0,14.0,26.0,12.613875020101824,12.545006136492724,1457.654,-6.2918148135823255
202303,399.0,129.0,53.0,11.59676097088246,11.557229390526754,662.863,-3.026880560068692
202308,2.0,0.0,0.0,9.646657943567112,0.6931471805599453,7.347,-6.2918148135823255
202307,53.0,24.0,17.0,11.312912331044872,11.312924545158282,355.037,-0.017648922960683322
202210,310.0,51.0,110.0,12.63000615792138,12.391784282835518,1316.596,10.808906123253221
202301,161.0,36.0,55.0,13.134046858949132,13.021364447299534,512.551,-5.2860523582419505
202404,85.0,9.0,18.0,12.702015061787806,12.603317392191483,436.501,-6.243500304121533
202401,121.0,59.0,42.0,13.04117067540739,13.041172844564791,1004.886,-2.423231939076997
202404,56.0,18.0,29.0,13.65135146059685,13.648721347309799,1502.912,-6.19812621862171
202404,110.0,20.0,37.0,13.775500733544577,13.1797356572622,1954.787,-6.2918148135823255
202402,54.0,23.0,19.0,11.05794442939015,11.04298583367658,159.292,-6.2918148135823255
202211,82.0,9.0,23.0,11.485050544204174,11.102065832544756,170.547,-6.271039005393656
202407,74.0,26.0,20.0,9.565073431677574,9.565143565282119,151.276,-5.319485397273138
202301,116.0,23.0,45.0,15.668230122143123,14.464149792556947,9336.563,-5.083558828893205
202210,334.0,131.0,72.0,10.126511096649761,10.094397126516617,831.702,6.991631116024623
202410,244.0,18.0,20.0,10.279661156008894,10.276085057018676,53.74,-6.250263197204988
202303,31.0,6.0,13.0,10.844490409005417,10.753745313805846,156.858,-1.1942411636564554
202403,98.0,46.0,27.0,10.425994681075956,9.991269465919661,197.588,-4.387617461125155
202307,14.0,9.0,0.0,10.116297899710545,10.116338314364906,3840.479,-6.227889159480919
202402,102.0,15.0,16.0,11.359214688371356,11.359226349838952,126.197,-5.271170887812346
202309,396.0,67.0,31.0,9.172430798902962,9.172534657240284,292.945,-6.250191088364167
202211,36.0,18.0,10.0,13.859274779885368,13.68905237681017,3774.432,-6.00779446309766
202303,6.0,1.0,0.0,15.332355435809324,15.169338802196087,6997.469,-6.163963505379513
202212,81.0,26.0,35.0,12.870097353642883,12.805732982996656,1811.325,-6.213007689051315
202408,310.0,131.0,33.0,11.205217540309441,10.896183615612689,689.451,-3.8281594636664225
202306,381.0,6.0,20.0,11.617978933493907,11.084953977720833,645.672,-5.772818296284798
202410,95.0,7.0,11.0,10.578954352240995,10.453601194882646,49.424,-6.193830110398045
202312,60.0,2.0,10.0,14.003755370922216,13.439801320057128,1863.469,10.711407695471562
202409,13.0,2.0,0.0,12.296795044817475,9.281637253858216,1198.405,-6.2918148135823255
202405,21.0,4.0,9.0,12.256832297555963,11.968754102034659,328.937,-5.304603926843534
202303,63.0,4.0,52.0,11.676378458094717,11.610478582054515,229.102,-6.271039005393656
202212,312.0,43.0,58.0,13.732049598050931,12.188448244176435,819.006,-3.345063623795555
202310,125.0,18.0,23.0,11.627851088777632,11.580901819979323,378.276,-1.3298686149428258
202212,2.0,0.0,0.0,12.47950618809162,12.246177583026478,1153.872,-6.163963505379513
202301,1.0,1.0,0.0,14.46474294539585,14.464743467842373,2196.414,-6.2918148135823255
202310,153.0,3.0,9.0,9.88969284151394,9.889743534743868,108.369,-6.2918148135823255
202210,268.0,46.0,35.0,11.088063447251333,10.821017516245234,506.041,-4.221715142653951
202310,212.0,31.0,102.0,13.579113313197535,13.165463095940632,3049.447,21.1793614450485
202212,326.0,77.0,57.0,13.37651245094617,13.37061311431239,669.382,-6.164693179590523
202307,1.0,0.0,0.0,4.68213122712422,4.6913478822291435,102.227,-6.227889159480919
202301,196.0,46.0,92.0,12.957828299196889,12.810358557287044,1397.775,-5.265276550053281
202312,159.0,36.0,64.0,13.0283361742334,12.298583456208931,874.16,-3.278197545733179
202407,365.0,74.0,70.0,11.45217708549613,11.452187711754679,551.182,8.973407295587013
202308,13.0,5.0,3.0,7.257002707092073,7.257707677160043,142.953,-6.276933343152721
202210,98.0,21.0,23.0,14.81795293069417,14.461462876183884,9910.028,0.8863247060778479
202403,265.0,113.0,71.0,14.362739082422479,13.280298316453381,1704.952,-1.0822217274503174
202307,41.0,4.0,18.0,13.12012487382363,12.886043396973488,1907.806,0.5479241396131735
202307,156.0,73.0,35.0,12.16948127263019,12.075639306121984,881.783,-1.2478148192094247
202301,104.0,26.0,20.0,14.534265541955765,14.039480167998013,1988.465,11.463642415397496
202308,57.0,8.0,10.0,10.283258713552488,10.283292913863715,272.415,-5.304603926843534
202409,115.0,8.0,42.0,11.216485150844548,11.216498601376854,478.618,1.5227211943178336
202208,46.0,15.0,16.0,12.147595715771198,11.817597389041644,850.31,-4.283230326862545
202405,145.0,98.0,19.0,11.457296469209266,11.457307041207216,303.452,-3.906966588197433
202406,455.0,189.0,58.0,12.405214445554378,12.367910843382727,567.321,16.63319744833789
202301,66.0,8.0,17.0,14.140304872305231,13.782902651926754,11156.025,-5.1708582808816566
202303,410.0,125.0,189.0,15.44630479204693,13.994049971462768,6195.975,10.187557618035198
202210,14.0,7.0,2.0,12.794034295121579,12.544849367640948,1217.78,-6.143187697190844
202405,97.0,46.0,26.0,10.219356126832537,9.498372383192251,174.36,-4.387617461125155
202210,32.0,7.0,13.0,10.063094747044966,9.945972164142283,169.116,-1.1942411636564554
202210,324.0,81.0,94.0,13.995191965963853,13.777128293214872,1585.199,13.786739867672155
202310,153.0,5.0,35.0,11.495667397533948,11.495677571560675,249.85,-6.2918148135823255
202404,105.0,25.0,40.0,11.81309672186511,11.813104128751291,446.45,-1.2682573747507027
202301,312.0,43.0,58.0,14.097329727137671,12.599262722762726,955.61,-3.345063623795555
202310,537.0,264.0,88.0,12.969801767669487,12.854525761439234,1147.242,10.105095052689775
202309,59.0,8.0,24.0,10.551768111755967,10.537998757611117,244.762,-0.9899783392698707
202301,85.0,27.0,25.0,13.677495988044267,12.980809029629931,1370.895,-5.303653525276463
202310,168.0,10.0,17.0,10.549254824049264,10.549281036712603,184.688,-6.276933343152721
202210,522.0,36.0,129.0,14.991801839855766,13.76856254599011,8329.572,-2.090312086537102
202303,45.0,14.0,16.0,12.406332347455141,11.901983374783338,526.937,-4.283230326862545
202405,236.0,29.0,55.0,12.133082509902799,11.604291513267373,482.65,-1.1951915652235252
202311,469.0,85.0,122.0,7.9868449011613825,0.6931471805599453,1500.051,34.694754837107745
202301,121.0,27.0,47.0,12.171708918102214,12.171714092893735,650.298,-6.276933343152721
202207,51.0,5.0,12.0,11.913156901279779,11.479802920134741,821.801,-6.2918148135823255
202403,173.0,33.0,28.0,12.61993572508938,12.557120285853728,492.243,-6.2918148135823255
202306,219.0,68.0,84.0,13.241292422807287,13.138785788397003,1622.32,-2.134087942501525
202303,652.0,288.0,157.0,9.0280988119824,8.990566138131577,1475.3,12.779100144912695
202301,27.0,0.0,0.0,14.417958661227457,0.6931471805599453,10152.016,-6.2918148135823255
202303,188.0,42.0,21.0,10.17465907286092,10.174697196419377,471.983,-3.190542169645009
202210,574.0,222.0,201.0,14.881749437097344,14.774258298993486,5387.636,29.324729285806562
202402,35.0,11.0,18.0,11.828575268756028,11.28271953365551,159.208,-4.347155980963951
202207,241.0,106.0,77.0,10.392987389587367,10.122542757941732,1387.039,-4.332274510534346
202401,171.0,46.0,46.0,12.090661794018846,11.964064776569566,408.065,-4.375180957638697
202210,702.0,388.0,116.0,14.360451770498374,14.05389576289416,4500.025,43.175014108411055
202309,116.0,6.0,5.0,8.462103225098277,8.462314529906248,109.618,-6.2918148135823255
202409,27.0,10.0,12.0,11.214357691009177,11.21388580527766,499.261,-6.2918148135823255
202303,527.0,160.0,192.0,13.034740176925236,13.027863669079249,1484.642,-4.117779786743631
202207,56.0,15.0,22.0,13.933333592820679,13.713060247991438,5642.073,-4.26834885643294
202405,251.0,22.0,89.0,14.176179814006574,13.958887696765258,3520.283,41.19067926259531
202303,98.0,7.0,66.0,12.668107105126232,12.591239803690145,658.241,-6.271039005393656
202207,27.0,7.0,11.0,13.089528153550727,12.889734986878905,2918.754,-3.359945094225159
202306,205.0,81.0,49.0,11.238488619268468,11.118652490616178,514.757,6.5495342670106105
202210,165.0,13.0,17.0,11.737851426846529,11.68015876434271,714.078,-6.271039005393656
202211,177.0,52.0,52.0,12.674190122107792,11.985694018288081,857.547,0.9374217605765827
202307,296.0,30.0,113.0,13.886492649640203,13.782928480227445,2956.588,14.357324774990603
202311,119.0,17.0,27.0,14.774970351839647,13.740985267976345,2281.012,5.521811384721309
202303,125.0,38.0,40.0,12.214521850257075,12.135848659389612,431.829,-0.37903953233485055
202303,76.0,19.0,23.0,13.747617081920623,12.865285515257172,2032.252,-5.142369178042463
202405,38.0,2.0,15.0,10.319067994385385,10.319100991696107,155.786,-6.163963505379513
202308,35.0,6.0,6.0,12.281453735496815,9.728836502046393,699.81,-6.250263197204988
202408,87.0,30.0,12.0,9.282847062762931,9.282940064390527,102.315,-5.287821653279789
202208,29.0,11.0,13.0,11.952386120336351,11.952392564154312,1114.437,-6.20711335129225
202312,74.0,26.0,20.0,10.918645765871444,10.918663882962203,152.315,-5.319485397273138
202212,51.0,18.0,16.0,13.1875423184293,12.099283331848639,791.782,-6.2918148135823255
202301,85.0,13.0,16.0,13.61047088797241,13.610472115545418,743.668,32.89616510643222
202308,215.0,8.0,34.0,13.422580556109189,12.433184313445736,2542.794,-5.198176254797719
202408,74.0,26.0,20.0,9.423352776090933,9.423433587436891,177.9,-5.319485397273138
202405,9.0,0.0,0.0,13.725851679433232,12.810027891593876,4366.994,-6.163963505379513
202303,226.0,85.0,76.0,13.205383801123851,13.086543435069268,1477.297,10.257255902989138
202407,203.0,18.0,46.0,13.781654867305926,11.453472656312497,2167.996,-4.283230326862545
202402,203.0,18.0,46.0,15.322616475250346,12.168095558752944,2075.86,-4.283230326862545
202212,63.0,4.0,52.0,12.238612437097956,12.195870783045576,322.954,-6.271039005393656
202406,296.0,124.0,97.0,11.454925520672239,11.424498541112156,506.558,-6.241276064534448
202303,232.0,122.0,16.0,11.226016426983632,11.218755726382893,257.338,-1.332809038903795
202303,310.0,180.0,93.0,12.86296550883084,12.820071093701575,1525.526,-3.383827957864139
202211,188.0,18.0,49.0,13.021171936840865,12.934109056517189,626.187,-6.256157534964052
202208,84.0,31.0,21.0,14.067988420304344,13.844465294299594,9319.314,0.6118497937145797
202409,156.0,11.0,47.0,14.003174485515563,12.026808410361907,3439.332,-1.3610774143869273
202408,133.0,24.0,32.0,11.70258668706757,11.62650411903244,582.86,0.6757754478159859
202407,57.0,8.0,12.0,14.102826313330143,13.130696559793329,5100.846,1.5507461709925794
202208,39.0,15.0,9.0,11.162559151141057,11.136674439500458,243.129,-6.271039005393656
202210,335.0,76.0,77.0,12.148978347281835,12.133184698074338,452.63,-0.3778600622730597
202210,1126.0,394.0,205.0,12.717931735086381,12.215294988692316,2220.104,57.33180604220519
202303,55.0,17.0,34.0,12.661825209006048,12.491010957310891,815.134,-6.2918148135823255
202406,4.0,0.0,1.0,12.238292951370441,11.9189837304591,2030.609,-6.227889159480919
202312,333.0,76.0,76.0,14.392860168026765,14.003072526450795,2816.761,7.535137108019555
202404,171.0,47.0,70.0,12.455351670449009,12.293295666788241,1105.823,7.184917505250491
202307,2.0,0.0,0.0,13.05567641668902,13.055678554608333,911.972,-6.163963505379513
202409,85.0,2.0,26.0,11.42424724502395,11.284203885341958,295.791,-6.235381726775383
202301,367.0,74.0,70.0,12.720478851354523,12.707102446506012,657.442,8.973407295587013
202207,126.0,16.0,88.0,11.449655472243506,11.449666125331037,426.618,-6.256157534964052
202404,282.0,77.0,64.0,13.902611680926613,13.569688021600298,2215.256,5.85710015846486
202210,82.0,7.0,19.0,12.436378486303775,12.420643556539625,809.6,-6.00779446309766
202406,97.0,21.0,24.0,12.215810082435905,12.215815033972738,930.793,-6.115648995918721
202404,145.0,98.0,19.0,11.66129374461283,11.661302365711245,342.705,-3.906966588197433
202301,179.0,14.0,46.0,13.108534193517857,12.74217705151896,1403.249,-5.972137184479387
202310,49.0,22.0,21.0,13.182204633646528,13.134374948777534,2404.159,-6.1915156964887625
202310,163.0,33.0,59.0,12.723976161813853,12.716423156447927,956.78,31.73209193536931
202407,108.0,10.0,15.0,9.685455913108095,9.685518092495647,493.619,-4.682144187396456
202407,41.0,2.0,6.0,14.112363201890338,11.114043639426223,4844.51,-5.319485397273138
202409,169.0,48.0,41.0,13.228086427338662,11.969248439347545,3147.413,3.9202838190479046
202303,455.0,130.0,71.0,11.708664930972152,11.635081148873034,695.006,0.5145814766351418
202210,106.0,26.0,46.0,10.396963537967006,10.396994062531652,629.456,6.4928026435630475
202208,176.0,5.0,14.0,12.837176855141937,12.719195628344847,1998.135,-6.163963505379513
202207,49.0,2.0,21.0,13.528456288403012,12.164489945079849,1095.088,-6.227889159480919
202307,102.0,2.0,2.0,11.581163384886278,11.45134788923741,501.279,-6.2918148135823255
202407,34.0,8.0,5.0,10.980927275971437,10.980944299131446,157.725,14.127102928910608
202309,17.0,0.0,0.0,9.257128533474942,0.6931471805599453,0.231,-6.2918148135823255
202405,59.0,4.0,11.0,14.815851219401493,12.31005871707228,7325.743,-5.319485397273138
202310,92.0,34.0,13.0,10.635230250855436,10.635254304061128,201.676,-1.3662420779349826
202409,11.0,5.0,4.0,6.1779441140506,6.180016653652572,49.984,-6.2918148135823255
202303,336.0,75.0,79.0,12.223003506190155,12.207132084126863,416.405,-0.3778600622730597
202210,48.0,11.0,18.0,12.55511201250465,12.021085539313779,689.997,-6.178624248453057
202307,18.0,6.0,3.0,12.464818834186424,12.153510124963109,1095.868,-1.4301677320363888
202402,13.0,3.0,6.0,12.250079961523172,12.250084746246506,1049.884,-6.163963505379513
202301,13.0,7.0,1.0,12.09814216366971,9.338293736286644,100.686,-5.319485397273138
202303,42.0,8.0,22.0,11.525357861463222,11.272050639625704,504.433,-6.2918148135823255
202409,250.0,21.0,61.0,11.758855422974294,11.758863242713662,478.302,-5.225796802312523
202212,57.0,8.0,36.0,14.024518673076248,13.91655788518391,2401.704,-2.113361492908764
202310,119.0,31.0,30.0,11.403635015004319,11.394232015012483,674.58,-3.038106073968169
202405,110.0,23.0,47.0,11.473768749769034,11.473779149049404,411.181,-2.7145424755049867
202406,174.0,33.0,46.0,11.448130911059064,10.63050461760369,498.471,-6.258381774551138
202207,105.0,36.0,45.0,11.20783948598991,11.207853053314365,843.003,-5.099390700889879
202210,115.0,2.0,3.0,8.36380888451688,8.364042011922063,44.569,-6.256157534964052
202303,43.0,23.0,17.0,8.130059039992796,8.130353547431238,477.294,-6.2918148135823255
202312,108.0,12.0,9.0,10.484277575702958,10.239066533180125,384.123,-3.3646623698514615
202212,100.0,9.0,10.0,11.677100023158134,11.43644390886278,134.5,-6.271039005393656
202211,204.0,48.0,39.0,12.729036304388282,12.494771700679703,752.201,11.497075454428684
202301,255.0,79.0,68.0,12.69404204451308,12.683219451434155,868.096,6.942692169951551
202303,110.0,3.0,21.0,11.641441803205236,11.641450597158514,172.381,-6.2918148135823255
202308,24.0,6.0,3.0,10.28322451207156,10.283258713552488,143.024,-6.235381726775383
202307,433.0,231.0,46.0,10.978199831088187,10.917050175164489,611.736,4.045223918935175
202406,53.0,13.0,14.0,9.672815734801127,9.494014423030425,171.814,-6.258381774551138
202301,279.0,7.0,5.0,10.719162052375765,10.621741893895802,127.749,-6.276933343152721
202310,336.0,129.0,72.0,11.304510414810466,11.294035354935634,789.587,7.275651466509288
202311,629.0,200.0,169.0,14.335111763429826,13.664167765661908,2297.551,19.78013693517932
202309,110.0,8.0,41.0,11.144698336466869,10.545420382960764,595.257,-6.275982941585651
202211,41.0,0.0,0.0,13.907422242146044,0.6931471805599453,5895.176,-6.2918148135823255
202310,32.0,0.0,2.0,14.039617644928882,12.437743733828002,2463.225,-3.3748265646547635
202408,205.0,49.0,40.0,12.678133532170012,11.664065904280609,1148.693,11.497075454428684
202306,34.0,2.0,14.0,13.346468066677433,12.849656613195503,2229.661,-6.20711335129225
202405,43.0,15.0,8.0,9.296609807128359,9.296701537624227,361.759,-6.20711335129225
202212,181.0,122.0,26.0,13.875956340260464,13.70263744886667,1285.616,-5.999504516991357
202207,112.0,7.0,16.0,12.169372353445523,12.169377540342385,1448.53,-6.227889159480919
202408,22.0,5.0,9.0,12.501949796409196,12.054848512517573,1600.812,-6.163963505379513
202210,187.0,0.0,6.0,9.998070195022075,9.895757754474186,55.135,-6.2918148135823255
202311,45.0,7.0,36.0,10.659726896262056,10.65975036741015,179.983,-6.2918148135823255
202210,256.0,130.0,68.0,12.413696385186347,12.225355529940279,1668.571,-5.0637827808675135
202407,153.0,5.0,35.0,11.458912686662352,11.458923241587545,318.85,-6.2918148135823255
202210,265.0,26.0,90.0,12.996283013932162,12.944274450381563,835.562,-4.311498702345677
202407,176.0,5.0,14.0,12.64260351046813,12.63115735765083,1645.922,-6.163963505379513
202404,332.0,116.0,131.0,13.189666822614017,13.152479305975573,1849.665,14.014394835950709
202402,145.0,41.0,47.0,13.39060112836074,12.403225341901974,1119.836,0.6267312641441842
202410,60.0,4.0,16.0,10.781079035271006,10.747981485590598,258.456,5.601314975912832
202210,275.0,74.0,94.0,14.56999739875739,14.139814777912497,4388.419,19.831265623789143
202303,62.0,33.0,5.0,11.00665611228545,10.993899644638898,257.211,-6.119471465041206
202303,241.0,30.0,90.0,10.50692882001158,10.506956165951394,371.382,-5.807709751409733
202309,31.0,2.0,3.0,12.154000100237065,0.6931471805599453,85.637,-6.2918148135823255
202401,265.0,47.0,65.0,15.091002958916917,13.92554543176799,3750.414,-1.0229307828288094
202406,198.0,48.0,40.0,13.837423701651144,13.07144895860278,1597.028,-5.271170887812346
202306,99.0,21.0,49.0,13.178009982370247,12.51342130661353,1609.598,-6.271039005393656
202405,145.0,41.0,47.0,12.518003329579447,11.79672751987982,767.985,0.6267312641441842
202403,174.0,66.0,91.0,13.76522202179598,13.74408544526102,2087.152,3.5161808117996234
202211,204.0,18.0,46.0,14.694890802058323,11.973206987317727,1485.186,-4.26834885643294
202303,131.0,22.0,42.0,15.254167741322846,14.390968760944236,5435.509,9.46017323362986
202308,2.0,0.0,0.0,2.5649493574615367,0.6931471805599453,459.454,-6.2918148135823255
202301,65.0,15.0,33.0,13.163747134106659,13.13994196472862,1960.747,4.189122131791917
202303,37.0,6.0,8.0,13.321845184600633,13.05535995422353,881.632,7.5408917111295555
202307,261.0,102.0,49.0,10.309419218455934,10.215410916235928,373.164,-3.9969992266279197
202210,131.0,12.0,23.0,13.356586127111413,9.663007081568642,786.415,-6.271039005393656
202404,106.0,36.0,46.0,11.608235644774552,11.608244735642321,664.186,-5.099390700889879
202410,23.0,8.0,5.0,13.31596276636983,11.45149676997358,1132.766,-5.319485397273138
202401,275.0,9.0,1.0,11.72272437125925,10.893419004561645,440.354,-6.256157534964052
202211,727.0,258.0,164.0,15.643228855666596,13.640205527674572,5964.147,-0.182989890868404
202211,418.0,187.0,96.0,12.712019386881511,12.609425524452064,759.166,-2.7072522895616618
202401,107.0,24.0,25.0,14.047954724161439,12.94810522381993,1833.728,-6.258381774551138
202309,51.0,3.0,1.0,11.450624438772849,10.261127031161688,752.269,-6.2918148135823255
202406,180.0,28.0,39.0,11.70049986804563,11.588700618033787,248.676,-3.3242878156068856
202211,25.0,14.0,10.0,13.00164328280991,12.9938934396928,990.373,-6.2918148135823255
202207,98.0,7.0,66.0,12.22909068607538,12.22909557228771,621.894,-6.271039005393656
202408,243.0,93.0,72.0,14.273888747895725,14.043850982112023,3159.089,2.830510753130728
202310,330.0,87.0,100.0,12.73444836153905,12.627092810675249,1670.218,24.997051219845638
202410,106.0,18.0,14.0,11.84299151141693,6.642486801367256,171.865,-4.439106611740103
202401,473.0,197.0,93.0,12.795433071420584,12.358446032622245,1711.26,11.213438237401467
202303,233.0,12.0,30.0,10.90936301415237,10.909381300201032,304.799,-4.715787417685535
202405,323.0,57.0,77.0,12.251767548125635,11.699031518181874,718.419,-6.2918148135823255
202303,29.0,5.0,15.0,12.210766611613856,12.210771588186638,612.769,0.734585796965245
202207,107.0,42.0,26.0,7.795646536334594,7.796057974316123,194.309,-5.319485397273138
202405,934.0,452.0,207.0,13.530475645357846,13.388932634638456,2471.556,32.92781755554795
202210,369.0,215.0,53.0,13.129118510034198,12.581281274743693,829.134,-2.73774490463188
202303,187.0,28.0,51.0,14.485318484730561,13.98741049786724,1383.682,13.692321598500532
202303,59.0,12.0,17.0,12.727565175031385,12.509379512629085,295.767,3.431479349509548
202407,265.0,28.0,38.0,11.661431673269453,11.50019477249141,642.539,-4.2266590788459455
202405,152.0,33.0,33.0,12.658472228827549,12.106114179161342,651.214,-6.256157534964052
202211,363.0,63.0,129.0,12.034299260648783,12.023711087936197,757.943,-3.771586642210416
202303,532.0,76.0,50.0,13.379334664336548,10.852264835444583,1307.712,9.606859686223348
202407,34.0,4.0,10.0,13.835703305232192,13.741451661529396,2355.714,-5.20629483214387
202303,594.0,157.0,101.0,13.031617764097584,12.9821514337938,796.917,3.708390266157201
202306,33.0,16.0,14.0,13.500121500931085,13.40823982068847,1686.088,-6.227889159480919
202210,96.0,22.0,24.0,11.726858731529594,11.6479544855899,244.094,-4.1062854763920225
202301,498.0,13.0,18.0,12.631176968890687,12.326412409968247,1100.352,-5.099390700889879
202301,98.0,21.0,47.0,14.389819583925567,12.73485507646697,1415.205,-6.271039005393656
202405,62.0,24.0,21.0,13.486989824186681,13.194752873824084,1889.235,-3.9962695524169103
202409,219.0,44.0,82.0,14.461500615217423,13.330043991331815,7612.961,24.66006518111248
202208,763.0,136.0,210.0,13.698227022536878,13.510781338391503,4661.566,38.14529331186209
202311,86.0,27.0,26.0,13.365700067990284,12.796320168923641,956.413,-5.303653525276463
202210,55.0,1.0,1.0,10.659656479512229,10.659679952313123,1775.41,-5.780409580771076
202303,102.0,14.0,32.0,13.076237760174635,13.034648480275155,936.232,21.373598235841435
202310,326.0,77.0,57.0,12.60904130677299,12.59943818148651,682.793,-6.164693179590523
202303,16.0,4.0,2.0,12.17979540307682,11.555908323142082,724.667,-1.4152862616067843
202402,131.0,37.0,12.0,11.086257149210962,11.086272470537482,175.148,-5.255559743171732
202402,166.0,28.0,74.0,14.374994908690777,14.26821542263168,2808.248,30.897573510738717
202309,113.0,5.0,2.0,11.099150928990923,11.093508480494004,456.857,-6.276933343152721
202301,345.0,65.0,59.0,14.02067505027051,13.636757028184524,1116.198,6.344672656934748
202301,311.0,135.0,30.0,12.523824312077222,11.98515785867424,677.795,-2.855830047357235
202402,116.0,13.0,13.0,13.450028372453955,13.272540458649495,1681.085,-6.1380230336427894
202303,138.0,5.0,44.0,12.867282722931687,11.915981005734594,425.127,-6.123224129359589
202208,163.0,17.0,20.0,10.641608098738805,10.554822665281634,128.134,-6.276933343152721
202410,83.0,2.0,4.0,7.199678345691172,7.200424892944957,19.63,-6.276933343152721
202301,54.0,14.0,25.0,11.789950957233481,11.590617720185652,502.663,-6.00779446309766
202308,133.0,32.0,14.0,10.153311982431669,9.435242376305256,519.634,-5.171587955092667
202306,323.0,36.0,93.0,13.003926628123747,12.56170304412131,1376.807,1.7233822769379934
202402,74.0,19.0,42.0,12.89755343843711,12.823733596884042,1105.159,-0.9209705877668135
202409,17.0,5.0,5.0,13.788674675210418,13.759773721439611,1241.086,-6.213007689051315
202408,99.0,15.0,25.0,11.747641792637054,11.747649700557231,1376.915,-6.2918148135823255
202301,127.0,26.0,26.0,12.110574448051633,11.863082211541716,368.14,-6.201948687744196
202312,82.0,9.0,6.0,13.253302162123514,12.647200863969235,1083.676,-6.271039005393656
202303,104.0,11.0,19.0,13.1965780581502,12.352771342460947,674.725,-6.1429669698347835
202301,48.0,11.0,18.0,13.705087247963986,12.997901588444101,958.539,-6.178624248453057
202310,172.0,8.0,27.0,12.884857175254282,12.364246649495026,984.616,-6.179574650020127
202407,272.0,39.0,96.0,14.644979858444357,14.061350584570295,8309.833,-2.3690641093143885
202211,66.0,8.0,17.0,13.961337548952898,13.60251657507985,9011.731,-5.1708582808816566
202207,84.0,12.0,24.0,11.837534757144136,11.72316207897476,462.607,-5.158201050039138
202310,46.0,25.0,8.0,12.476332580071315,10.767916407357609,599.901,-2.402497148345576
202208,44.0,12.0,7.0,9.941264916870159,9.941313062076109,124.209,-5.943868808996254
202301,32.0,5.0,2.0,13.966095459381885,13.544730177134456,10179.71,-4.155379018659732
202401,165.0,32.0,18.0,13.397671203692353,13.368652980145821,1521.819,0.6772700131920617
202301,879.0,408.0,167.0,13.635784430128778,13.625497094157106,3609.532,17.337771810540715
202407,106.0,12.0,22.0,12.56269408803773,12.558098298244788,517.315,9.329381501466077
202306,13.0,5.0,0.0,11.957040610606798,11.318624440015755,642.579,-6.258381774551138
202211,27.0,2.0,10.0,13.577140418298907,13.247216472298403,2421.243,-6.1410595135872885
202311,33.0,0.0,4.0,12.901684286810582,11.960344726464866,3301.599,-2.33857149424417
202303,244.0,72.0,73.0,12.145382709080785,11.708870466454465,594.958,6.825899863055858
202310,53.0,8.0,16.0,11.259284045630187,10.354499475600262,233.512,-6.237605966362469
202408,1087.0,196.0,167.0,13.475158805744524,13.321038810927323,4842.067,95.63263835039362
202210,311.0,134.0,30.0,11.725485204824793,11.290644041916629,487.554,-2.855830047357235
202210,268.0,18.0,148.0,13.945509343272507,13.93419807334441,2055.332,13.747985672646768
202212,4.0,0.0,3.0,13.193822272420954,13.193824134488315,1294.085,-6.227889159480919
202408,195.0,23.0,63.0,13.038512092967617,12.737462371302756,2476.538,-6.088978849970988
202210,40.0,13.0,15.0,10.264234195844914,10.237707254104047,220.342,-6.2918148135823255
202208,72.0,8.0,46.0,11.674908250768652,11.674916755290932,934.353,4.403808765818736
202310,25.0,8.0,14.0,13.239657404626685,13.160801091786372,2410.348,-6.275982941585651
202407,77.0,19.0,24.0,13.786441105971365,13.262782495096825,2930.534,-5.142369178042463
202311,152.0,31.0,58.0,13.2705919848969,13.270593709363371,877.989,-6.20711335129225
202309,200.0,38.0,18.0,10.662516102209587,9.799792316197363,443.655,-3.2602900526646583
202311,42.0,0.0,0.0,13.95979703180094,0.6931471805599453,6736.792,-6.2918148135823255
202303,144.0,37.0,52.0,12.74880673609708,12.674287175291449,868.484,-4.2505269620423665
202303,832.0,346.0,376.0,14.153951569561269,13.810932092770107,5980.023,1.8852596003403246
202404,442.0,175.0,106.0,12.629741063492212,12.62636396681255,1338.033,29.513462811795208
202303,215.0,19.0,65.0,13.306052332216678,12.01973101907333,1115.712,-0.5778139231780983
202303,31.0,5.0,9.0,13.089265640514,12.590123428254264,1421.856,-2.3815831789472504
202402,253.0,79.0,68.0,12.638679397422527,12.614456822342051,796.495,5.9703627536423625
202403,78.0,18.0,42.0,13.539038748390468,13.539040066859382,635.76,-6.163963505379513
202303,260.0,68.0,74.0,13.52396503197777,13.312294243168372,1298.743,-3.1532866614913364
202307,176.0,21.0,63.0,13.534960326700517,12.697654285929403,1827.248,21.201818048918973
202303,488.0,187.0,113.0,12.645774915657235,12.315048119346304,1105.957,7.561896056581039
202410,39.0,8.0,15.0,9.0642735958414,9.064389316491878,82.63,-6.178948639968441
202406,85.0,14.0,17.0,13.507507403842068,13.00061599409549,2385.537,5.294931646016421
202212,522.0,56.0,37.0,11.985307513533002,11.887009979048127,345.927,-6.250263197204988
202308,140.0,4.0,5.0,9.327856705404022,9.289521169850625,112.617,-6.2918148135823255
202307,177.0,8.0,8.0,12.998804946211413,11.340284895829125,924.646,7.320797014746297
202208,107.0,42.0,26.0,7.305188215393037,7.305860032684009,191.897,-5.319485397273138
202303,63.0,13.0,15.0,11.42994594909397,11.429956814230463,404.038,-6.2918148135823255
202210,69.0,23.0,19.0,10.100861911956375,8.743531633626967,555.389,-6.0851563808485025
202303,433.0,235.0,97.0,11.60919881713873,11.512485368141824,866.858,-3.303245858364916
202307,698.0,199.0,133.0,11.921558882016086,11.5259996244575,1317.145,6.421539117667766
202208,267.0,61.0,65.0,9.710933825175925,8.32117830749028,499.514,-4.574499845833286
202408,32.0,12.0,12.0,13.492691688476674,13.33733281146361,5645.652,-6.161023081418544
202303,29.0,4.0,10.0,13.961771337079263,13.613897307325411,1388.741,-4.029702591448098
202208,121.0,23.0,58.0,13.74883001099319,13.149264281630245,2796.701,-6.11447786699559
202312,34.0,7.0,12.0,10.925578703296495,10.925596695218122,62.164,-5.319485397273138
202407,20.0,2.0,3.0,14.034016170649235,12.561338597305486,1577.492,-6.031766427099414
202310,65.0,14.0,33.0,12.63426420696147,12.592626728746577,1534.442,4.409216828175177
202311,219.0,56.0,53.0,13.91340013553282,13.768846531960385,1864.223,5.762599323146832
202401,212.0,30.0,101.0,14.61964529266384,13.984964683301245,3380.638,23.124020277666872
202207,318.0,73.0,99.0,14.260247659962122,14.085833071396811,3412.352,24.604369776112875
202408,189.0,46.0,19.0,13.114373543520484,13.04842615990197,1082.533,-4.139547146663057
202301,135.0,6.0,11.0,12.787215064009876,12.750890916822494,1177.946,-6.192231880862646
202210,59.0,6.0,19.0,13.549212867710496,12.854815903284036,1907.962,-4.347155980963951
202301,62.0,17.0,34.0,13.455211913489023,12.851459756191366,2376.252,-6.22494873551995
202405,651.0,289.0,155.0,10.074537489292018,9.132378830506472,1209.131,12.779100144912695
202303,179.0,14.0,46.0,12.633644913001957,12.368450815121738,937.2,-5.972137184479387
202405,73.0,2.0,11.0,14.070563544674167,13.165943803950423,2558.646,2.526016011262737
202402,214.0,71.0,22.0,11.7528789345969,11.635673930229283,640.73,-3.1131802518941663
202303,17.0,7.0,5.0,11.454194049906405,10.78808119766703,724.293,-6.163963505379513
202405,61.0,7.0,5.0,8.589513852995864,8.589699882202986,48.975,-6.276933343152721
202212,43.0,15.0,8.0,10.993647554389254,10.993664362383136,409.699,-6.20711335129225
202210,128.0,39.0,32.0,11.920794348360973,10.800473133352277,1095.083,2.492582972231549
202410,352.0,15.0,24.0,11.086609480344594,10.226295426963283,435.564,-5.255559743171732
202311,187.0,34.0,98.0,13.88789912421507,13.770028765094322,3676.374,-5.623970452537256
202212,165.0,45.0,24.0,8.251142139090751,8.251403065380556,240.013,-0.685182180596537
202210,494.0,15.0,11.0,12.567119020825047,12.389281308728863,1671.112,-1.5809287119617998
202212,17.0,4.0,7.0,12.906719135841671,11.14661856806214,401.83,-3.3748265646547635
202311,71.0,7.0,47.0,12.29003688470726,12.290041482017374,642.897,4.403808765818736
202402,1165.0,544.0,185.0,14.005295031127085,13.85811496304662,4277.461,33.60830510965255
202402,624.0,240.0,144.0,14.284953405001055,13.878325719971185,3837.555,26.477386508550794
202301,28.0,1.0,7.0,16.428299884713294,16.34231030843346,6922.205,-4.075621492561652
202401,24.0,9.0,12.0,12.136502821924067,11.97779091635984,923.592,-6.2918148135823255
202310,225.0,72.0,39.0,10.032276467369046,10.032320424379096,336.122,4.261509001453829
202212,85.0,12.0,24.0,12.4663308476506,12.027705260683902,359.28,-5.158201050039138
202306,174.0,33.0,46.0,11.434953112631268,10.525917160881786,514.143,-6.258381774551138
202403,21.0,4.0,9.0,12.354927900740968,11.991876447007229,432.993,-5.304603926843534
202310,284.0,88.0,103.0,13.401338151118315,13.161882123064586,1847.949,7.814416221925754
202312,178.0,20.0,64.0,14.212676657702167,13.325268302388592,2098.105,-3.256692063333501
202309,21.0,3.0,4.0,10.193354735893246,9.729312720877942,290.935,-6.2918148135823255
202207,202.0,23.0,50.0,12.228880556356156,12.039876374657714,759.73,25.362498833797865
202307,115.0,3.0,2.0,10.422578920719152,10.422608673326225,92.195,-6.271039005393656
202312,11.0,1.0,0.0,8.373322820996535,8.373553741214627,0.29,-6.2918148135823255
202309,293.0,21.0,59.0,12.708053267341874,12.069949325333063,1691.683,3.656293133233099
202405,81.0,25.0,36.0,12.873891761642975,12.822579033668896,1553.222,-6.213007689051315
202307,75.0,15.0,10.0,12.912131115510329,11.303697146165202,1906.112,-3.2135422174207635
202409,130.0,11.0,7.0,8.854522203757432,8.854664928370534,66.798,-6.271039005393656
202207,105.0,35.0,12.0,9.707290170206525,9.707351006708445,257.258,13.884065353254256
202301,130.0,36.0,12.0,10.969456118819169,10.969473338377144,197.966,-5.255559743171732
202303,347.0,42.0,110.0,12.329192525973767,12.247166603065136,562.276,-2.1624388841310616
202311,412.0,176.0,152.0,13.5219284478034,12.755958392632515,1951.003,7.651948412724895
202404,101.0,10.0,19.0,12.981946620685045,12.713913820255204,562.494,7.335678485175901
202306,266.0,117.0,70.0,13.292620787476352,12.64062395231102,1641.887,-1.0182960733489113
202306,77.0,58.0,8.0,11.383329176799155,11.383340560421537,245.321,-3.3748265646547635
202408,31.0,13.0,11.0,10.99603146580263,10.955654425961269,354.832,-2.182402451962317
202401,269.0,45.0,37.0,12.373563942294506,11.924100904723316,643.027,-4.221715142653951
202210,139.0,53.0,62.0,14.232945079318407,14.139319379502611,3670.417,-6.149082034949909
202210,102.0,2.0,2.0,11.973162808925371,11.7704627135033,396.69,-6.2918148135823255
202211,163.0,5.0,5.0,9.211339872309265,8.523175263093785,116.082,-6.2620518727231165
202406,110.0,22.0,33.0,12.385335362172286,12.385339541594899,519.821,-6.235381726775383
202210,94.0,36.0,37.0,11.324883578241367,11.223802354722043,634.786,-1.8471271680558905
202310,201.0,40.0,56.0,13.034414834138808,12.771656304531097,1042.837,-3.3748265646547635
202310,47.0,17.0,20.0,13.095912620183046,12.916391544598438,2650.0,-2.901204132857058
202307,494.0,15.0,11.0,12.470354301396597,12.230306616375131,2106.373,-1.5809287119617998
202207,14.0,6.0,4.0,11.852649551449044,11.813370740122364,287.287,-6.258381774551138
202307,45.0,17.0,16.0,10.540514015956738,10.177172115344055,345.168,-4.347155980963951
202309,311.0,67.0,58.0,11.361160270941255,11.289856910843659,502.376,-6.156574602244373
202402,435.0,237.0,97.0,12.347632969846712,12.231399203476183,1287.962,-3.303245858364916
202410,54.0,7.0,11.0,10.362714572154392,10.362746160245683,195.384,-5.304603926843534
202410,114.0,28.0,41.0,14.242622996086602,13.003879346107903,6308.882,-2.3559519339226225
202402,74.0,10.0,26.0,12.845547387993822,11.351029870570525,546.294,-1.3020236664292817
202301,174.0,66.0,90.0,14.240105518086464,14.201529815124008,3051.406,3.528838042642141
202403,217.0,46.0,87.0,15.391290751062137,13.375556484307365,4949.466,-5.2070245063548795
202306,210.0,23.0,75.0,13.538618068055817,12.901068116947737,1919.307,-0.17381796524253623
202401,283.0,100.0,26.0,12.52533332370661,12.45312411139586,336.615,-3.2935744731806067
202307,343.0,155.0,59.0,11.682355954514504,11.670766470020654,800.785,2.918688273380301
202308,3.0,1.0,0.0,10.238887786196006,0.6931471805599453,421.87,-6.2918148135823255
202404,110.0,48.0,41.0,13.176376070872202,13.176377965710566,600.047,-6.2918148135823255
202404,75.0,14.0,16.0,12.128154346368744,12.079817573304995,600.19,-6.036112197176701
202310,154.0,61.0,19.0,10.9207270827385,10.920745162161406,372.95,6.4282251245351905
202303,97.0,18.0,44.0,12.992635029742539,12.889765272319181,954.85,-5.319485397273138
202401,67.0,32.0,6.0,12.751725692220749,12.746304632735038,420.477,-6.100037851278107
202301,107.0,10.0,15.0,10.31754893986965,10.317581987342347,545.702,-4.682144187396456
202402,84.0,14.0,17.0,14.50428720162668,13.774965608396855,2886.947,5.294931646016421
202312,49.0,2.0,3.0,15.501503688458715,13.777293500979596,8053.359,-2.402497148345576
202402,27.0,2.0,3.0,15.73124201983192,10.472487740353191,10533.969,-6.2918148135823255
202208,189.0,49.0,50.0,12.996085613491115,12.48476821000226,1404.495,17.815260599823134
202407,52.0,23.0,18.0,11.236486616597794,11.236499800774148,354.65,-0.9899783392698707
202208,136.0,59.0,34.0,10.660852890422639,10.658388129371556,547.249,-1.8983821014776519
202303,192.0,40.0,68.0,14.367754670312559,14.33006741202468,1912.382,15.419646130535417
202309,37.0,12.0,10.0,12.802752977602413,10.190431852901,784.9,-6.2918148135823255
202211,110.0,23.0,20.0,12.960305518067956,12.690755505744967,875.749,-6.256157534964052
202401,748.0,466.0,135.0,13.507877447203944,13.507878807404873,2348.828,15.39030596484107
202406,159.0,36.0,65.0,12.536113530991496,12.108663764993295,847.848,-3.278197545733179
202402,559.0,125.0,101.0,12.828805408971496,12.803061286530397,742.3,3.1271340288944938
202210,118.0,18.0,25.0,14.098270787996784,13.175255592836068,2404.398,4.54948196841212
202207,333.0,109.0,49.0,12.378874028939968,12.272833695020843,1107.173,-0.39599716656381734
202303,106.0,26.0,46.0,11.489574951361979,11.4895851875623,661.786,6.4928026435630475
202303,342.0,165.0,50.0,11.863385134041662,11.727956196173889,497.155,0.46426345494332466
202309,320.0,20.0,175.0,13.448915139869515,13.44891658268254,2329.527,5.658284218932456
202410,53.0,8.0,24.0,11.523459783685128,10.322033400182823,315.148,-6.2918148135823255
202301,646.0,107.0,148.0,14.86258601381983,14.801208315551678,2014.162,-4.284828556397944
202408,325.0,82.0,96.0,14.229895763446997,14.124813456727345,2949.979,15.731398700290532
202407,270.0,89.0,80.0,12.207666374868632,12.179569519949842,726.251,-2.7010878658506288
202303,76.0,41.0,19.0,14.034654923183279,13.841442402389596,4576.414,-5.183611567707706
202310,41.0,6.0,28.0,13.073830480138929,13.050989817182586,1244.936,-5.2860523582419505
202408,371.0,123.0,146.0,12.89128089601346,12.095230466303109,1412.811,8.014514142927261
202210,912.0,307.0,119.0,12.699911812865766,12.64316238175653,1669.24,16.058980325051195
202303,581.0,99.0,87.0,13.449461816944835,13.13122797054271,856.294,12.093734456788097
202303,247.0,96.0,60.0,8.602269363771356,8.602453035367061,476.903,-3.119074589653231
202308,58.0,2.0,5.0,10.96496894286603,9.53300341332321,238.839,1.4868205168911732
202301,101.0,10.0,50.0,13.33412884310845,13.330929187899182,1129.813,19.779825831770104
202211,242.0,21.0,49.0,13.038712166908653,12.606608960401585,1078.778,-6.2918148135823255
202407,161.0,17.0,18.0,11.196610694643175,11.144120101224667,92.555,-6.276933343152721
202306,120.0,1.0,14.0,10.00229162159471,10.002336916578297,64.154,-6.2918148135823255
202408,59.0,12.0,17.0,11.91650212441446,11.826932962589558,426.639,3.431479349509548
202405,173.0,33.0,28.0,12.21359428692902,12.17774518487632,389.613,-6.2918148135823255
202309,49.0,1.0,1.0,11.299509447414529,6.248042874508429,280.104,-6.271039005393656
202309,63.0,16.0,13.0,12.164708837588867,11.211185035267407,1622.858,-1.3627582100687308
202303,106.0,22.0,29.0,11.803017132015809,11.411579104024465,423.294,-4.80048887997561
202212,410.0,125.0,189.0,14.897886074112488,13.773175961705254,7506.244,10.187557618035198
202212,204.0,81.0,48.0,12.285064031527924,12.059322844843626,621.427,6.485608612909203
202308,50.0,14.0,2.0,9.549594449971952,9.088172738001974,43.036,-6.271039005393656
202409,8.0,1.0,4.0,11.886466375493749,0.6931471805599453,270.961,-6.271039005393656
202410,54.0,16.0,15.0,12.986756689987317,11.777287732100392,375.544,-6.227889159480919
202211,186.0,33.0,98.0,13.84723109963246,13.756082157889239,3581.143,-5.623970452537256
202405,103.0,44.0,12.0,11.689136725199509,11.594311884842648,328.982,-6.227889159480919
202407,330.0,88.0,99.0,12.831173827605975,12.633295983835929,2216.385,24.997051219845638
202210,67.0,20.0,10.0,9.926178162455827,9.857338896510148,53.878,-6.271039005393656
202207,27.0,0.0,0.0,13.983147318992438,0.6931471805599453,14316.63,-6.2918148135823255
202307,153.0,3.0,9.0,9.880730565413511,9.88078171500049,106.987,-6.2918148135823255
202303,57.0,8.0,12.0,13.959151055965336,13.280108731498684,4109.438,1.5507461709925794
202410,9.0,1.0,2.0,4.276666119016055,4.290459441148391,53.098,-6.258381774551138
202308,1.0,0.0,0.0,10.44459016718639,0.6931471805599453,510.423,-6.2918148135823255
202402,552.0,231.0,161.0,15.143731586833981,14.521298012590416,5241.731,17.04744953556464
202301,106.0,42.0,25.0,10.622789690572924,10.622814044879377,246.117,-5.319485397273138
202207,88.0,32.0,19.0,9.737314897481545,9.737373934586381,402.882,1.8350592788815394
202311,142.0,16.0,43.0,12.394931123357752,12.260679195021046,1135.022,-0.5883429704170613
202208,191.0,52.0,101.0,11.170097070710039,11.148419941916307,1033.397,-6.271039005393656
202208,87.0,36.0,16.0,12.396808700925147,10.969714381060083,481.161,-6.023405607738274
202210,158.0,36.0,64.0,12.124553431691025,11.879524996856526,816.3,-3.278197545733179
202308,134.0,8.0,49.0,12.743016207091205,11.153016726521098,591.689,3.4522551576982163
202410,151.0,1.0,3.0,7.191429330036379,7.192182058713246,6.756,-6.234431325208313
202210,219.0,69.0,83.0,13.523085254155298,13.482627472626762,1509.542,-2.134087942501525
202405,49.0,2.0,3.0,14.508464719897322,12.850971889888529,7434.862,-2.402497148345576
202403,601.0,201.0,117.0,13.92779584197456,13.89369862377541,1089.461,0.978072637240472
202406,95.0,11.0,34.0,12.248437449307943,11.628341256469355,621.211,-6.276933343152721
202307,146.0,0.0,10.0,7.194436851100335,7.140453043101158,71.208,-6.256157534964052
202212,264.0,26.0,90.0,13.5625429067202,13.421004677542264,844.194,-4.311498702345677
202408,183.0,36.0,95.0,11.215543163720486,10.75306139234466,2639.74,16.664095550055492
202210,74.0,6.0,36.0,12.63254227275218,12.171817583101067,888.322,11.430209376366305
202303,1.0,0.0,0.0,14.992120387454111,14.992120695776297,8296.572,-6.0717201171990665
202312,75.0,18.0,26.0,13.251547835785155,12.425103752324258,529.797,-6.213007689051315
202303,79.0,21.0,27.0,12.8261785924608,11.301908093453859,613.419,-2.3817213401569073
202212,279.0,105.0,54.0,11.248451977655328,10.944223522673548,562.999,-3.3020254496384642
202308,80.0,6.0,9.0,12.421042886155222,11.311543405437531,774.396,-0.43706250753853215
202311,239.0,66.0,125.0,12.855980850523004,12.846267261137385,1782.573,-5.262101908899125
202210,529.0,18.0,77.0,12.392050011702295,12.291364628542127,448.929,-6.204668384349104
202208,601.0,200.0,119.0,12.091379830220768,12.007121581764654,1355.287,0.978072637240472
202207,29.0,4.0,9.0,13.644507504559343,13.32600438439296,2162.651,-4.029702591448098
202301,223.0,42.0,147.0,11.515911003810594,11.515920973950028,810.231,-6.250125035995331
202402,88.0,18.0,13.0,10.319034995985804,10.289599932128478,259.822,-6.2918148135823255
202410,14.0,6.0,5.0,11.232801425162886,10.893660516800988,207.864,-6.2918148135823255
202312,91.0,17.0,10.0,11.804303200040623,11.804310672346391,122.161,-6.2918148135823255
202408,62.0,8.0,18.0,11.045382805053853,11.045398765599385,380.005,16.189896262850247
202409,245.0,9.0,14.0,14.033400332329936,12.18900278083458,4012.909,-6.256157534964052
202402,173.0,37.0,46.0,12.916475093972482,12.916477551201341,757.232,4.493918290465253
202212,462.0,58.0,159.0,14.376732483940591,14.24329603622507,2724.694,-6.2867327161806745
202402,41.0,6.0,28.0,13.389326282665534,13.37046331139657,1684.708,-5.2860523582419505
202303,113.0,25.0,28.0,13.03957724330885,12.945456733471834,1026.163,-6.258381774551138
202303,246.0,91.0,26.0,12.814372469554664,11.907895693985742,442.13,-4.2534673860033365
202303,139.0,44.0,61.0,13.445415972066073,12.4688406746276,1430.323,-4.871956459967388
202207,210.0,57.0,46.0,11.96717438802132,11.746225266528812,1009.839,4.843998158585254
202311,102.0,18.0,32.0,12.275174177779997,12.275178843928721,528.289,-1.7422130591957998
202303,73.0,2.0,12.0,14.977232847921158,13.536875438145373,2809.353,1.5536865949535485
202301,66.0,7.0,19.0,15.333464122756137,13.989914183847066,3025.704,6.412393252538516
202311,43.0,9.0,19.0,12.313769429985525,12.262802634275863,2193.031,-3.2950690385566825
202208,175.0,4.0,11.0,11.626218435353747,11.091666284563281,341.336,-6.2918148135823255
202403,103.0,42.0,25.0,10.55312684311914,10.553152954484112,179.351,-5.319485397273138
202207,179.0,8.0,35.0,9.783238979939952,9.783295367207723,302.11,-4.604992460903505
202410,88.0,8.0,8.0,9.61400385813772,9.614070642790631,52.535,-6.240325662967377
202312,34.0,11.0,9.0,13.131733341857691,13.073914455005301,1155.718,0.8421086849011408
202307,33.0,4.0,10.0,13.967433901976879,13.802041252777222,2394.972,-5.20629483214387
202312,179.0,50.0,56.0,13.097226065950073,12.359600274158481,950.587,-0.03490765573260468
202409,188.0,15.0,4.0,11.69838376370799,11.122930081265755,326.284,-6.199724448157109
202308,269.0,87.0,82.0,12.772286617493824,11.699919422412943,2836.977,19.63023598076782
202303,201.0,41.0,55.0,13.319085743006095,12.915452362699376,899.434,-3.3748265646547635
202410,265.0,16.0,31.0,12.033640031566566,11.902315390221718,1250.285,-5.55736876668702
202308,64.0,17.0,13.0,13.290586009818782,11.455899983470855,2000.39,-6.2918148135823255
202207,162.0,54.0,26.0,13.426017219365809,12.619605124716097,1966.355,10.26396913421897
202408,35.0,10.0,11.0,13.410656263271608,13.236648747799327,3763.163,-0.07645927210994241
202212,17.0,3.0,3.0,12.713835584060092,11.467185145293428,974.873,-6.143187697190844
202410,116.0,13.0,20.0,11.940412957112885,11.647805947164047,304.778,-6.2620518727231165
202310,324.0,21.0,22.0,11.038913814326953,11.038929878454953,212.848,-6.2918148135823255
202303,106.0,33.0,34.0,12.250797414309682,12.13467867943562,554.057,-1.3551830766278634
202407,645.0,59.0,225.0,13.78767779525908,13.069732346540931,2811.858,32.537189771194676
202210,213.0,49.0,95.0,12.198569567709024,12.17518551144639,791.888,8.64136519304585
202405,241.0,68.0,126.0,12.84242987377165,12.796511346230092,1638.434,-5.262101908899125
202308,11.0,6.0,2.0,10.648277966247912,10.64830170765649,342.014,-6.194456120449732
202210,229.0,20.0,53.0,12.65355263638444,12.223588346076195,1175.827,-4.295666830349003
202312,520.0,252.0,89.0,11.92445879081332,11.890649318096669,1195.747,3.9417094614925983
202409,34.0,8.0,9.0,11.542270652164694,10.951806047149772,489.94,2.4591499332003597
202405,61.0,25.0,26.0,11.785849166446464,11.323579293239309,957.655,-6.2918148135823255
202406,49.0,2.0,3.0,14.85404617882839,12.98591344426643,8343.038,-2.402497148345576
202401,81.0,7.0,18.0,13.58996662804505,13.589967881048342,868.826,-6.00779446309766
202210,77.0,18.0,27.0,13.131057473980976,12.483655138491763,2076.721,-5.20629483214387
202307,361.0,62.0,127.0,11.484361367845475,11.286539161614174,974.772,-3.269349294176019
202303,180.0,19.0,27.0,12.811079630406146,11.895681325651683,540.89,-6.222807062079268
202306,110.0,16.0,42.0,13.633602515661416,12.900204341295941,2128.326,-6.271039005393656
202207,96.0,49.0,16.0,12.008730847579796,12.006071725718227,817.489,-6.177278301592221
202307,37.0,6.0,8.0,13.269687955174877,12.815819195231022,1286.203,7.5408917111295555
202404,41.0,2.0,6.0,14.51208436094212,11.75652241217695,3317.371,-5.319485397273138
202211,492.0,114.0,131.0,14.123505421674116,13.884941466832176,5001.48,73.09269190352221
202303,163.0,45.0,71.0,12.421329175902562,12.205867624514802,691.364,-5.2050209941238545
202308,114.0,4.0,4.0,11.690753608151843,7.8838232148921525,305.554,-6.250263197204988
202405,110.0,22.0,33.0,12.7337288373376,12.733731787264071,449.349,-6.235381726775383
202303,153.0,45.0,55.0,11.993912307304159,11.993918489015565,576.602,-4.3313241089672765
202303,60.0,6.0,14.0,14.572185905676056,13.638821111021949,10178.469,-6.227889159480919
202207,65.0,30.0,18.0,14.575886855510255,14.250240573998592,7956.826,-4.1061141076318695
202208,383.0,108.0,70.0,11.87679744798003,11.873797588414977,670.58,15.136040025405139
202401,186.0,27.0,51.0,13.732311541049937,13.229902119004596,980.751,-5.894027246512613
202401,14.0,5.0,6.0,11.543871653860242,11.457085005775793,536.606,-6.291742704741504
202301,179.0,19.0,26.0,12.753916558894245,12.057839422966953,669.805,-6.222807062079268
202303,17.0,3.0,3.0,12.657081383673,11.268021871873454,817.345,-6.143187697190844
202303,71.0,13.0,11.0,11.284857307664499,11.284869869294997,515.18,8.108932412098886
202407,113.0,28.0,30.0,11.922528666016262,11.922535305130603,1038.465,-6.258381774551138
202308,15.0,0.0,2.0,5.934894195619588,5.937536205082426,19.705,-6.276933343152721
202404,201.0,40.0,56.0,13.744349623640952,13.19022761222046,1011.961,-3.3748265646547635
202210,176.0,28.0,80.0,10.986410741739597,10.986427671809942,1049.362,-1.32159766664617
202307,216.0,57.0,63.0,11.239829824713368,11.119423512109528,759.896,-5.047950908870839
202311,146.0,22.0,61.0,12.344742687651333,11.387078755104254,817.84,0.04627673114072284
202406,345.0,65.0,61.0,12.954902846516722,12.773143432916715,808.914,6.280747002833342
202309,112.0,6.0,19.0,11.675809327871708,11.65091191905499,679.445,-6.258381774551138
202303,188.0,42.0,21.0,10.457975932036732,10.443366996692856,454.412,-3.190542169645009
202306,375.0,110.0,74.0,9.319643106866632,9.319732748747379,643.276,2.6501433395606853
202408,25.0,5.0,7.0,10.792879740541583,10.792900285602038,601.013,-6.227889159480919
202212,45.0,5.0,14.0,13.88143873807838,13.531266568526002,2261.99,-4.313722941932763
202406,333.0,76.0,76.0,13.612423278246396,13.432984330435108,2412.223,7.535137108019555
202309,128.0,6.0,6.0,11.937683266458802,9.156412029950626,264.232,-6.2294873890163185
202301,92.0,34.0,13.0,12.176654133447505,11.992860860540377,269.5,-1.3662420779349826
202208,159.0,8.0,38.0,13.006613523432549,12.938433327678936,1837.374,-0.3631993191995164
202406,34.0,4.0,10.0,13.704439322698486,13.632664063414602,1902.503,-5.20629483214387
202210,550.0,140.0,148.0,10.609748372241457,9.438431663014326,889.222,23.77501286360181
202307,443.0,174.0,108.0,11.967383891213835,11.950005512447644,1259.947,30.4857922281044
202301,43.0,23.0,17.0,9.187276432377631,9.187378760338836,717.185,-6.2918148135823255
202310,156.0,73.0,35.0,12.078085853161001,12.013737115857941,758.07,-1.2478148192094247
202303,133.0,24.0,30.0,12.545016824383165,12.274011628538366,398.245,0.8958701441992449
202407,198.0,56.0,28.0,12.150950979639626,12.07649912447428,705.839,-1.1045957651743858
202312,165.0,13.0,17.0,12.208609425182143,12.087750714695863,1030.124,-6.271039005393656
202409,60.0,0.0,1.0,12.38367893624277,9.815257251141714,1278.733,-6.275982941585651
202408,203.0,8.0,16.0,11.108065173923345,10.11382951201313,329.526,-6.275982941585651
202406,275.0,90.0,76.0,13.424599030863622,13.326837738839417,1394.564,-4.795373575023463
202306,13.0,6.0,4.0,12.956112788034163,12.51698895057983,1056.728,-6.2918148135823255
202307,229.0,19.0,57.0,12.599016353751326,12.078722111980733,1500.103,-4.311498702345677
202301,50.0,8.0,31.0,12.847355315958335,12.684617816722119,885.737,-6.232523868960818
202303,97.0,18.0,44.0,12.697284164228552,12.60493936541009,828.53,-5.319485397273138
202208,49.0,8.0,30.0,12.008395797364818,11.788038881746154,845.213,-6.232523868960818
202307,159.0,38.0,59.0,13.555169944533128,11.831677333459583,2013.536,18.67180176456239
202311,404.0,76.0,48.0,13.300755557633192,12.380105781399985,422.931,-4.223856816094633
202207,61.0,25.0,27.0,11.70029260470853,11.391593639802597,1381.149,-6.2918148135823255
202406,86.0,20.0,39.0,13.623050176553319,13.275908159426864,2573.307,1.6866200005580119
202402,446.0,121.0,202.0,15.505538843460457,14.90070793437548,4807.006,7.3076564523895655
202403,7.0,1.0,0.0,12.092142179189281,10.223431082444048,1391.414,-6.227889159480919
202407,239.0,21.0,52.0,12.941694853598209,12.154121239898075,1434.736,-6.2918148135823255
202310,114.0,4.0,13.0,10.150386692204734,10.150425752416055,103.4,-6.2918148135823255
202402,173.0,33.0,28.0,12.807614275664628,12.739722796637889,597.575,-6.2918148135823255
202307,103.0,25.0,38.0,11.337786054704486,11.337797968756515,408.904,-1.2682573747507027
202207,267.0,61.0,65.0,9.179984251961283,8.39615486303918,426.807,-4.574499845833286
202303,758.0,248.0,132.0,13.681088483085766,13.394804392761056,2429.886,22.619294298792227
202208,25.0,14.0,10.0,12.668434651804562,12.66200904360614,1550.093,-6.2918148135823255
202311,221.0,6.0,11.0,13.810668855818157,11.935922650770435,1577.761,-4.211282151398518
202207,64.0,17.0,30.0,12.493564699929667,12.416548296742592,1780.566,-5.978996133546371
202312,17.0,1.0,1.0,9.37906997525067,8.106816038947052,82.5,-6.2918148135823255
202402,207.0,51.0,66.0,14.243705377823085,13.61827960646062,2283.34,3.751156978612485
202207,14.0,5.0,3.0,12.181897773888824,11.998808594928136,995.854,-6.163963505379513
202310,64.0,18.0,29.0,12.4526201746234,12.365931289604454,1129.177,-6.1783150217409615
202406,96.0,9.0,28.0,12.198242066414986,11.533188770451643,1227.35,-1.4301677320363888
202401,228.0,19.0,57.0,13.794729111781148,13.24374703414868,1779.859,-4.296617231916073
202210,439.0,11.0,17.0,10.519051498437694,10.288375733655462,217.593,-6.271039005393656
202407,110.0,19.0,38.0,13.241255131538502,12.868443558037741,2443.978,-6.2918148135823255
202407,16.0,0.0,1.0,11.764555399029508,0.6931471805599453,1913.167,-6.227889159480919
202210,842.0,347.0,137.0,8.790877754224164,8.791029857045965,1064.128,4.7256884852705845
202407,54.0,28.0,13.0,11.595095139813742,11.177746391852555,635.207,-3.2774678715221697
202308,67.0,1.0,7.0,10.225897085506967,10.225933304924201,54.665,-6.2918148135823255
202409,2.0,0.0,1.0,8.013343181386672,8.013674142832684,23.339,-6.227889159480919
202210,253.0,61.0,97.0,12.750139603075967,12.22138481363178,1447.223,13.08523394510152
202306,314.0,87.0,56.0,10.282779786340269,10.282814003034598,463.083,-1.287434953403972
202402,171.0,68.0,27.0,9.108750516214549,9.10886120302633,266.468,2.372314607376355
202301,1170.0,546.0,185.0,14.306064084250202,14.200553206720052,4766.918,34.580634525961734
202402,184.0,44.0,26.0,12.479715376005885,12.05777563284802,442.423,-0.902336453018826
202303,230.0,19.0,55.0,13.513298095516069,12.893664423376423,1289.453,-4.295666830349003
202306,34.0,15.0,9.0,9.048174321385792,9.048291920021784,72.287,-6.194456120449732
202311,197.0,82.0,108.0,12.07761407862637,11.86565764642619,745.649,-6.2918148135823255
202301,265.0,47.0,64.0,15.187597469546244,13.956347574414066,3389.864,-1.002154974640141
202311,281.0,41.0,158.0,13.653974674530112,13.577938413331266,1228.651,-5.252164374661515
202311,551.0,85.0,166.0,14.669552624977706,14.515049269105566,4159.894,-3.197489618068028
202403,4.0,0.0,2.0,13.70865559283958,13.379619231517974,117.678,-6.227889159480919
202307,310.0,17.0,32.0,13.34567171514051,13.267304925907883,3103.752,-2.4705601782119366
202210,7.0,1.0,1.0,12.053317657937892,10.714395546283317,1015.594,-6.2918148135823255
202402,16.0,0.0,1.0,11.142542711115903,0.6931471805599453,1687.039,-6.227889159480919
202309,24.0,6.0,3.0,10.266253906111178,10.266288692954797,131.551,-6.235381726775383
202311,191.0,12.0,13.0,12.348743396694337,11.95283064639193,1137.842,-6.227889159480919
202311,89.0,28.0,23.0,11.55711458435771,11.231079661652146,1417.91,-2.2878945839866356
202312,446.0,216.0,62.0,11.50547779983507,11.505487874539,1187.922,19.492656677780566
202407,183.0,36.0,95.0,11.471029977796192,10.862397063745467,2052.8,16.664095550055492
202404,62.0,11.0,37.0,14.007035467022376,13.999581417169548,2205.215,0.5503917780086462
202207,157.0,39.0,59.0,12.844969532507575,12.599630475879698,1780.973,-6.276933343152721
202406,125.0,27.0,58.0,13.116027347090814,12.955652143052186,1183.647,-6.2867327161806745
202301,224.0,12.0,90.0,13.05621930138638,12.872308441344284,1041.017,7.807344037147072
202408,365.0,74.0,70.0,11.177774355276398,11.177788336695093,700.162,8.973407295587013
202210,65.0,16.0,32.0,12.787159136536609,12.740810089342478,1586.827,4.189122131791917
202407,877.0,406.0,174.0,13.061198359600281,13.057043751283674,2346.599,17.306108066547367
202208,362.0,63.0,129.0,11.841264718361252,11.593813968703566,1118.157,-3.771586642210416
202211,216.0,58.0,62.0,11.900722066924857,11.68162127818237,676.755,-5.047950908870839
202306,35.0,5.0,14.0,12.312106934152009,12.047949920900514,1071.371,-4.313722941932763
202210,14.0,2.0,1.0,15.022342371425914,14.980907281316952,7092.43,-5.111876562972245
202311,163.0,17.0,19.0,10.935372259153528,10.79824816585992,83.214,-6.276933343152721
202312,17.0,3.0,3.0,12.567136444340171,11.293051562523642,951.233,-6.143187697190844
202303,518.0,249.0,88.0,11.745686618522253,11.716568103467868,1266.864,3.9417094614925983
202210,303.0,72.0,98.0,14.239290258689381,14.058154730191012,2958.375,24.824464472496132
202309,153.0,8.0,3.0,10.862569538665166,8.142354276849835,218.048,-6.271039005393656
202307,84.0,4.0,11.0,10.567334647384522,10.567360390392079,264.743,-6.227889159480919
202406,27.0,6.0,12.0,13.073994224597174,12.890254759704469,2301.272,-3.359945094225159
202308,389.0,111.0,88.0,13.798797672495974,13.769110535129958,3877.401,4.830052228177145
202210,153.0,31.0,58.0,13.057863255529497,12.998936193467856,911.335,-5.234783934983064
202310,24.0,8.0,3.0,12.75988016953975,12.759883043321805,98.413,-6.227889159480919
202406,115.0,33.0,25.0,12.789689517806808,12.709695390737046,962.597,-5.255559743171732
202303,229.0,112.0,39.0,13.43740620709775,13.244979160944517,1142.937,4.736143625764191
202409,129.0,1.0,0.0,6.721425700790643,6.7226297948554485,10.333,-6.2918148135823255
202303,77.0,29.0,28.0,11.905582228659165,11.730807197162735,598.877,-6.153716744429807
202402,45.0,17.0,2.0,10.523418670764814,10.41622135457142,147.002,-6.227889159480919
202303,64.0,18.0,15.0,12.093944838879677,12.05737540198488,353.502,-5.266088790410695
202405,84.0,14.0,33.0,13.639515347574546,13.532048900352947,2777.499,2.9364608091749673
202310,344.0,185.0,41.0,11.057140272962048,10.981012388873753,558.992,-1.2046649732966879
202309,32.0,3.0,6.0,9.159993997539445,9.160099155539436,237.865,-6.2168301581738
202402,240.0,104.0,79.0,11.411667632896002,10.955881367402624,1679.167,-5.304603926843534
202311,330.0,86.0,101.0,13.044272097789259,12.880791054621685,1802.481,24.997051219845638
202211,627.0,195.0,223.0,13.7879841589913,13.773319918943944,1414.957,25.408809831027632
202301,51.0,9.0,19.0,12.58750800463868,12.505758631858674,625.337,-6.194456120449732
202309,103.0,8.0,6.0,10.6635454383787,9.275847174178303,207.633,-6.271039005393656
202210,337.0,129.0,96.0,12.825468328853201,12.31818183755742,1830.069,-1.4152141527659632
202404,353.0,153.0,65.0,12.519363983488374,12.505465873909966,964.348,6.519509770009908
202303,44.0,12.0,7.0,10.172177918806309,10.172216137070821,101.245,-5.943868808996254
202408,285.0,51.0,98.0,12.30563739815392,12.040301374073834,1551.689,20.513508983094447
202402,330.0,126.0,17.0,12.786364628670032,11.519712381659202,1321.534,-2.684315090218941
202403,71.0,6.0,16.0,14.696429830791827,13.263371499496637,2790.401,0.003126885227985987
202401,89.0,30.0,11.0,14.494208854335804,13.341039363996135,4247.085,-4.934760343741571
202208,68.0,18.0,45.0,11.604601777542019,11.604610901504739,857.174,-5.319485397273138
202306,165.0,13.0,17.0,11.867932017918392,11.80998839922776,849.158,-6.271039005393656
202307,348.0,78.0,90.0,12.760460505921293,12.092931942553385,1318.41,3.6664555163224097
202405,505.0,63.0,90.0,12.026551164861537,12.017161424511698,830.881,34.488079731114354
202207,102.0,21.0,30.0,11.998580962154186,11.99858711507267,741.818,-1.7422130591957998
202401,14.0,4.0,3.0,12.30027311892895,11.856735003351071,966.369,-6.163963505379513
202303,160.0,15.0,33.0,13.992512993280627,13.933573554427973,2387.375,72.59255214458024
202310,181.0,122.0,26.0,12.701439394233619,12.697614527355691,945.038,-5.999504516991357
202408,215.0,63.0,56.0,9.27865301215827,9.278746404640243,608.142,3.1907485795866837
202303,515.0,230.0,97.0,11.034696096907226,10.889752008037794,2040.308,20.656971435937876
202312,166.0,7.0,2.0,11.98816536101121,9.711115659888671,1085.01,-6.2918148135823255
202212,122.0,7.0,75.0,13.219426565246373,13.034882071833739,1097.995,-6.2918148135823255
202303,553.0,87.0,165.0,14.496281467456164,14.313610755860356,3901.449,-3.197489618068028
202312,146.0,53.0,42.0,9.564020836934587,9.564091044397669,229.088,-2.8707115177868396
202408,581.0,98.0,87.0,12.373534339417104,12.221177983305777,1114.238,14.038393289406473
202408,522.0,56.0,37.0,10.533961138568015,10.460499954601437,479.365,-6.250263197204988
202303,101.0,10.0,17.0,13.343891224170628,13.030877276481155,599.469,7.335678485175901
202403,93.0,9.0,24.0,14.681014814364893,13.394143176281512,2773.908,-4.347155980963951
202309,56.0,3.0,4.0,12.517271029245014,11.814732311467406,1853.178,-6.1971758170546405
202403,34.0,4.0,10.0,14.57782692779961,14.279672784388135,1922.353,-5.20629483214387
202307,82.0,14.0,33.0,13.33272154289214,13.230853590446063,3858.153,2.9364608091749673
202408,153.0,5.0,35.0,11.384330439839488,11.38434181206964,393.697,-6.2918148135823255
202401,207.0,51.0,66.0,14.476007989223808,13.833355387671899,2575.726,3.751156978612485
202211,161.0,36.0,55.0,12.894134417290234,12.848105463061819,351.15,-5.2860523582419505
202307,61.0,4.0,26.0,13.736056010623866,13.587964831278832,3193.699,2.726434217288661
202407,184.0,39.0,81.0,13.261190970367515,13.242848536811637,1971.688,25.969264862457926
202212,13.0,5.0,0.0,12.803463046574988,11.955660667061771,745.49,-6.258381774551138
202310,66.0,4.0,16.0,13.289703267375113,12.76441333515888,1779.549,13.636451673312243
202303,30.0,1.0,10.0,11.658548458648143,11.404348671520518,243.684,-6.276933343152721
202403,412.0,176.0,152.0,14.247345570409214,12.80727721964026,2251.77,7.651948412724895
202207,72.0,22.0,39.0,11.876387325597936,11.86112156488782,595.043,-6.271039005393656
202406,32.0,8.0,7.0,4.859812404361672,4.867534450455582,22.467,-6.2918148135823255
202408,230.0,113.0,39.0,12.754763256175435,12.585638580112649,1669.557,4.736143625764191
202210,13.0,3.0,6.0,12.024214981121506,12.024220978320814,1028.802,-6.163963505379513
202307,396.0,213.0,63.0,12.037926146217522,12.018772717183136,982.926,3.1075501443841613
202303,43.0,15.0,8.0,10.28236909466127,10.282403325410757,379.694,-6.20711335129225
202410,64.0,2.0,6.0,11.33481502894774,9.982391150131594,110.118,-6.250263197204988
202303,645.0,60.0,222.0,14.821248497781633,13.826706647191626,2901.725,32.537189771194676
202308,314.0,44.0,37.0,12.909585912089296,12.288665943834028,1013.352,17.137779772798787
202409,529.0,42.0,115.0,13.555594095184306,12.31796279664283,3052.601,-6.256157534964052
202303,43.0,21.0,6.0,12.841982585614021,12.016279243897504,2650.149,-6.179574650020127
202301,176.0,5.0,14.0,13.242502745837948,13.116097789539864,1997.485,-6.163963505379513
202207,258.0,81.0,24.0,12.608760567491043,12.44500292807622,884.997,23.270505720617678
202309,93.0,0.0,7.0,10.895201106056144,9.989711119284745,259.511,-6.2294873890163185
202402,461.0,58.0,158.0,14.561961036500435,14.41812836244424,2678.108,-6.2867327161806745
202408,188.0,41.0,21.0,12.686849286935972,12.686852378446222,587.259,-3.190542169645009
202406,426.0,16.0,26.0,11.59199539195371,11.445128306904403,933.602,6.568562294820367
202303,70.0,22.0,33.0,13.362102851401358,12.867953592016109,985.951,-4.165095825541282
202402,228.0,19.0,57.0,13.725312290046125,13.035665405843542,1656.347,-4.296617231916073
202208,28.0,9.0,14.0,12.858777967642325,12.697642052690469,1101.844,-6.258381774551138
202410,3.0,0.0,1.0,11.019071668177626,0.6931471805599453,211.755,-6.2918148135823255
202303,295.0,36.0,113.0,15.185972495090429,14.7516948933883,5778.805,54.958153371574845
202208,14.0,1.0,1.0,13.59063676063738,13.294659850551195,2055.971,-5.319485397273138
202303,285.0,81.0,42.0,12.21064716643656,12.087322892753331,548.397,-4.23646438508353
202405,63.0,17.0,20.0,12.026934017838709,12.026939998753608,491.84,-5.2777956196861435
202303,26.0,2.0,10.0,13.29764857028327,13.040495839072982,2340.862,-6.1410595135872885
202407,517.0,132.0,107.0,12.670724479432497,12.465389965079677,3087.091,38.72988205443354
202409,76.0,10.0,6.0,6.776506992372183,6.777646593635117,27.895,-6.271039005393656
202303,943.0,142.0,198.0,14.72116492371687,14.268139746980031,3893.232,80.4863232418864
202311,231.0,22.0,29.0,13.017138408115233,12.965187793831916,1781.831,5.724084186713993
202212,410.0,157.0,66.0,12.966950901847557,12.20690230127065,2108.195,43.8856084093459
202403,224.0,73.0,39.0,10.709092503552526,10.709114844180075,367.728,3.289179585144643
202211,28.0,8.0,10.0,12.590705596558195,12.530157763311916,1115.858,-3.3109009105533573
202406,41.0,11.0,10.0,12.4322475975031,12.193544494952903,1255.319,-5.260056291441973
202301,227.0,10.0,65.0,15.181712919923985,13.317002098852923,4311.803,-3.4028515413295093
202402,257.0,37.0,15.0,13.546796777919994,12.992113452015067,2690.288,-6.256157534964052
202312,119.0,27.0,32.0,14.799852384659587,13.678479333782127,2299.867,1.3204483923251482
202409,100.0,12.0,31.0,10.959296718878928,10.164081019297177,309.407,-6.2918148135823255
202405,52.0,12.0,17.0,14.158363111292632,12.457562613958562,2864.647,-5.298709589084469
202210,560.0,127.0,96.0,11.98944531744376,11.915419497133438,605.126,3.0632083747930885
202303,89.0,31.0,10.0,14.209697640889761,12.82085009321352,3329.145,-4.934760343741571
202405,43.0,23.0,17.0,6.304448802421981,6.306275286948016,370.674,-6.2918148135823255
202303,178.0,50.0,54.0,12.700375517323502,12.152392293860647,867.885,0.9374217605765827
202401,4.0,0.0,0.0,13.491537875411455,11.328341350522015,5255.968,-6.275982941585651
202306,31.0,7.0,8.0,12.340201359722643,12.132194646930508,416.813,-6.1422507854609
202406,371.0,76.0,204.0,13.889246032177823,13.708627773131319,3184.681,25.815540787119218
202310,156.0,29.0,77.0,10.712282156622035,10.71230442610505,253.904,-4.021584014101947
202408,13.0,0.0,1.0,14.336253640756032,12.467682779558926,6355.909,-4.2193046727611385
202402,125.0,44.0,15.0,12.380811358427447,11.135056068452863,929.12,-2.335631070283201
202210,45.0,1.0,10.0,12.229076027295136,12.229080913579093,448.0,-2.3275124929370503
202409,100.0,1.0,1.0,10.905093223262087,9.060214913398545,112.361,-5.298709589084469
202301,86.0,4.0,22.0,12.812866414412014,12.211965249984972,1070.646,-5.595873445814275
202303,110.0,20.0,40.0,12.009370177340452,11.715621381015334,442.569,-6.140109112020218
202310,219.0,42.0,83.0,13.021530374851523,12.907150792666318,1683.11,4.864773966773923
202309,478.0,23.0,33.0,10.326989023130391,10.322329457685932,224.066,-5.257157972707131
202212,18.0,2.0,5.0,12.91945618284149,10.304074113193185,475.14,-6.2918148135823255
202404,275.0,9.0,1.0,11.027637624992076,9.799847777776368,330.625,-6.256157534964052
202309,238.0,13.0,12.0,10.37692278708356,10.363061986291324,211.812,-6.1871497834609945
202312,189.0,83.0,41.0,13.474616157975674,13.474617564179423,1069.576,0.9014989339117472
202408,115.0,7.0,6.0,12.524057175682058,12.518789954796771,2117.571,-6.2918148135823255
202308,3.0,1.0,0.0,11.880051604407498,11.880058531606105,351.203,-6.227889159480919
202312,227.0,13.0,92.0,13.13070647675858,12.955392198395304,859.613,7.807344037147072
202303,629.0,241.0,145.0,13.792477317853555,13.440130327288065,3127.15,26.761406859035453
202403,111.0,21.0,43.0,12.406516497083373,12.033533088590836,481.73,-6.140109112020218
202211,207.0,15.0,82.0,14.909052681708124,14.033044002013597,6014.925,1.1747751897317622
202207,716.0,291.0,152.0,12.006328187644195,12.004672239449532,3698.748,40.81900491177231
202404,324.0,78.0,125.0,13.730381771425053,13.65913974880604,1599.584,9.570472733394066
202408,35.0,7.0,11.0,12.624605333031054,12.147903132466345,3156.449,0.5144911005819859
202309,15.0,4.0,2.0,8.214194414852564,8.214465160759186,63.076,-6.256157534964052
202211,102.0,20.0,31.0,12.392357172706886,12.39236132288524,502.457,-1.7422130591957998
202409,203.0,86.0,22.0,10.593479761402772,10.593504840087146,436.205,-4.833701191650737
202312,20.0,5.0,4.0,9.057888248784506,9.058004710672485,233.769,-0.45783831572720146
202207,224.0,84.0,75.0,12.919382682613605,12.509899929786545,2276.734,9.284926486679952
202312,106.0,24.0,24.0,14.279439523745975,13.185903275083431,1249.649,11.291862228475027
202401,106.0,30.0,39.0,14.299120574062815,14.000052148658366,2396.926,-4.150296921258081
202301,53.0,13.0,9.0,10.048885755225484,10.0489289881863,244.184,-3.3748265646547635
202312,219.0,30.0,79.0,13.68039505415504,13.3314647978581,1090.596,-5.319485397273138
202210,59.0,6.0,14.0,14.559918657387689,13.67130525848288,10621.916,-6.227889159480919
202306,104.0,33.0,19.0,9.846493831016009,9.846546762073318,87.034,-5.287821653279789
202312,13.0,3.0,6.0,12.175845369910077,12.175850523340587,1089.038,-6.163963505379513
202212,202.0,6.0,26.0,12.42738251668003,11.59695406456568,533.591,-6.256157534964052
202212,22.0,7.0,11.0,11.762781051881552,11.618806844954676,159.854,-3.3748265646547635
202409,146.0,41.0,24.0,10.81881782331516,7.466227556215481,423.045,-6.045651941558269
202207,89.0,9.0,31.0,11.790852612475863,11.349865212513025,234.088,-6.2263945941048435
202410,108.0,14.0,18.0,11.404114559112049,10.669257674565925,281.018,-0.43706250753853215
202211,252.0,46.0,110.0,12.739535111701693,12.593845497940707,879.598,-6.276933343152721
202208,21.0,5.0,7.0,12.75221521882355,12.277928082630602,1518.387,-5.158201050039138
202210,337.0,129.0,96.0,12.825468328853201,12.31818183755742,1830.069,-1.4152141527659632
202212,39.0,15.0,9.0,12.010459140894785,11.81004783724136,266.719,-6.271039005393656
202401,57.0,8.0,36.0,14.136393336556868,14.059329296959575,2864.769,-2.113361492908764
202303,22.0,5.0,9.0,12.971347445782545,12.393949575954492,1171.797,-6.163963505379513
202303,115.0,2.0,4.0,12.41960616808189,10.109444252427517,739.213,-6.20711335129225
202405,27.0,13.0,8.0,10.829807820047462,10.829827620263284,121.636,-6.2918148135823255
202301,213.0,49.0,96.0,13.270929923509085,13.206062775842948,1222.858,8.64136519304585
202404,455.0,189.0,58.0,12.832430774407394,12.74564606314764,580.273,16.63319744833789
202210,67.0,28.0,14.0,10.129506964595802,10.129546848931234,173.94,-3.906966588197433
202211,232.0,56.0,79.0,12.865823319271604,12.861055754494473,712.118,-6.260874810590354
202208,135.0,7.0,11.0,12.365978163039797,12.340231965966757,1265.239,-6.192231880862646
202210,31.0,7.0,8.0,12.055761252865635,11.739072501304213,374.901,-6.1422507854609
202303,5.0,1.0,0.0,11.597808745835398,0.6931471805599453,339.352,-6.163963505379513
202310,146.0,0.0,10.0,7.3987862754199485,7.362645270417825,59.729,-6.256157534964052
202310,106.0,26.0,46.0,10.53781317228773,10.537839686585567,646.646,6.4928026435630475
202311,44.0,12.0,7.0,9.921523915022227,9.921573020082512,82.658,-5.943868808996254
202403,147.0,28.0,70.0,13.958032167214427,13.55683438412193,2992.076,-2.3049177278569215
202404,44.0,3.0,15.0,13.477160960202907,11.68600444039725,844.227,-6.2918148135823255
202210,75.0,27.0,28.0,11.374352815106288,11.327884213156308,770.083,-6.153716744429807
202306,40.0,10.0,10.0,12.489257118929505,12.225880174775122,1318.418,-5.260056291441973
202210,203.0,83.0,40.0,11.169321860483546,10.993227262700639,375.803,-3.0700304059814294
202212,59.0,4.0,12.0,15.319789934341296,12.609285218585045,8127.004,-5.319485397273138
202208,150.0,12.0,9.0,9.807637226879294,9.390325868972589,90.528,-6.2620518727231165
202208,453.0,231.0,80.0,12.330275032988741,12.196986491168916,2441.707,20.486506516827596
202303,154.0,3.0,9.0,10.42951701004439,10.362746160245683,79.764,-6.2918148135823255
202301,310.0,177.0,75.0,14.638984000199793,14.153416765956925,2391.432,-1.5450280345351386
202401,426.0,106.0,100.0,13.596174747992892,12.412310090578009,1247.45,8.692327369063316
202306,572.0,131.0,275.0,14.11765381167261,14.030412238176481,4601.459,19.131526467754497
202207,107.0,14.0,33.0,12.72358287743737,12.677790429772415,1452.126,24.290586484769
202312,81.0,13.0,35.0,13.992109102855133,13.72669136604332,1345.055,10.271290411545868
202303,52.0,13.0,14.0,9.881599752778099,9.715409458629793,147.074,-6.258381774551138
202301,92.0,14.0,27.0,12.504802219000977,12.076470665499313,493.359,-6.152904504072394
202409,206.0,12.0,3.0,7.80994708647679,7.78155595923534,18.422,-6.2263945941048435
202303,367.0,73.0,105.0,10.922316822030947,10.875818295292955,405.787,1.2817470255865828
202303,23.0,7.0,11.0,13.785322447749998,13.757926994937687,1728.724,-6.173680312261062
202207,276.0,38.0,58.0,11.863173802440462,11.7146655883904,541.757,5.000014178111876
202409,43.0,5.0,14.0,12.152988274437718,11.452474578061011,857.14,-4.283230326862545
202311,15.0,9.0,0.0,13.937699871703474,0.6931471805599453,2309.177,-6.227889159480919
202402,282.0,76.0,58.0,12.545896402384901,12.537277462192314,395.024,-5.219902464553458
202212,82.0,9.0,6.0,13.411009984542938,12.756650571899964,1117.82,-6.271039005393656
202312,9.0,3.0,5.0,13.15246378052645,13.085020739563042,718.923,-6.2918148135823255
202310,267.0,93.0,54.0,11.358409718514256,11.33721401321588,452.019,4.653666403061202
202306,68.0,19.0,25.0,12.947011873258845,12.94539705570787,1274.462,-4.021680070085478
202210,359.0,81.0,79.0,13.57836569413923,12.684933805770461,2002.021,10.683089961392524
202210,332.0,100.0,67.0,11.729406873410888,11.718963548381499,655.018,-1.0324952187598528
202402,11.0,4.0,1.0,12.675254061851485,11.349052678244734,1861.88,-6.2918148135823255
202306,134.0,25.0,30.0,11.910916041569859,11.753618125923827,424.782,0.8958701441992449
202301,5.0,1.0,0.0,13.857992294350655,0.6931471805599453,473.467,-6.163963505379513
202403,198.0,48.0,40.0,14.314764689504825,13.592053207420236,1337.152,-5.271170887812346
202409,5.0,0.0,1.0,12.339072646991417,11.437231620601029,666.795,-5.303653525276463
202306,83.0,37.0,25.0,13.783504794353178,13.13010136183276,2748.374,-6.204172927331281
202311,192.0,48.0,30.0,11.036324118576157,10.84554349229631,197.675,-2.2694811765947094
202402,127.0,10.0,42.0,14.342766068903925,14.28055754834648,1642.036,-1.3023164238335765
202303,84.0,14.0,17.0,14.34321040779487,13.677022903339504,2394.858,5.294931646016421
202408,105.0,25.0,40.0,11.031707185956895,11.03172336627031,528.026,-1.2682573747507027
202409,146.0,14.0,33.0,10.921377736125875,10.921395803789276,182.537,-5.319485397273138
202212,258.0,81.0,27.0,13.086016770049216,12.923456237075385,731.637,23.23707268158649
202405,167.0,34.0,26.0,13.149571846961102,12.831040016835614,710.923,-6.064380572659834
202311,123.0,18.0,34.0,12.59927959513169,11.920042541160774,815.568,12.686559143160155
202310,116.0,23.0,70.0,12.849580426422278,12.74538951160707,556.137,-6.2918148135823255
202310,275.0,90.0,75.0,12.884446231981501,12.82438043266691,1186.16,-4.795373575023463
202404,54.0,28.0,13.0,12.573981254911704,12.027597681104794,497.573,-3.2774678715221697
202211,192.0,65.0,38.0,9.142382678792956,8.91018077801329,551.667,-5.185519023955201
202212,94.0,8.0,46.0,12.105301582206154,12.10530711230788,376.514,-5.503679416229737
202303,165.0,32.0,18.0,13.182867521375364,13.15510739272656,1168.966,0.6772700131920617
202207,260.0,43.0,105.0,12.288025834763378,12.14876127881706,1158.059,11.697191721435113
202405,50.0,18.0,19.0,15.014480870667418,14.695170914860542,5102.143,-3.1042424778195348
202311,182.0,56.0,39.0,12.83309604909819,11.563599567698184,1407.588,-4.19852886457247
202212,22.0,1.0,19.0,13.148128585290355,13.148130534416222,1481.209,-5.319485397273138
202212,135.0,38.0,49.0,12.439372447088758,12.053742806964852,511.661,-5.319485397273138
202312,135.0,6.0,11.0,12.504182657534205,12.48070747163252,1092.405,-6.192231880862646
202309,175.0,30.0,60.0,12.830177846254514,11.042153540661412,1191.271,-6.260874810590354
202212,130.0,10.0,40.0,13.522120224345427,13.43035824111417,1787.361,-0.32998700752438914
202402,115.0,24.0,29.0,13.319093957158916,13.249683016976556,1505.218,-6.258381774551138
202210,78.0,18.0,42.0,13.215992144426115,13.204020780754867,655.527,-6.163963505379513
202308,45.0,3.0,37.0,11.994196626485257,11.258948924983619,218.009,-6.2918148135823255
202405,149.0,26.0,12.0,13.195887036022999,12.837312506969123,2328.312,-6.22494873551995
202303,194.0,46.0,23.0,9.341280911236778,9.25272913846797,169.284,-3.3057362470053024
202406,189.0,83.0,41.0,12.349969505599022,12.34997383547495,954.134,0.9014989339117472
202301,409.0,156.0,66.0,12.97057490536609,12.186798078785475,2636.817,43.8856084093459
202403,184.0,44.0,26.0,12.236698839071934,11.853795161433698,375.543,-0.902336453018826
202402,370.0,76.0,204.0,14.680399779069381,14.167152859374932,3984.946,25.815540787119218
202312,139.0,5.0,44.0,12.861024586958576,11.75944173380618,429.91,-6.123224129359589
202308,212.0,20.0,29.0,12.970796024579341,12.270811146670411,835.609,-6.126964032335669
202312,118.0,28.0,29.0,13.051346315768958,12.338148604524822,511.057,-3.3540507564660946
202312,137.0,53.0,58.0,14.052463124438368,14.021915598778024,2955.262,-4.1700397617332765
202406,166.0,40.0,26.0,11.680640869374821,9.65701140089547,1871.562,-3.2418931590503
202303,103.0,44.0,12.0,12.068751222663124,11.989134798937467,336.04,-6.227889159480919
202301,7.0,1.0,3.0,14.13446888902357,13.520227672379647,2033.66,-6.227889159480919
202409,9.0,1.0,2.0,5.176149732573829,5.181783550292085,60.409,-6.258381774551138
202303,183.0,44.0,25.0,11.797126485585354,11.379965337713998,333.974,-0.902336453018826
202401,31.0,7.0,8.0,13.14459442624565,12.961224671430278,563.929,-6.1422507854609
202210,163.0,32.0,17.0,12.361836309513071,12.300209409879058,969.746,0.698045821380731
202301,87.0,29.0,14.0,12.281514014030025,12.281518650689774,245.093,-6.271039005393656
202301,134.0,22.0,42.0,13.239559574237822,12.791631831441942,1022.024,-6.19622541548757
202308,54.0,4.0,9.0,12.389435326832539,9.796458979777604,687.538,-6.2918148135823255
202310,905.0,18.0,75.0,11.238778051063255,11.236025060883124,475.679,-5.184245185935185
202310,140.0,44.0,61.0,13.355705941519075,12.453612180078764,1571.31,-4.871956459967388
202312,9.0,1.0,1.0,11.60822655382414,10.601497888762061,693.359,-6.276933343152721
202407,384.0,109.0,84.0,9.222071294851881,9.222170123729759,1693.816,16.509874459264232
202303,38.0,10.0,16.0,13.667481436441054,13.373473784874404,1682.033,-2.617183782372393
202309,24.0,3.0,2.0,4.0943445622221,4.110873864173311,28.265,-6.2918148135823255
202301,575.0,223.0,201.0,15.534114037656764,15.366138151738161,6201.983,29.324729285806562
202207,211.0,45.0,81.0,13.455866926114627,13.193319387340082,2586.657,23.01108364744416
202207,324.0,22.0,21.0,10.724060021351312,10.724082030088782,215.099,-6.2918148135823255
202404,215.0,63.0,56.0,11.363914885497246,11.363926492282573,604.898,3.1907485795866837
202402,104.0,26.0,21.0,14.48195435568967,13.971120173027776,1839.245,12.182444096292235
202404,148.0,23.0,40.0,13.953585861371966,13.091817568231658,1285.539,23.408659350510625
202306,396.0,213.0,63.0,12.37263737971169,12.354764165509089,836.205,3.1075501443841613
202410,16.0,0.0,1.0,7.716015266642587,5.771441123130016,405.183,-6.276933343152721
202301,228.0,10.0,66.0,15.15427296303881,13.384687641071798,3885.118,-3.4028515413295093
202208,114.0,5.0,12.0,9.864798697921016,9.86485066892121,181.48,-6.2918148135823255
202407,455.0,189.0,58.0,12.518259508056733,12.484109603045669,634.095,16.63319744833789
202208,127.0,38.0,32.0,12.219837474105887,10.898792771338309,1656.443,2.492582972231549
202303,16.0,4.0,2.0,12.192161330325819,11.7111367749854,769.522,-1.4152862616067843
202303,149.0,26.0,12.0,13.269245994450394,12.921428869368922,2416.517,-6.22494873551995
202404,192.0,13.0,13.0,12.437842879784812,11.993380537115279,1177.637,-6.227889159480919
202402,74.0,3.0,17.0,15.387144417308203,13.76497487125638,4037.924,-3.2135422174207635
202211,23.0,5.0,7.0,11.317445717638492,11.228996341387754,401.331,-6.227889159480919
202307,251.0,83.0,48.0,12.290519486907641,12.166723524132907,853.323,35.56444816749319
202303,14.0,5.0,3.0,12.043253671023397,11.749230028962238,656.444,-6.163963505379513
202308,190.0,83.0,73.0,12.945115328575445,12.911400341499286,2389.687,3.8433510081970237
202307,28.0,12.0,5.0,11.288118030169317,11.273080721932608,974.827,-2.1438873155294784
202301,216.0,46.0,87.0,15.737356179285477,13.416955023676099,5922.194,-5.2070245063548795
202401,95.0,21.0,24.0,12.17877338859235,12.168941747191965,344.534,-3.886190780008764
202402,16.0,4.0,2.0,12.397048313910012,11.960223256680326,953.956,-1.4152862616067843
202309,82.0,40.0,21.0,11.692351166152156,9.605351022180487,339.829,-4.249797287831357
202211,96.0,9.0,28.0,12.614855576903935,12.009431044576855,1134.8,-1.4301677320363888
202308,253.0,43.0,74.0,12.95029309627412,12.644750067844436,2635.311,13.899029389830263
202309,154.0,9.0,5.0,8.297294370266917,8.297543529356284,21.292,-5.319485397273138
202211,104.0,33.0,19.0,9.976412682550684,9.976459164991951,87.417,-5.287821653279789
202303,479.0,172.0,107.0,13.047760513581155,12.264138702892646,1119.791,7.411127266748876
202307,14.0,1.0,1.0,13.62878089975144,13.312669638102303,1931.441,-5.319485397273138
202309,1.0,0.0,1.0,7.4770384723196965,7.477604243197589,41.141,-6.2918148135823255
202210,110.0,23.0,47.0,11.200048653883892,11.200062327321188,406.107,-2.7145424755049867
202207,159.0,8.0,38.0,12.735997708236884,12.71032370412901,1705.638,-0.3631993191995164
202212,164.0,53.0,27.0,14.604068822328474,13.378972652101533,1820.149,10.26396913421897
202301,251.0,22.0,88.0,15.015159025810089,14.703114942897052,4145.652,41.19067926259531
202311,51.0,18.0,16.0,12.77482372221974,11.88591558957719,473.48,-6.2918148135823255
202306,538.0,264.0,88.0,13.081322608954803,12.90869727287401,1383.478,10.325189749073035
202402,114.0,4.0,13.0,10.63084290442581,10.630867063391808,108.499,-6.2918148135823255
202211,59.0,6.0,14.0,14.914669697082417,13.942203118997268,10494.244,-6.227889159480919
202303,347.0,77.0,90.0,13.4291610765155,12.376427047381165,1029.511,3.6664555163224097
202301,758.0,249.0,132.0,14.49681337011382,14.163112768848215,3500.988,22.59851849060356
202301,195.0,44.0,29.0,13.053137621659086,12.86174119463098,530.587,5.537422529361923
202408,45.0,10.0,12.0,12.070161280158835,11.554374462882768,878.556,1.5507461709925794
202312,118.0,25.0,55.0,14.086167267947168,13.631522813850847,2458.927,-6.11447786699559
202306,75.0,14.0,16.0,11.779197468884115,11.717375373837184,715.806,-6.036112197176701
202401,758.0,250.0,132.0,14.493297369770982,14.221170313794008,3206.687,22.619294298792227
202301,215.0,63.0,55.0,11.727544788063346,11.727552856516098,837.739,4.163077995895872
202311,215.0,63.0,56.0,10.628666203926738,10.628690415536205,487.543,3.1907485795866837
202301,45.0,14.0,16.0,13.489003107537295,12.583710817517208,797.486,-4.283230326862545
202301,50.0,18.0,19.0,14.975819207656619,14.547739018880277,5092.778,-3.1042424778195348
202403,144.0,12.0,15.0,12.180016103210392,11.639205630880559,238.581,-6.2918148135823255
202208,48.0,7.0,20.0,14.34612645600897,13.456807845205576,6686.121,1.740348252305619
202308,6.0,0.0,3.0,10.403929451547379,10.337475327577494,216.812,-6.2918148135823255
202310,151.0,27.0,73.0,13.283900425013815,12.7191237909846,2458.818,-2.3049177278569215
202211,258.0,81.0,26.0,12.853450718929068,12.787265396061617,676.485,23.23707268158649
202312,22.0,7.0,11.0,11.921519007752924,11.813466998984733,197.961,-3.3748265646547635
202406,68.0,19.0,26.0,12.672479188009474,12.670828152441636,1245.634,-4.021680070085478
202303,56.0,8.0,19.0,12.53655914618141,12.536562739045266,376.47,-1.3069511333134747
202401,17.0,5.0,6.0,13.125964884185997,11.34773237485474,480.446,-3.3748265646547635
202406,22.0,5.0,1.0,12.965475621867185,12.400298069326952,2521.246,-6.100037851278107
202301,179.0,19.0,26.0,12.88712700173598,12.037707246925113,721.431,-6.222807062079268
202406,36.0,24.0,8.0,10.819818283610305,10.819838282610355,672.315,-6.2918148135823255
202409,52.0,4.0,4.0,8.647870515057853,8.648045999835,30.12,-6.271039005393656
202212,216.0,39.0,80.0,13.852124029060091,13.635075620384578,1831.136,4.864773966773923
202405,74.0,10.0,25.0,11.908225752557295,11.050524859350896,418.275,-1.3020236664292817
202404,184.0,39.0,81.0,13.517507405940512,13.469261079509124,1533.546,25.017711254337407
202410,554.0,66.0,76.0,12.161822908005451,11.76133122272299,398.182,-3.2344216897687557
202406,70.0,26.0,18.0,12.434251498408923,10.564111541390513,469.727,-6.256157534964052
202408,185.0,25.0,71.0,13.446321929157309,12.92558421122144,4017.695,18.101122056437433
202408,262.0,36.0,56.0,11.669467568776696,11.530185647304272,652.214,3.055355345493501
202404,91.0,17.0,10.0,11.520496730466547,11.520506654990541,110.066,-6.2918148135823255
202303,355.0,63.0,146.0,13.435612314323258,13.134469798066037,1999.271,4.138637597507744
202306,14.0,5.0,2.0,10.467522134633262,0.6931471805599453,326.642,-4.155379018659732
202401,310.0,17.0,31.0,13.797976734984044,13.725484094712304,2800.172,-2.2504654818286776
202407,442.0,119.0,200.0,15.287137763125237,14.719637206442256,5169.292,7.32348832438624
202312,47.0,18.0,8.0,12.734819716517412,11.807526049230235,694.439,-4.216292139959348
202303,163.0,33.0,59.0,12.932480505784548,12.875613373414444,1176.188,31.73209193536931
202210,80.0,21.0,30.0,10.77065106344359,10.651809235840728,138.27,-6.271039005393656
202405,75.0,21.0,33.0,12.475313213937097,12.44649407100451,639.545,-6.276933343152721
202406,221.0,66.0,84.0,13.224815267107918,13.10503612384106,1603.813,-2.134087942501525
202410,150.0,6.0,18.0,13.033772571955803,12.902718697892999,872.993,-1.3425258457853442
202306,438.0,11.0,17.0,9.821463717057537,9.821517989668877,211.117,-6.271039005393656
202310,259.0,37.0,35.0,12.499972845295185,12.489806935733858,1732.627,0.17982885910427182
202402,277.0,72.0,58.0,10.480802917570951,10.48083098735243,542.512,3.623549069218061
202309,361.0,80.0,66.0,11.490260545220535,11.465099835487624,544.435,-5.215606356329793
202402,383.0,78.0,102.0,14.01903408930857,13.47689302183274,2250.156,29.211850475891232
202303,427.0,107.0,99.0,13.101960650084143,12.012111612079188,967.881,8.692327369063316
202301,211.0,33.0,57.0,14.102207895723959,14.040565082206076,1480.164,17.20537552507217
202211,60.0,4.0,26.0,13.765611028676844,13.596729975046463,2273.196,2.726434217288661
202407,124.0,38.0,40.0,11.80086000554925,11.800867503627867,544.306,-1.351368948644038
202409,176.0,72.0,46.0,11.682203996792227,11.680725425245162,1409.425,3.55860098350135
202210,119.0,30.0,29.0,12.058604587166778,11.560123886799229,468.357,-3.3540507564660946
202403,166.0,45.0,25.0,10.372678351524836,10.372709626447044,247.888,-0.685182180596537
202408,314.0,96.0,88.0,11.45163499652712,11.451645628547578,667.52,17.36716417545133
202212,92.0,11.0,26.0,12.607737207369626,12.305632871987017,829.997,-5.319485397273138
202210,37.0,4.0,11.0,12.240812179334071,10.021403912637746,460.883,-6.226718030557788
202210,4.0,0.0,0.0,12.306650743637602,12.306655265199803,694.513,-6.036112197176701
202211,6.0,2.0,4.0,13.113082442455722,13.113084461101957,1356.941,-6.2918148135823255
202402,25.0,8.0,14.0,13.442523288533236,13.38395349614448,3143.18,-6.275982941585651
202409,55.0,6.0,1.0,12.468421525263937,9.583557732534226,740.915,-6.2918148135823255
202410,108.0,19.0,13.0,11.109458359524737,10.067942107501658,231.897,-0.4221810371089276
202404,114.0,29.0,26.0,12.61166107936674,12.61166441228346,634.458,-4.34708387212313
202303,153.0,38.0,44.0,13.559712091393305,13.555688758691272,1565.886,10.74701561549393
202208,257.0,42.0,16.0,12.877043233166047,12.260049336386906,2820.627,-6.256157534964052
202303,85.0,20.0,39.0,14.317093398506227,13.900470999890336,2449.127,1.6866200005580119
202408,12.0,6.0,1.0,9.674263049655917,7.693481640835175,120.01,-5.319485397273138
202406,29.0,9.0,15.0,12.713459363030317,12.529589898990906,700.591,-6.258381774551138
202309,6.0,0.0,1.0,12.440899678389187,11.172756403504726,645.921,-5.298571427874812
202312,36.0,13.0,8.0,8.98619632032839,8.98632143762602,35.167,-6.2918148135823255
202303,54.0,14.0,25.0,11.379394072345706,11.162076374884272,353.98,-6.00779446309766
202406,482.0,11.0,19.0,9.739438040529622,9.706559843352812,99.183,-6.241276064534448
202210,253.0,57.0,29.0,12.686388545071589,12.600827267273496,561.99,26.84236999633857
202301,26.0,3.0,4.0,14.078978828177709,11.996795016452575,675.622,-4.3263801727752815
202303,269.0,45.0,36.0,12.298592572560931,11.98782334779373,493.716,-4.221715142653951
202404,169.0,16.0,73.0,13.569017772572584,13.441754850523548,1797.4,-6.163963505379513
202303,110.0,20.0,40.0,12.280920344018895,11.906904864135301,465.444,-6.140109112020218
202208,215.0,46.0,86.0,14.91445379186397,12.97748788307915,6877.131,-5.2070245063548795
202406,55.0,15.0,19.0,11.798126963340478,11.79077687440836,624.152,-6.160479637513261
202408,339.0,16.0,41.0,13.279922527505693,11.8173687796861,1409.529,-6.092648948142966
202303,146.0,22.0,61.0,13.138817266676009,11.974039700370048,855.004,0.04627673114072284
202212,89.0,9.0,31.0,13.524452125351424,12.254972327511835,230.387,-6.2263945941048435
202404,144.0,12.0,16.0,11.863046982039117,11.13658702691299,225.2,-6.2918148135823255
202311,110.0,3.0,21.0,11.791995560573445,11.792003125413581,170.238,-6.2918148135823255
202310,181.0,42.0,55.0,13.05175205407332,12.672915033313242,1067.862,20.104104962802445
202301,378.0,67.0,156.0,15.487215789307669,15.242761864498139,7452.021,-3.2279822331382464
202306,113.0,14.0,43.0,11.408198082174819,11.402530073347773,399.532,-6.2918148135823255
202410,45.0,15.0,5.0,11.694096360006787,11.662086574712962,136.828,-6.212057287484245
202404,42.0,27.0,9.0,12.672077665984673,12.606103012148292,1079.19,-6.227889159480919
202401,4.0,1.0,3.0,11.618806844954676,11.618815840227661,344.458,-6.2918148135823255
202401,650.0,99.0,168.0,14.421553448127364,14.292496007481295,2980.711,124.91063733626005
202210,231.0,8.0,13.0,9.952658596542577,9.81454704323948,135.902,-6.2918148135823255
202312,92.0,8.0,39.0,13.076685863907676,11.748329547854937,374.172,-6.2918148135823255
202301,433.0,235.0,97.0,12.484253473774283,11.825339173641193,1364.681,-3.303245858364916
202303,185.0,27.0,51.0,13.368960920876699,12.817974520585599,821.596,-5.9579529006140195
202406,200.0,62.0,73.0,13.07372550163843,12.960143226797108,2186.024,8.630543388402591
202301,288.0,108.0,123.0,14.763747143716573,14.39720537182998,6486.21,-5.9039151188966015
202210,130.0,36.0,12.0,10.218991482721144,10.219027953116305,122.125,-5.255559743171732
202207,268.0,94.0,53.0,10.889807951572134,10.725005959935844,528.266,4.653666403061202
202303,334.0,127.0,17.0,11.971387748369406,10.961069491646246,1143.678,-2.684315090218941
202407,45.0,7.0,36.0,10.442054794483777,10.442083973247476,248.118,-6.2918148135823255
202303,27.0,11.0,2.0,13.0048852952449,12.856909745752496,1881.741,-5.04596088647694
202303,88.0,5.0,6.0,10.128669025875903,10.128708943645304,243.402,-6.2918148135823255
202207,206.0,51.0,52.0,9.859796863911395,9.72978871303306,324.029,-2.620853880544372
202410,71.0,2.0,1.0,10.552630597598018,7.67368812926773,171.638,-6.2918148135823255
202303,59.0,7.0,32.0,13.01924700843128,12.969375354762521,2146.917,-1.2993759998726073
202210,210.0,23.0,75.0,13.789710582473862,13.159221686893572,1887.694,-0.17381796524253623
202402,136.0,53.0,58.0,13.991578434531752,13.969501224990166,3071.455,-4.1700397617332765
202407,30.0,1.0,10.0,11.613801942337991,11.102578459770458,369.157,-6.276933343152721
202405,176.0,29.0,79.0,11.274972798002311,11.274985484413262,865.761,-1.32159766664617
202309,6.0,1.0,0.0,10.937685756768543,0.6931471805599453,218.527,-6.271039005393656
202405,92.0,8.0,38.0,12.448348010960409,11.580845761454208,338.014,-6.271039005393656
202406,98.0,17.0,27.0,14.615657060604946,12.022372138421096,10108.358,-6.2918148135823255
202303,149.0,31.0,90.0,13.932816146327502,13.682773135776076,2808.642,8.610579820571337
202307,30.0,11.0,13.0,11.89303857647549,11.893045414292724,959.537,-6.20711335129225
202408,643.0,106.0,147.0,12.903861536664254,12.871743279448895,2345.448,-4.284828556397944
202311,542.0,168.0,87.0,13.355214853956216,12.856040889496148,1132.655,36.01560806221079
202410,161.0,2.0,5.0,10.271666075858276,9.815857802575154,362.769,-6.00779446309766
202309,103.0,26.0,18.0,10.650033309820769,10.094975304446326,198.837,-5.298709589084469
202401,40.0,6.0,18.0,13.80475391212653,13.303599345159673,1070.469,-0.14038492621134857
202212,63.0,17.0,19.0,12.175221608713057,12.175226765359072,634.617,-5.2777956196861435
202409,5.0,0.0,0.0,10.852864837398073,0.6931471805599453,267.684,-6.271039005393656
202210,758.0,249.0,131.0,13.43062718533338,13.088361820728315,2250.48,22.59851849060356
202307,20.0,5.0,4.0,8.86007342433278,8.860215358901183,243.718,-0.45783831572720146
202303,419.0,12.0,38.0,11.094466298566607,11.04963525024363,886.979,3.9823106763028644
202301,324.0,81.0,94.0,14.755837687166654,14.386499144057177,2065.814,13.786739867672155
202410,74.0,9.0,15.0,9.831722986306817,9.757420776401345,79.23,-5.255559743171732
202207,51.0,20.0,9.0,10.10989177984604,9.776051829226445,781.628,-4.216364248800169
202404,563.0,247.0,213.0,14.02649002588231,13.989336125836964,2767.287,-0.0641371561697408
202208,46.0,18.0,20.0,12.426219711864109,12.325782712158034,2265.923,-4.1062854763920225
202409,313.0,20.0,169.0,13.339904061933726,13.33990567092218,2522.916,5.658284218932456
202405,52.0,10.0,30.0,12.31982088566888,12.197339623455939,429.223,-5.319485397273138
202208,131.0,28.0,46.0,12.853277976618287,12.68968019541127,1347.367,27.427669430079817
202306,426.0,106.0,101.0,12.410335064840972,11.51986135597134,1018.676,8.692327369063316
202311,321.0,59.0,104.0,13.784050850145983,13.604953710700547,1933.981,32.91132266100655
202301,15.0,9.0,0.0,14.698857761870075,0.6931471805599453,3161.11,-6.227889159480919
202210,104.0,18.0,25.0,11.608917230623955,11.333643284588698,216.75,0.7680188359964326
202311,52.0,12.0,17.0,14.858414204894224,12.951000751566303,3090.736,-5.298709589084469
202310,81.0,25.0,36.0,13.733790611177936,13.72340733038724,1678.088,-6.213007689051315
202306,84.0,9.0,13.0,11.250170124042306,10.981829104361879,289.486,-5.319485397273138
202303,143.0,19.0,32.0,12.313167656081658,12.275594043988802,403.706,-6.2168301581738
202301,57.0,15.0,22.0,13.993481832654275,13.820291112880936,5302.665,-4.204423202331534
202303,7.0,1.0,3.0,14.138683318744963,14.051022899438557,2569.936,-6.227889159480919
202303,110.0,21.0,37.0,13.908629247297458,13.204007878444708,2134.419,-6.2918148135823255
202310,41.0,8.0,21.0,12.851732437939372,12.634462951612715,736.908,-3.3748265646547635
202307,51.0,10.0,18.0,11.367691578780176,11.224082719197696,509.867,-6.194456120449732
202207,74.0,26.0,28.0,11.53390387135542,11.484783159023948,1001.671,-6.153716744429807
202306,458.0,99.0,107.0,13.70726477280561,13.539331405854135,2629.187,46.19891702469078
202404,81.0,34.0,8.0,10.040986065721762,9.999706410276671,93.619,-5.996362363483974
202401,228.0,27.0,95.0,14.430435081885827,14.420822749732212,2649.275,8.823099383513728
202303,87.0,34.0,31.0,12.898437019777191,12.774299820242558,799.471,-3.341393525623576
202310,86.0,27.0,26.0,12.756036286722557,12.476370738397847,1010.044,-5.303653525276463
202406,231.0,8.0,13.0,9.875910784765894,9.791270249415089,128.722,-6.2918148135823255
202402,43.0,9.0,19.0,12.545636526660992,12.501276359380801,3232.102,-3.2950690385566825
202303,483.0,37.0,180.0,13.822728446222747,13.309088557335134,2187.697,-6.2918148135823255
202402,17.0,3.0,3.0,13.106685113217729,11.41119169803475,1059.921,-6.143187697190844
202401,877.0,406.0,173.0,13.653261003946373,13.64507923137965,3267.633,17.306108066547367
202301,546.0,140.0,149.0,12.580170917888838,10.674382501717998,1494.957,22.802683447292623
202307,286.0,76.0,113.0,13.966000832388518,12.959199534111997,1837.696,-5.216507096043242
202303,122.0,10.0,13.0,11.996677894809286,11.783753807849848,417.345,-6.2918148135823255
202402,63.0,14.0,14.0,11.856039879122829,11.85604697466789,551.93,-6.2918148135823255
202303,17.0,3.0,3.0,13.108811970452601,11.635390854610817,865.455,-6.143187697190844
202306,183.0,35.0,95.0,11.52598975429943,10.961677072538292,1831.159,16.884190246438756
202307,59.0,5.0,14.0,9.858490186605392,8.906799883589944,316.885,-6.2918148135823255
202407,53.0,10.0,35.0,12.81313347567691,12.708186431194138,837.385,-6.258381774551138
202409,280.0,35.0,40.0,10.435849593832643,10.309685725220122,479.857,-6.256157534964052
202307,384.0,110.0,84.0,9.252441547994819,9.25253742067597,1788.647,16.72996915564749
202405,641.0,210.0,120.0,10.673480026792985,10.187086299550273,784.034,0.03655992425917365
202406,46.0,17.0,20.0,12.544022361569501,12.464139226633613,1557.918,-4.1062854763920225
202309,2.0,1.0,0.0,3.58351893845611,3.6109179126442243,10.594,-6.2918148135823255
202312,166.0,45.0,25.0,9.825093485108116,9.825147561084876,242.581,-0.685182180596537
202402,585.0,283.0,97.0,12.462805699837938,12.368459316282147,1216.166,30.32132090667251
202409,275.0,47.0,49.0,12.497233659441383,12.488228225012666,550.961,-4.347155980963951
202301,23.0,5.0,14.0,12.396242490449177,12.109545225189088,644.761,-6.2918148135823255
202403,133.0,14.0,46.0,13.784197377701163,12.820411980660268,1425.983,5.476437299221486
202404,170.0,32.0,109.0,14.043687022894522,13.79083664519906,2387.443,-0.017648922960683322
202301,7.0,1.0,3.0,14.382502503609688,13.78573359192674,2406.862,-6.227889159480919
202401,249.0,80.0,43.0,11.877610244356774,11.856146307012713,372.676,-3.831843771579251
202207,105.0,26.0,17.0,11.270191263891014,10.117711441675684,251.181,-3.3589946926580887
202403,24.0,3.0,3.0,14.239425745100531,12.635114296500053,1618.553,-4.347155980963951
202211,82.0,11.0,32.0,12.860081309558604,12.4934521722196,508.467,-5.319485397273138
202310,71.0,6.0,16.0,13.711772059458434,11.862814436189542,2211.772,0.003126885227985987
202211,287.0,76.0,113.0,13.565292528418553,13.184998212681258,1460.886,-5.216507096043242
202301,822.0,394.0,199.0,14.609571733043088,14.438222398608302,3540.124,15.548452696473097
202402,318.0,81.0,72.0,14.351665859644108,14.02834353754636,2135.26,58.793278658899546
202212,473.0,182.0,90.0,11.50743039468825,11.49404840920054,1107.065,11.848983662786301
202301,276.0,71.0,56.0,10.508240582333478,10.508267892425925,602.74,3.8436437656013194
202405,278.0,75.0,64.0,13.541128973893457,13.2927827163191,2109.63,5.85710015846486
202210,350.0,158.0,59.0,12.994834504984436,12.947671837854376,1380.492,20.82718978429788
202312,42.0,4.0,30.0,12.531364759700137,12.118333731222167,751.483,-6.2918148135823255
202312,368.0,77.0,202.0,14.73394658704195,14.257387952103993,3269.393,24.84321137081003
202307,543.0,167.0,88.0,12.422525866410806,11.955121008575393,1246.442,36.01560806221079
202410,30.0,3.0,14.0,12.49008925838535,10.87403917113672,1306.927,-6.2918148135823255
202303,33.0,0.0,4.0,13.407444570499798,12.428447901781302,3080.084,-2.33857149424417
202303,344.0,185.0,41.0,11.990655419146874,11.352686287802413,672.611,-1.2046649732966879
202303,44.0,3.0,15.0,12.393692640775336,10.537229679803534,756.973,-6.2918148135823255
202306,250.0,45.0,110.0,12.510220903187246,12.364916580500124,1009.384,-6.276933343152721
202404,41.0,6.0,27.0,13.150834209380022,13.098787640875623,1200.448,-5.2860523582419505
202403,166.0,17.0,7.0,13.647284787144896,12.834361253741623,2135.022,-6.271039005393656
202210,1126.0,394.0,205.0,12.717931735086381,12.215294988692316,2220.104,57.33180604220519
202210,268.0,89.0,78.0,12.135848659389612,12.094051105536376,619.81,-2.7010878658506288
202301,141.0,30.0,64.0,13.2152506242759,12.82331562630039,593.455,-6.276933343152721
202402,93.0,0.0,16.0,13.339418028935071,10.293635956532398,108.733,-6.2918148135823255
202311,62.0,17.0,34.0,12.93491268907594,12.545821650534313,1389.105,-6.22494873551995
202402,50.0,27.0,13.0,11.518589394594667,11.343760973145422,408.854,-6.276933343152721
202312,123.0,26.0,28.0,11.94185316120606,11.69150670214846,235.599,0.061158201570327364
202311,39.0,6.0,10.0,13.210321139763353,12.825532919122162,3119.032,-6.213007689051315
202310,52.0,13.0,14.0,9.878169744551839,9.666625329080981,161.071,-6.258381774551138
202404,286.0,76.0,115.0,13.660851248807045,13.365944648418484,1512.29,-5.216507096043242
202406,45.0,5.0,14.0,13.775669332332939,13.511471435391751,2128.835,-4.313722941932763
202401,149.0,26.0,12.0,13.294452763632034,12.975750218955035,2935.613,-6.22494873551995
202409,75.0,12.0,8.0,11.909383463918418,10.888688485813491,621.321,-6.237605966362469
202208,45.0,1.0,10.0,12.126444851767955,12.126450266172979,721.419,-2.3275124929370503
202301,6.0,1.0,0.0,15.987226311922928,15.8028821770318,8052.871,-6.163963505379513
202310,294.0,20.0,8.0,11.07176581943734,10.199695674707343,220.168,-6.2918148135823255
202212,57.0,15.0,22.0,14.134712372834734,13.964690618994446,4764.761,-4.204423202331534
202406,248.0,12.0,65.0,11.006722473689681,11.006739063352663,484.034,-6.2918148135823255
202210,120.0,1.0,14.0,10.241672607161016,10.241708259691459,57.551,-6.2918148135823255
202307,219.0,68.0,84.0,13.198512978300743,13.006604541672258,1974.286,-2.134087942501525
202307,182.0,25.0,64.0,13.344405522393215,12.656109509009747,2863.874,17.128792640128246
202310,244.0,72.0,73.0,12.054289993045051,11.77400428822744,687.524,6.825899863055858
202309,54.0,10.0,17.0,13.617733782185423,11.555984954430675,1629.462,-5.319485397273138
202406,149.0,33.0,89.0,13.765316659020025,13.53752399842378,3328.61,8.546654166469931
202403,33.0,8.0,14.0,12.53277228550256,12.352045693772636,331.545,-4.3263801727752815
202404,483.0,228.0,81.0,13.013550241640663,12.985741499861364,1544.877,24.151022667360365
202405,748.0,466.0,135.0,12.666338390104453,12.666341545679012,1632.431,15.39030596484107
202308,2.0,0.0,0.0,11.630708500626612,0.6931471805599453,303.749,-6.2918148135823255
202306,348.0,78.0,90.0,12.940325780290008,12.108757457038633,1147.901,3.6664555163224097
202403,197.0,56.0,28.0,12.672344319686232,12.550952297721576,627.648,-1.1045957651743858
202407,293.0,90.0,32.0,11.99528371067456,11.946329941767635,588.95,-0.755002172457008
202310,248.0,45.0,110.0,12.381046440182407,12.237784468164854,874.675,-6.276933343152721
202311,1169.0,546.0,186.0,12.70024435958173,12.584830947254218,3043.378,34.580634525961734
202406,528.0,336.0,79.0,12.766439579855927,12.760345614565304,864.006,-1.834163689971951
202410,35.0,2.0,9.0,5.8998973535824915,5.902633333401366,19.39,-6.2918148135823255
202211,74.0,11.0,21.0,11.220418437789462,11.220431835521225,128.309,-6.2918148135823255
202308,263.0,84.0,64.0,12.268342971256299,12.134474597802258,1310.919,2.625957832548133
202312,35.0,11.0,10.0,13.571576116182664,13.35576612275965,2684.003,-0.07645927210994241
202210,366.0,75.0,205.0,13.920327225763659,13.595563143558566,3531.167,23.65078725811759
202306,295.0,36.0,112.0,14.527777289439584,14.187538833984087,6112.969,55.1782480679581
202211,67.0,20.0,10.0,10.281410157637891,10.123666714386323,47.18,-6.271039005393656
202208,151.0,16.0,32.0,13.753389379365164,13.058601088254076,3254.238,13.01530144295439
202211,73.0,10.0,26.0,11.87756163408958,11.128952732200162,462.105,-1.3020236664292817
202301,229.0,75.0,84.0,13.616104285005187,13.506385553652047,1343.828,-1.196546395950537
202401,281.0,2.0,5.0,9.598455841749233,9.59852367284982,99.998,-6.2918148135823255
202303,374.0,250.0,54.0,11.136295596424384,10.941447093992288,368.591,-3.325561653626901
202301,182.0,24.0,63.0,14.269716305206002,13.278524035870452,2689.474,17.128792640128246
202407,45.0,5.0,14.0,13.961908692893667,13.41538666016225,2507.953,-4.313722941932763
202407,581.0,123.0,261.0,14.093454367074983,14.047104702225367,3384.29,35.35737684388795
202212,956.0,259.0,193.0,13.940601051220531,13.753147801466557,2425.271,34.3856831414598
202407,204.0,50.0,51.0,11.209655869176734,10.056165720177834,411.473,-2.620853880544372
202402,172.0,8.0,31.0,13.774881253211486,13.064496948274815,1323.619,-6.179574650020127
202210,63.0,4.0,52.0,11.675945269009405,11.6097889831741,224.367,-6.271039005393656
202301,268.0,89.0,78.0,13.6601658322145,13.545826871765161,893.075,-2.7010878658506288
202303,6.0,2.0,4.0,13.237832627210443,13.237834409104792,1342.325,-6.2918148135823255
202409,23.0,3.0,0.0,8.214194414852564,8.214465160759186,79.976,-5.319485397273138
202407,195.0,62.0,54.0,11.976898446358613,11.77478190821065,602.068,1.3531158883865455
202409,11.0,0.0,3.0,11.922747733519802,5.846438775057725,86.84,-6.2918148135823255
202405,8.0,1.0,2.0,13.369160953382648,12.799291750197467,3704.438,-6.227889159480919
202306,195.0,44.0,29.0,11.585450756774453,11.272775622963763,433.489,5.537422529361923
202405,187.0,72.0,55.0,12.864209038750309,12.714725911434506,606.972,-5.319485397273138
202307,7.0,0.0,0.0,14.484274877955738,14.273253076059344,2153.001,-5.319485397273138
202211,203.0,8.0,16.0,10.620570962139544,10.587846227062993,207.546,-6.275982941585651
202301,11.0,1.0,2.0,13.255240806241138,12.918174054381932,3714.129,-6.258381774551138
202408,72.0,2.0,11.0,13.91692750797857,13.155078358717086,4382.951,2.526016011262737
202404,257.0,37.0,15.0,13.195037464893753,12.590726017362911,1980.375,-6.256157534964052
202309,129.0,15.0,11.0,8.772145439245099,8.750207862525711,66.543,-6.055888245202392
202212,681.0,215.0,206.0,15.359608775073124,14.597718430898592,4571.175,12.144702312735939
202310,127.0,10.0,41.0,13.830811893158065,13.814572117766982,1878.896,-1.3023164238335765
202210,45.0,10.0,14.0,3.2188758248682006,3.258096538021482,10.803,2.899339325966878
202405,325.0,81.0,95.0,14.044744326201563,13.79447689325237,1630.261,15.731398700290532
202405,264.0,28.0,38.0,11.924571432153474,11.691949925644888,493.765,-4.2266590788459455
202307,135.0,1.0,2.0,8.215817791832453,7.364547014255642,26.116,-6.2918148135823255
202210,35.0,10.0,12.0,13.000552741845496,12.473550735153419,1359.128,-5.160920746644047
202306,249.0,13.0,65.0,11.035470140679344,10.98317183131872,470.724,-6.2918148135823255
202301,181.0,25.0,37.0,13.831360284794314,13.387480771606686,1231.604,-3.9502639488928804
202301,11.0,1.0,2.0,13.50655445623516,13.20786010789587,4047.916,-6.258381774551138
202210,11.0,3.0,1.0,11.001482984320479,9.085683767376628,350.718,-6.227889159480919
202309,6.0,3.0,3.0,9.600285668426311,9.600353375525426,95.297,-6.2918148135823255
202306,9.0,3.0,5.0,12.267351171151965,12.186242317850342,653.481,-6.2918148135823255
202301,188.0,18.0,49.0,13.34230179776959,13.223086155362628,934.41,-6.256157534964052
202303,45.0,5.0,14.0,14.185143286029565,13.785820127060058,1860.075,-4.313722941932763
202401,177.0,68.0,34.0,14.38724575118056,14.245369697506527,2197.801,-2.2077797620803885
202406,114.0,10.0,46.0,9.123256265069069,9.123365357961776,605.326,-6.227889159480919
202404,27.0,17.0,7.0,11.120756569154405,11.120771370921736,112.934,-4.347155980963951
202303,126.0,13.0,52.0,14.219702188877788,13.544702646025941,2689.771,16.601872875196882
202409,174.0,1.0,5.0,8.479283618343016,8.479491324232226,15.589,-6.250263197204988
202208,146.0,22.0,61.0,12.154310820346579,11.401580410965146,1322.974,0.04627673114072284
202401,32.0,8.0,7.0,7.061334366910438,7.062191632286556,31.098,-6.2918148135823255
202406,18.0,6.0,3.0,12.287191696814967,12.128067859882202,852.934,-1.4301677320363888
202407,22.0,0.0,0.0,13.709971137415033,10.145295829079494,24273.887,-5.319485397273138
202212,192.0,54.0,66.0,11.86742003361741,11.6142448261515,825.933,-2.4380640509106932
202207,45.0,16.0,14.0,6.492239835020471,6.493753839851686,255.783,-5.319485397273138
202303,325.0,125.0,93.0,13.639295915949274,12.48557384571318,1943.459,-2.3875435690751505
202405,68.0,22.0,18.0,11.966126213178741,11.919343452278108,610.961,10.69797143182213
202312,896.0,360.0,147.0,11.803196682690727,11.427149687948825,1817.711,56.24591504310905
202406,180.0,8.0,37.0,9.457122321855792,9.457200449907708,225.807,-4.604992460903505
202303,248.0,43.0,73.0,11.75235960122042,11.741701126136068,303.037,-6.251075437562401
202303,126.0,16.0,89.0,12.053253578712646,12.053259404266438,305.089,-6.256157534964052
202410,388.0,38.0,37.0,11.516528964559852,10.667256277574845,545.736,-6.275982941585651
202309,46.0,22.0,10.0,14.792271170271269,14.621652439493234,7852.205,-2.0387192717628304
202311,248.0,45.0,110.0,12.598979224390943,12.449520658984705,864.318,-6.276933343152721
202310,16.0,0.0,1.0,10.54783831890711,0.6931471805599453,1385.617,-6.227889159480919
202211,123.0,18.0,34.0,12.69295490095221,12.016563318496194,836.987,12.686559143160155
202207,247.0,56.0,25.0,11.724304080030292,11.393804034062365,543.666,-6.256157534964052
202312,193.0,45.0,22.0,10.216654606497926,10.216691162217987,193.375,-3.2849604388166336
202403,66.0,15.0,21.0,14.505955591009737,12.77173014551174,2253.036,-4.177849112367331
202410,153.0,22.0,7.0,12.652122920117046,12.305628345799628,1525.363,-6.1883410553346065
202310,160.0,39.0,59.0,13.86431976957135,12.47762914702042,1872.536,18.82797080684424
202208,146.0,42.0,47.0,11.95662361916191,11.593481886823884,1261.379,0.6906569182455904
202308,57.0,9.0,19.0,14.004012145634464,13.796414381073236,6632.717,-5.865061684465244
202207,479.0,172.0,106.0,10.997673392251324,10.587593988443924,878.409,7.411127266748876
202303,20.0,9.0,4.0,13.215188654211067,12.033645972507673,642.22,-6.2918148135823255
202212,244.0,72.0,73.0,13.260583261853865,12.824051676762512,693.239,6.825899863055858
202212,601.0,200.0,119.0,13.838618500994661,13.74449456992787,1176.246,0.978072637240472
202210,395.0,17.0,16.0,12.529361939175978,12.17444781051196,1242.271,-6.250263197204988
202311,45.0,5.0,14.0,13.550528871033269,13.364553191611895,1910.707,-4.313722941932763
202410,57.0,1.0,8.0,8.013674142832684,8.014004994779459,27.898,-6.156574602244373
202211,269.0,18.0,148.0,14.04358433571421,14.010018392862097,1830.936,13.747985672646768
202308,63.0,15.0,12.0,12.924266034694636,12.526121467451066,851.442,-6.237605966362469
202303,26.0,2.0,10.0,13.514863468388977,13.227604085885561,2457.792,-6.1410595135872885
202307,114.0,4.0,13.0,10.3895490611555,10.389579812881443,126.284,-6.2918148135823255
202309,31.0,4.0,1.0,8.379768515504566,4.430816798843313,71.998,-6.2918148135823255
202211,3.0,1.0,1.0,11.785925278635867,11.692359523617672,457.046,-6.2918148135823255
202210,160.0,61.0,31.0,10.603585520307838,10.46828986715885,270.668,-4.013870719451424
202208,101.0,12.0,45.0,14.334310898977053,14.182385207600277,6806.905,11.540788461960071
202212,82.0,9.0,23.0,12.126401535472358,11.689874281073465,191.925,-6.271039005393656
202404,284.0,88.0,103.0,13.608934012808495,13.325033164260187,1936.871,7.814416221925754
202407,74.0,9.0,26.0,11.51253538890045,10.808312806301005,559.545,-1.3020236664292817
202307,126.0,16.0,89.0,11.542988994184613,11.54299869797637,356.706,-6.256157534964052
202210,29.0,14.0,10.0,11.05750301180195,11.057518780071462,257.017,-2.182402451962317
202409,28.0,3.0,6.0,13.3089159707261,13.239086295779348,2169.998,-6.227889159480919
202402,120.0,27.0,32.0,14.960594133807337,13.891694445342782,2682.834,1.3204483923251482
202212,216.0,46.0,87.0,15.952399680004724,13.57648657746871,5762.454,-5.2070245063548795
202408,325.0,104.0,53.0,12.07517777422678,12.068820052103797,1263.36,-0.3320715124624112
202208,154.0,61.0,19.0,10.692671921293016,10.692694631790944,600.344,6.4282251245351905
202211,204.0,14.0,23.0,12.39815887237904,11.743703797032378,530.703,-6.2918148135823255
202406,143.0,35.0,53.0,12.5971751028025,12.493009440331546,1074.52,-4.2505269620423665
202303,151.0,64.0,26.0,12.137151200063752,12.137156556809636,403.461,-4.009656457470438
202211,22.0,1.0,19.0,12.949316279549212,12.949318657390583,1167.386,-5.319485397273138
202407,50.0,2.0,21.0,13.551693438614054,12.111107906054468,1054.846,-6.227889159480919
202405,56.0,1.0,1.0,10.7190514610438,10.71907358028865,1657.862,-5.780409580771076
202306,305.0,143.0,76.0,11.83217160931918,11.533766768341877,582.55,-3.2144555934356545
202303,191.0,42.0,37.0,12.50318015862911,12.057352195282782,402.46,-4.255065615538735
202210,40.0,10.0,14.0,12.034987720662206,11.358888112054567,487.783,-6.2425499025544635
202406,220.0,30.0,79.0,13.006404676636633,12.915563045155213,1083.295,-5.319485397273138
202401,115.0,15.0,62.0,14.602776754629211,14.483831091951695,2183.36,4.752514633444225
202404,141.0,43.0,60.0,14.032297951639507,13.862607861481903,4220.032,11.284530493842547
202406,105.0,33.0,33.0,12.004849575314953,11.958758064327682,568.621,-1.3551830766278634
202401,28.0,1.0,7.0,16.375210546179343,16.291395467292233,6760.941,-4.075621492561652
202303,139.0,44.0,61.0,13.885003970826155,12.317511152718371,1454.025,-4.871956459967388
202308,431.0,115.0,45.0,11.078427966041712,8.540909718033554,1631.03,-0.3140647594745589
202309,178.0,30.0,107.0,9.969368921649641,9.969415732650235,716.95,-6.200998286177125
202406,123.0,18.0,33.0,12.583724526992855,12.008779572806073,904.97,12.906653839543415
202212,722.0,207.0,172.0,14.80565268622226,14.066640413657153,3063.49,19.61812291373431
202303,37.0,4.0,11.0,12.339912740501223,9.62185381861855,410.506,-6.226718030557788
202404,419.0,13.0,40.0,11.305384556883427,11.275213812293087,836.912,3.9823106763028644
202404,178.0,11.0,7.0,9.487820581943367,9.487896348128954,86.356,-6.2918148135823255
202208,628.0,195.0,224.0,13.709930018102899,13.656255707325045,1854.141,25.408809831027632
202406,188.0,0.0,7.0,9.98506753952855,9.86879258273924,63.839,-6.2918148135823255
202207,215.0,43.0,73.0,11.944168775065098,11.91088917447466,833.598,-6.221774094365794
202410,13.0,2.0,2.0,10.14053400901933,10.140573455973044,51.537,-2.402497148345576
202211,456.0,130.0,71.0,11.09455747150654,11.024969655294985,684.042,0.5145814766351418
202301,148.0,66.0,20.0,12.03020620954218,12.015589876455513,182.162,-2.635735350973976
202405,432.0,231.0,46.0,11.510292000444426,11.510302026763515,425.133,4.045223918935175
202309,123.0,35.0,49.0,11.730702643025714,11.334384751770889,997.02,5.618697292288406
202212,118.0,44.0,19.0,13.967372048166622,12.599401067785308,1846.4,-3.244034832490982
202303,79.0,21.0,27.0,13.577824271833732,11.839210271203829,663.87,-2.3817213401569073
202303,54.0,28.0,13.0,11.923444447381073,11.53417802100368,431.427,-3.2774678715221697
202408,191.0,40.0,40.0,11.179548433256318,10.79041126377747,640.601,-4.255065615538735
202207,526.0,161.0,190.0,12.816020265796599,12.813923341468035,2294.046,-4.117779786743631
202407,236.0,84.0,42.0,11.38511482047481,11.384193962989162,678.325,-5.914105868137046
202408,82.0,10.0,22.0,10.81206864134023,10.642515908352262,243.824,-6.271039005393656
202306,114.0,62.0,18.0,12.213822537390234,12.178737419310114,1202.959,-1.2657087436482328
202402,36.0,24.0,8.0,11.202015706399143,11.20202935296669,666.113,-6.2918148135823255
202310,122.0,10.0,13.0,11.956591535693557,11.829544787316607,506.507,-6.2918148135823255
202301,72.0,22.0,39.0,12.43015575532105,12.392257563258847,577.435,-6.271039005393656
202312,214.0,43.0,130.0,12.928594145296298,12.88733194439703,855.716,-5.255559743171732
202210,461.0,58.0,159.0,14.029748168859715,13.957397198091453,2291.056,-6.2867327161806745
202208,77.0,20.0,27.0,12.157816838566497,10.929923335900263,941.687,-2.3817213401569073
202312,760.0,135.0,209.0,14.707427856305003,13.439689199945795,4206.14,37.7531977012003
202307,32.0,3.0,9.0,11.059519332071725,11.013138688319454,135.012,-6.2918148135823255
202211,62.0,23.0,21.0,13.480815141862136,13.30440989637885,1989.741,-3.023940136107723
202403,384.0,109.0,85.0,9.9349862195955,9.935034668034257,1880.272,16.509874459264232
202410,66.0,4.0,0.0,10.11204524552192,9.403766708502243,47.423,-6.2918148135823255
202207,367.0,75.0,205.0,13.838144467513157,13.712969397520173,3703.706,23.65078725811759
202306,259.0,67.0,96.0,12.548991912461316,12.47329049688085,961.977,-6.121565151594428
202402,106.0,36.0,46.0,11.94796879260715,11.947975264952435,845.858,-5.099390700889879
202404,139.0,25.0,63.0,13.217373512199652,13.144641369827298,542.366,-6.261101471156047
202307,51.0,9.0,35.0,12.331409302841458,12.10553382015156,871.534,-6.266769148349419
202312,391.0,131.0,122.0,14.560271056698696,14.428825800303908,3126.748,2.5677199985905794
202303,50.0,27.0,13.0,10.542917450590085,10.267887581025693,295.82,-6.276933343152721
202404,24.0,8.0,3.0,13.363054466190325,13.363056038357929,95.945,-6.227889159480919
202210,81.0,9.0,6.0,12.73289365824939,12.28775861768938,896.697,-6.271039005393656
202409,66.0,16.0,0.0,9.563037414545692,9.563107691083898,138.569,-6.261101471156047
202306,300.0,47.0,59.0,11.915145312913364,11.665243037110319,527.309,-4.296617231916073
202402,86.0,20.0,39.0,14.424543796277188,13.976405870108449,2638.362,1.6866200005580119
202303,142.0,16.0,43.0,12.918343301246058,12.76837624662877,1091.513,-0.5883429704170613
202210,69.0,6.0,17.0,14.093582349239442,12.121119149649989,2512.876,0.003126885227985987
202210,189.0,49.0,50.0,12.79327302749092,12.427919356310083,987.725,17.815260599823134
202210,77.0,18.0,27.0,13.131057473980976,12.483655138491763,2076.721,-5.20629483214387
202409,56.0,15.0,28.0,12.639214527074506,10.807786671557905,2148.525,-1.4250856346347378
202407,85.0,4.0,22.0,11.72709285077809,11.341496369342698,1066.001,-5.595873445814275
202210,126.0,28.0,58.0,13.243789546561425,13.06981455833331,894.542,-6.2867327161806745
202210,451.0,230.0,80.0,12.098080893426141,11.894398381802398,1656.172,20.486506516827596
202212,51.0,8.0,20.0,12.053032182517425,11.934322975609108,488.682,-6.194456120449732
202405,70.0,26.0,18.0,12.695973873052399,10.377389822197522,413.7,-6.256157534964052
202303,6.0,1.0,0.0,12.712221349537193,12.652615715396184,2620.113,-6.163963505379513
202210,56.0,6.0,22.0,13.616686378863204,13.419146905665299,2197.419,3.8436437656013194
202306,1.0,0.0,0.0,5.25227342804663,5.2574953720277815,79.009,-6.227889159480919
202401,419.0,13.0,40.0,11.635063448504866,11.60617898584618,1275.289,3.9823106763028644
202210,122.0,58.0,45.0,12.709257150160138,12.59981936068414,824.537,-2.6433266354602556
202404,29.0,11.0,7.0,11.879767547940705,11.878144801398754,239.015,-3.0908062141700983
202301,526.0,95.0,63.0,13.399948143202527,13.301859279125827,755.246,-6.124010118537575
202212,70.0,18.0,44.0,12.533042736562482,12.25248856483814,1469.849,-6.2918148135823255
202210,5.0,0.0,0.0,11.52487379848607,0.6931471805599453,756.636,-6.2918148135823255
202301,247.0,96.0,60.0,9.95413313720502,9.954180666851647,702.36,-3.119074589653231
202210,55.0,18.0,33.0,12.383913344927011,12.18478772017284,797.234,-6.2918148135823255
202210,53.0,22.0,19.0,10.52567564415558,10.522261341106239,129.466,-6.2918148135823255
202308,6.0,0.0,1.0,12.625772622110356,11.266538874925619,541.648,-5.298571427874812
202210,359.0,81.0,79.0,13.57836569413923,12.684933805770461,2002.021,10.683089961392524
202308,111.0,34.0,39.0,11.075164412061243,11.075179904288019,662.155,-2.245530727251884
202303,195.0,44.0,29.0,12.82396812320261,12.589908859732006,446.293,5.537422529361923
202409,4.0,0.0,0.0,10.959940146806769,0.6931471805599453,3345.651,-6.2918148135823255
202401,50.0,27.0,13.0,11.240749220078706,11.024203740111163,411.964,-6.276933343152721
202303,164.0,63.0,40.0,11.650737681778226,11.594468584923623,403.981,-4.2689966844012694
202210,281.0,2.0,5.0,9.219795530746937,8.978029932837156,63.528,-6.2918148135823255
202303,106.0,33.0,34.0,12.516153237737822,12.377122582286065,610.006,-1.3551830766278634
202404,81.0,13.0,35.0,13.909040973108462,13.707585645939806,1121.678,10.271290411545868
202306,18.0,2.0,5.0,12.02933546703012,9.941120467342978,429.008,-6.2918148135823255
202210,61.0,7.0,5.0,9.24763615671988,9.247732491193245,47.493,-6.276933343152721
202306,506.0,64.0,90.0,11.558271610070438,11.552655663698305,836.079,34.500736961956875
202307,128.0,26.0,52.0,12.498425045006694,12.097055452368803,749.956,-6.174409986472073
202407,193.0,39.0,70.0,14.498338679699247,14.390688623056061,3017.111,15.199551434152157
202303,296.0,125.0,96.0,12.431026557152832,12.379168442239482,467.139,-6.241276064534448
202212,187.0,45.0,19.0,12.670934955816724,11.776949889071334,745.476,-3.2950690385566825
202308,363.0,105.0,51.0,13.166990602841523,12.45467729456221,1334.046,28.602834810000346
202406,321.0,59.0,103.0,13.236045571648255,13.068817020460674,2030.207,32.916404758408206
202210,53.0,10.0,35.0,12.547312072450136,12.46372969457621,516.048,-6.258381774551138
202208,376.0,111.0,73.0,9.005527777346696,9.00565049932022,805.305,2.6501433395606853
202306,269.0,45.0,36.0,11.569797171046767,11.137897414101458,532.755,-4.221715142653951
202405,17.0,5.0,6.0,11.772362371981707,10.393048680997394,291.99,-3.3748265646547635
202408,22.0,6.0,7.0,12.822522350217614,12.444813917467439,1796.035,-5.158201050039138
202404,363.0,82.0,80.0,14.36124820270984,13.508632074430128,2213.968,11.719345031803117
202207,98.0,2.0,16.0,11.284882430767706,11.284894992082624,250.936,-6.270900844183999
202410,228.0,20.0,15.0,7.993619994827744,7.993957547573565,114.828,-6.123224129359589
202404,173.0,17.0,33.0,13.34677172852194,12.803011743291526,2389.064,-3.290854776575698
202303,38.0,13.0,8.0,6.656726524178391,6.658011045870748,31.632,-6.2918148135823255
202406,221.0,41.0,51.0,11.549912917020508,11.54857249241637,454.616,1.238768548433999
202401,15.0,9.0,3.0,12.836045707065846,12.15635705328424,1240.765,-6.2918148135823255
202301,14.0,3.0,1.0,12.619641496107686,12.206207636418494,10057.21,-6.276933343152721
202306,1170.0,546.0,186.0,12.915366267874482,12.831125657791311,3505.905,34.580634525961734
202210,352.0,58.0,37.0,12.064486039468274,11.683393714733182,509.858,-6.2263945941048435
202210,144.0,82.0,25.0,11.958226481575592,11.953970049583862,476.688,-6.227668432124859
202310,456.0,190.0,57.0,12.598341059043946,12.520751989876883,486.847,16.63319744833789
202312,1088.0,197.0,165.0,14.267777823719712,14.081935796273452,3731.029,95.63263835039362
202301,101.0,10.0,17.0,13.691332995832557,13.375067284356934,910.912,7.335678485175901
202307,517.0,130.0,106.0,12.704475424297554,12.483753623340327,3158.912,38.69938943936332
202303,241.0,106.0,78.0,10.375489184444536,10.326563344903953,884.212,-5.304603926843534
202303,278.0,6.0,26.0,13.413213426514845,12.403689136199052,759.996,-6.227889159480919
202207,85.0,13.0,16.0,12.16516731420417,12.165172522958002,517.476,32.89616510643222
202303,85.0,27.0,25.0,13.273030855063082,12.68076526426204,1076.32,-5.303653525276463
202405,104.0,26.0,14.0,11.995728086549795,11.107960231903714,541.182,-3.3748265646547635
202405,110.0,20.0,37.0,13.472119843774333,13.004637840094883,1678.697,-6.2918148135823255
202303,230.0,19.0,31.0,12.389339588638963,11.553443413273117,293.539,-6.271039005393656
202306,188.0,28.0,53.0,13.643149232964571,13.271028180143427,1464.102,13.692321598500532
202303,261.0,92.0,79.0,14.42636141002047,14.29118308858249,2544.15,37.827120571775396
202407,35.0,11.0,18.0,10.994638742972617,8.94102198354136,114.539,-4.347155980963951
202207,217.0,100.0,57.0,9.712569148516655,9.712629664719888,423.902,-4.971539392687067
202408,114.0,13.0,15.0,8.68996933536666,8.690137586397595,305.035,7.320797014746297
202211,214.0,72.0,22.0,11.170350645410277,11.009141655993284,511.143,-3.1131802518941663
202211,91.0,35.0,31.0,10.777246495691305,9.966086694292647,1503.813,-0.63400981332118
202208,60.0,6.0,5.0,7.52294091807237,7.523481312573497,45.524,-6.276933343152721
202303,274.0,43.0,186.0,12.691580461311874,12.57652524024557,1556.796,7.264747061396806
202311,9.0,1.0,1.0,11.536456427496594,10.25769445336048,580.849,-6.276933343152721
202401,247.0,31.0,92.0,11.31454769430125,11.17160348734305,358.152,-5.807709751409733
202207,214.0,39.0,78.0,13.183386978441497,13.060239006526277,2081.88,4.864773966773923
202301,94.0,36.0,37.0,12.269803027711404,12.13751539343303,838.733,-1.8471271680558905
202208,143.0,11.0,14.0,11.400540334375437,10.537945736747394,295.334,-6.2918148135823255
202402,541.0,177.0,91.0,14.031962168103194,13.805189478392293,1393.938,-2.8203257914941924
202303,498.0,13.0,17.0,12.3838087049825,12.107814625109896,861.025,-5.084509230460275
202402,5.0,3.0,0.0,11.426735568654756,11.42674646872833,209.865,-6.27185124575107
202402,239.0,68.0,124.0,13.680924895506847,13.539538323630099,2706.828,-5.262101908899125
202301,136.0,48.0,28.0,13.727761818280488,13.276868280201509,825.073,-2.3236900238145655
202307,111.0,28.0,61.0,11.868927182342802,11.850126007740691,924.236,-1.9261143207481028
202310,170.0,48.0,68.0,12.224649031103109,12.163467812697736,1106.81,7.184917505250491
202211,257.0,27.0,37.0,12.199355133482642,11.901095199991827,490.86,-4.2266590788459455
202408,115.0,61.0,21.0,12.49475296956301,12.473585173379853,1626.545,-0.2933793273390455
202303,130.0,10.0,41.0,13.41334201022526,13.346087560119496,1850.483,-0.32998700752438914
202408,341.0,171.0,36.0,11.946576264750165,11.943973845823795,1928.296,-5.158201050039138
202408,129.0,4.0,14.0,11.697893516705088,11.68782790135988,823.979,-6.276933343152721
202303,3.0,1.0,1.0,11.991182441452116,11.920674629301557,497.827,-6.2918148135823255
202210,179.0,21.0,61.0,13.66386058210219,12.935219009530533,1934.611,-3.256692063333501
202303,84.0,4.0,11.0,10.705107899426679,10.705130329249373,191.252,-6.227889159480919
202207,207.0,23.0,58.0,12.828794679386542,12.422050585059472,1879.414,2.010899131590353
202403,258.0,64.0,78.0,13.704927539860916,13.655881566217879,1362.114,-3.1532866614913364
202405,15.0,1.0,6.0,12.026335745630949,11.383124249433804,769.262,-6.2918148135823255
202410,184.0,14.0,81.0,14.098507421947776,13.4262120630929,2786.417,-4.317393040104742
202306,136.0,59.0,34.0,11.021935147705008,11.02041443382118,400.783,-1.8983821014776519
202403,209.0,41.0,55.0,14.26811303655915,13.727774918760074,1960.541,0.6771874470456583
202307,200.0,79.0,80.0,10.266601720103763,10.237707254104047,476.378,-5.035465046788473
202207,409.0,117.0,63.0,10.489578335799088,10.476668065048885,714.348,2.034891970098874
202409,128.0,31.0,58.0,14.435977899948258,13.360420762569104,5004.885,-3.1547318682715044
202208,15.0,9.0,0.0,14.559407885433881,0.6931471805599453,3451.706,-6.227889159480919
202308,26.0,10.0,14.0,10.210898720168904,10.210935486902368,247.852,-6.227889159480919
202307,132.0,27.0,28.0,9.748528212497986,9.748586591318166,126.858,-5.298709589084469
202403,498.0,13.0,17.0,12.665271235013124,12.368854540449512,950.678,-5.084509230460275
202403,153.0,5.0,35.0,11.836297988063382,11.83630522507927,323.982,-6.2918148135823255
202312,40.0,13.0,15.0,10.637032637702912,10.507120225888325,230.418,-6.2918148135823255
202312,361.0,62.0,127.0,12.102804384025788,11.98461517198762,879.1,-3.269349294176019
202207,73.0,12.0,42.0,12.816843146822668,12.728769526266063,2145.018,2.07103552411977
202404,116.0,14.0,63.0,14.07578957288627,13.89978093183474,1819.208,4.752514633444225
202402,375.0,56.0,85.0,14.339075096115284,13.21496261319095,1196.503,-6.000710953668257
202409,41.0,9.0,8.0,10.107122033462112,9.557328550325371,91.021,-6.2918148135823255
202407,84.0,13.0,18.0,10.762890422203235,10.762911592721172,174.062,-5.851625420815807
202210,80.0,12.0,35.0,12.988930265664367,12.706647913439996,1047.553,10.271290411545868
202211,261.0,92.0,79.0,12.449395223881528,12.187623501861644,611.609,-5.112826964539315
202303,45.0,1.0,10.0,12.322134200288216,12.322138652380366,460.756,-2.3275124929370503
202208,581.0,120.0,170.0,12.880607689878136,12.406680157178087,2869.941,6.864439025423993
202401,302.0,59.0,61.0,12.021157728883619,12.005356949055493,574.988,3.2472853305529483
202211,60.0,14.0,18.0,10.976337489980798,10.429960121878297,243.488,-5.0659576618586915
202409,14.0,6.0,5.0,10.840756690795475,10.840070987678045,282.878,-6.2918148135823255
202310,280.0,41.0,157.0,13.494778984531603,13.456690457679153,1168.199,-5.252164374661515
202208,119.0,21.0,49.0,14.69286834327637,14.125752482483833,10781.283,-4.1112294125840165
202310,51.0,9.0,18.0,11.304362596971046,11.158162976835825,406.308,-6.161023081418544
202309,209.0,26.0,20.0,10.689851814807207,10.412200947115844,242.92,-0.45783831572720146
202301,34.0,11.0,10.0,13.289928254667663,13.247211176525047,1257.995,0.8370265874994898
202404,90.0,9.0,31.0,12.74437724028445,11.827539105095418,259.435,-6.192961555073656
202407,566.0,132.0,273.0,14.0225255403564,13.946993103133549,5426.027,18.15919705144531
202310,256.0,130.0,68.0,12.39690372673712,12.196855295980564,1735.346,-5.0637827808675135
202301,9.0,3.0,5.0,13.09473726631147,13.036321711910675,859.14,-6.2918148135823255
202408,55.0,16.0,35.0,12.508722145103741,12.288136386462531,1297.117,-6.2918148135823255
202408,381.0,6.0,21.0,11.370312963609512,11.115681470708637,928.022,-5.772818296284798
202312,34.0,15.0,9.0,10.620888224896778,10.620912625555597,87.949,-6.194456120449732
202403,141.0,43.0,60.0,14.37048817763643,14.166297702781662,4743.512,11.284530493842547
202301,361.0,62.0,127.0,12.60573092660455,12.381898148580426,1165.624,-3.269349294176019
202210,646.0,106.0,148.0,13.345825278040016,13.276616337715046,1537.444,-4.284828556397944
202408,341.0,74.0,161.0,12.614709385359527,12.612963403583016,1446.156,-6.039817603102448
202207,371.0,74.0,71.0,11.208219301512653,11.199378426323394,605.466,8.973407295587013
202306,39.0,5.0,8.0,14.475649925276375,14.343401536700691,2443.732,-3.341393525623576
202401,84.0,22.0,16.0,13.226521570562046,12.596464724140818,477.856,-6.2918148135823255
202306,114.0,26.0,58.0,13.37574744029104,13.14885145036137,2064.842,-5.95730507264569
202410,173.0,21.0,52.0,11.092686762753445,11.047996935591241,318.894,-6.256157534964052
202401,446.0,216.0,62.0,11.733618015033397,11.733626034633298,1411.953,19.492656677780566
202210,253.0,149.0,45.0,10.971365681834376,10.971382868542177,302.177,-2.9746752250798605
202207,150.0,27.0,72.0,13.335450128197676,12.83158050242958,2656.787,-2.3049177278569215
202211,42.0,8.0,22.0,11.646966727588952,11.443628975967572,479.172,-6.2918148135823255
202308,162.0,50.0,23.0,10.616045126615896,10.00242750039103,744.846,4.127420717277598
202410,54.0,16.0,15.0,13.358233599989273,12.920494408743966,3685.037,-5.0659576618586915
202301,430.0,107.0,99.0,13.852875704464239,12.551975275880473,1472.131,8.692327369063316
202303,153.0,18.0,32.0,14.807399550959696,13.867319969140638,2596.049,13.01530144295439
202306,70.0,26.0,18.0,12.465112158361913,10.460098831451251,475.903,-6.256157534964052
202408,49.0,21.0,11.0,12.320779844536133,12.312965486577566,1123.823,-6.163963505379513
202303,361.0,62.0,127.0,11.834363828547888,11.626495192652756,772.971,-3.269349294176019
202402,133.0,36.0,27.0,11.967650468176817,11.657372069335256,435.325,1.9270099096576914
202207,85.0,26.0,18.0,12.777348758305303,12.755892033621585,1629.724,-5.943868808996254
202403,120.0,27.0,32.0,14.756157065217712,13.693397159807414,2212.399,1.3204483923251482
202408,41.0,6.0,21.0,12.211577466164618,11.762477229560739,1128.92,-0.3939126616257953
202207,195.0,47.0,74.0,13.06248809975941,12.04422995791754,1422.846,-1.1291443806319181
202410,219.0,16.0,26.0,10.998911430286723,10.941092854629048,185.05,-6.256157534964052
202311,24.0,9.0,12.0,11.945564657115748,11.774104411841678,655.751,-6.2918148135823255
202406,36.0,7.0,17.0,11.503157917411176,11.301043265933037,405.993,-6.234431325208313
202303,156.0,39.0,60.0,13.197268603095546,12.911899103247192,1224.08,-6.276933343152721
202307,163.0,50.0,30.0,13.457920910097142,12.565162172016795,2082.038,9.270863909721115
202309,26.0,4.0,8.0,8.667680024690174,8.66785206770135,67.084,-6.222724495932864
202301,18.0,2.0,5.0,13.47431096498093,10.705825404334252,530.844,-6.2918148135823255
202311,191.0,52.0,102.0,11.638526747221311,11.628759936741822,617.13,-6.2918148135823255
202310,757.0,249.0,132.0,13.328941679454564,13.12746235549215,2176.464,22.619294298792227
202301,627.0,194.0,224.0,14.102965854704387,14.060070335983417,2284.193,25.408809831027632
202309,474.0,122.0,89.0,10.78305205743776,10.263222808938117,1178.43,3.829964103143496
202308,37.0,12.0,10.0,12.904734591778142,10.377358693308352,905.238,-6.2918148135823255
202310,161.0,61.0,32.0,10.396444477759635,10.375333234161172,230.718,-4.013870719451424
202407,133.0,24.0,32.0,11.716772021134776,11.625700425571427,486.752,0.6757754478159859
202308,145.0,19.0,23.0,13.563446563114239,13.3988702391438,2356.101,25.08136954867826
202311,102.0,12.0,43.0,14.255722282802266,14.166054747172682,4247.838,10.632384699752288
202310,285.0,51.0,97.0,12.684329622012061,12.285673717235362,835.727,20.513508983094447
202310,629.0,201.0,168.0,13.57269222118177,13.008753372530686,1988.353,19.78013693517932
202212,65.0,15.0,33.0,13.047553620595812,13.020587540213734,1714.634,4.189122131791917
202207,6.0,1.0,2.0,13.228422848735716,13.22842464747642,2134.733,-6.148131633382839
202211,366.0,75.0,205.0,14.262689422854507,13.81857784901374,2946.514,23.65078725811759
202303,120.0,1.0,14.0,11.039524069850238,11.039540124178084,57.53,-6.2918148135823255
202309,160.0,17.0,12.0,10.684118914962527,10.068366195718362,213.143,-6.271039005393656
202306,50.0,2.0,21.0,13.052389310416759,12.004672239449532,935.844,-6.227889159480919
202402,202.0,6.0,26.0,13.016311511708018,11.994635308346,545.003,-6.256157534964052
202403,77.0,18.0,14.0,13.3064733340575,13.041181521147346,1630.218,6.390019214814448
202311,43.0,16.0,20.0,12.68030793366472,12.616349491968878,749.475,-6.258381774551138
202311,160.0,39.0,59.0,14.524356367693452,12.946897466872937,1610.438,18.82797080684424
202401,13.0,6.0,4.0,13.379116544451735,12.815210302662717,1219.354,-6.2918148135823255
202207,18.0,2.0,5.0,11.990990265492737,10.010232109966116,539.447,-6.2918148135823255
202312,190.0,44.0,55.0,12.94579086315067,12.821993149676064,891.319,4.14597228587918
202301,23.0,6.0,7.0,14.703317861175396,10.1970895674989,2046.314,-6.2918148135823255
202404,14.0,2.0,1.0,15.233632262743619,15.177877682269013,7147.092,-5.111876562972245
202308,288.0,47.0,61.0,12.6277227340226,11.9969675917698,1644.731,20.181174123148992
202303,104.0,33.0,19.0,10.333580230469023,10.333612752380663,90.144,-5.287821653279789
202410,96.0,1.0,1.0,8.442038517815478,8.326516830239528,20.199,-6.271039005393656
202406,33.0,15.0,14.0,13.175282149986108,13.063877965845176,1789.242,-6.00779446309766
202303,70.0,6.0,17.0,14.84277649359334,13.124936065203263,2770.55,0.003126885227985987
202407,106.0,14.0,23.0,13.238913653524817,12.570885883534993,1619.648,11.274040334084452
202408,303.0,71.0,98.0,14.403547747038148,14.29109172876614,5626.121,22.12757091995183
202311,280.0,7.0,5.0,9.748469830269519,9.748528212497986,84.301,-6.2768612343119
202407,101.0,9.0,28.0,12.692659878531439,11.471301065275696,744.161,-6.220500256345779
202402,365.0,63.0,129.0,12.83557157521102,12.745718935104358,920.037,-3.771586642210416
202303,582.0,125.0,256.0,14.513873612174446,14.452498413663918,2666.551,34.385047427578755
202303,235.0,29.0,55.0,12.284828371551832,11.848511594829064,516.617,-1.1951915652235252
202208,52.0,13.0,14.0,8.54714026778419,8.547334348328224,233.816,-6.258381774551138
202211,146.0,22.0,61.0,12.47120614903646,11.450922393528495,807.779,0.04627673114072284
202303,118.0,44.0,19.0,13.222255770090342,12.193240666714795,1341.708,-3.244034832490982
202303,215.0,19.0,65.0,13.716985516024007,12.122027773202323,1223.246,-0.5778139231780983
202406,189.0,46.0,19.0,12.482013559553874,12.285373539666532,766.848,-4.139547146663057
202303,64.0,0.0,4.0,9.814273751991298,0.6931471805599453,353.516,-6.2918148135823255
202403,127.0,26.0,26.0,11.574895064251775,11.5259996244575,308.986,-6.201948687744196
202303,367.0,74.0,70.0,11.718410009790611,11.694880287858858,455.06,8.973407295587013
202407,73.0,3.0,17.0,14.2073681692661,13.180047208743881,5132.675,-3.2135422174207635
202408,21.0,4.0,9.0,12.184828579860678,11.872500200446575,544.11,-5.304603926843534
202410,101.0,25.0,18.0,10.805699643800724,10.327283617329016,152.035,-5.298709589084469
202308,36.0,3.0,10.0,10.3916380272629,10.388749184170845,125.982,-6.276933343152721
202207,51.0,10.0,34.0,12.1474843864191,12.11087145978578,979.551,-6.266769148349419
202307,1.0,0.0,0.0,13.338480702501323,13.338482313781574,11436.971,-6.227889159480919
202406,23.0,6.0,7.0,14.420052728739764,10.031616880246656,2515.181,-6.2918148135823255
202210,9.0,3.0,3.0,12.066344952568498,11.913136796129844,1068.798,-6.227889159480919
202308,60.0,3.0,11.0,11.25683249476492,10.6706284130044,285.766,-6.271039005393656
202409,161.0,15.0,14.0,10.905148315127787,10.905166678408571,149.099,-6.276933343152721
202410,77.0,13.0,33.0,10.226874549608686,10.226910733640675,93.776,-6.214605918586714
202406,108.0,16.0,41.0,13.423516309043954,12.585580424964961,2090.744,-6.271039005393656
202405,102.0,18.0,32.0,12.193144435191806,12.193149500239684,499.2,-1.7422130591957998
202403,277.0,72.0,58.0,10.226983097777042,10.227019277881606,477.82,3.623549069218061
202408,165.0,12.0,18.0,11.666530281555538,11.622111653401094,1241.539,-6.271039005393656
202210,57.0,10.0,20.0,13.14666762190665,11.745044614814624,1909.473,-6.276933343152721
202407,33.0,15.0,14.0,13.186014004480604,13.053564058613418,2223.532,-6.00779446309766
202306,342.0,155.0,58.0,11.877089297054438,11.86463108223203,676.82,2.918688273380301
202208,23.0,9.0,2.0,10.376268571262472,10.376299734103902,134.869,-6.2918148135823255
202208,80.0,21.0,30.0,11.251132037544266,10.304342048086609,214.602,-6.271039005393656
202303,78.0,28.0,24.0,13.7210152460649,13.32368822250031,3217.415,-2.108279395507113
202406,258.0,81.0,29.0,12.631036413172371,12.536131503188509,739.251,23.989307401512413
202208,141.0,16.0,43.0,12.759860052834117,12.012348323610876,1816.061,-0.5883429704170613
202207,192.0,41.0,68.0,14.585811816583078,14.484778894734184,2260.275,14.447316714226227
202311,9.0,0.0,0.0,14.50990695792465,13.97526095862031,3710.508,-6.163963505379513
202410,112.0,4.0,4.0,11.512445349733351,7.946263643580541,216.715,-6.250263197204988
202208,39.0,5.0,8.0,14.79726350923538,14.752967301029752,2792.962,-3.341393525623576
202303,3.0,0.0,1.0,13.572317348844361,0.6931471805599453,1877.676,-6.227889159480919
202408,65.0,13.0,33.0,12.711108541119419,12.673150122765861,2426.57,4.442649867206365
202210,276.0,38.0,92.0,14.529181674242372,13.95421716105608,6002.72,-1.3967346930052011
202211,160.0,35.0,45.0,11.927872147217611,11.175590856613375,531.25,-0.3492682503369817
202310,34.0,7.0,12.0,10.290143539657238,10.290177505317958,70.427,-5.319485397273138
202311,58.0,5.0,19.0,12.363883760639629,12.210836281379196,592.46,-6.246220000726442
202310,195.0,47.0,74.0,12.427282328125084,11.95763692692859,1096.687,-1.1291443806319181
202312,316.0,81.0,72.0,14.21701516697274,13.917087424641549,1823.71,58.793278658899546
202402,294.0,20.0,8.0,11.312325878090913,10.918283355111127,211.773,-6.2918148135823255
202312,182.0,121.0,20.0,12.164135446066648,11.462968119910114,1002.372,-5.908260888973889
202301,226.0,74.0,41.0,11.09328029328823,11.057108724235038,487.237,-2.8464186341814224
202210,114.0,31.0,22.0,11.905555217875108,11.899948220189343,643.09,-3.3747544558139424
202310,24.0,3.0,3.0,13.37770147762697,11.701833615783992,1456.206,-4.347155980963951
202410,54.0,3.0,22.0,10.954151822330893,9.53372736904874,712.71,-6.2918148135823255
202210,68.0,23.0,17.0,11.844586144594219,11.797096380518669,679.899,10.69797143182213
202210,48.0,6.0,13.0,11.766396455088035,11.398681160612009,268.818,3.431479349509548
202312,330.0,126.0,17.0,12.941805065180601,11.270930333970657,1262.967,-2.684315090218941
202306,214.0,43.0,130.0,12.693028642959684,12.629619947589054,937.178,-5.255559743171732
202210,104.0,27.0,15.0,11.461179436535136,11.095954416675863,495.607,-3.3748265646547635
202212,36.0,6.0,8.0,13.614951300737097,13.358394723176195,1138.734,7.5408917111295555
202403,55.0,17.0,34.0,12.87760029923111,12.691346587811752,874.641,-6.2918148135823255
202303,321.0,16.0,13.0,13.832689157273046,13.655394621318099,3307.668,-4.091453364558326
202403,3.0,0.0,0.0,13.415534358199105,13.415535849987185,1043.416,-6.100037851278107
202408,371.0,76.0,204.0,13.888954309572362,13.763801387638628,4924.745,25.815540787119218
202311,76.0,10.0,41.0,12.889065949522928,12.75253371690512,1127.821,-5.155260626078169
202211,126.0,16.0,88.0,11.782066713716743,11.782074354040846,302.118,-6.256157534964052
202301,288.0,53.0,144.0,14.428773268330472,14.244135397082847,3495.545,-5.051076191429087
202210,61.0,8.0,17.0,11.456154035065866,11.440494547312625,234.379,16.169120454661574
202407,89.0,29.0,15.0,11.8991805701457,11.899187366093956,266.16,-6.271039005393656
202312,14.0,9.0,0.0,10.568955163989331,0.6931471805599453,2804.732,-6.2918148135823255
202405,232.0,57.0,78.0,12.677631315073782,12.669875841759259,719.427,-6.260874810590354
202406,1.0,1.0,0.0,12.596281973746887,12.59628535831697,3746.165,-6.2918148135823255
202312,98.0,30.0,34.0,13.56919944932153,13.212907672948013,1829.57,0.07898009596090105
202309,2.0,0.0,0.0,11.13814473899306,0.6931471805599453,739.787,-6.2918148135823255
202403,62.0,34.0,5.0,11.310160355531316,11.281800143914362,260.997,-6.119471465041206
202403,59.0,4.0,11.0,15.728148858517073,12.951857341607491,7817.027,-5.319485397273138
202409,231.0,33.0,26.0,9.812249072101856,9.299541017434485,364.525,10.230536095187782
202307,367.0,212.0,52.0,12.699670723629538,12.160682943231363,1172.34,-2.73774490463188
202312,205.0,70.0,41.0,13.193436749814218,13.132551303791818,1127.64,-6.235381726775383
202211,61.0,1.0,10.0,13.494074509153936,12.88902554048241,2550.384,12.656066528089939
202303,49.0,7.0,25.0,12.932262842663318,12.30735134188674,1009.412,-5.109886540578346
202208,277.0,58.0,33.0,12.232232473915767,12.14207264603046,632.721,-5.226444630280852
202307,125.0,12.0,51.0,14.116171292035485,13.417257381248252,3958.517,16.601872875196882
202307,34.0,2.0,14.0,13.233675745595235,12.628099841937317,2641.965,-6.20711335129225
202308,206.0,19.0,27.0,11.484649439618492,9.022322622637347,494.747,-6.204668384349104
202210,6.0,2.0,4.0,12.818107379783514,12.818110091011931,1378.771,-6.2918148135823255
202210,239.0,63.0,128.0,12.93846217362476,12.777518185219174,2019.388,-5.262101908899125
202402,299.0,37.0,113.0,15.457307038954287,14.972269105725841,7427.322,54.42601334803218
202303,315.0,70.0,102.0,14.720487934489276,12.987031507750517,3450.353,24.90548162687338
202306,204.0,59.0,40.0,12.533320323576078,11.874327219915342,895.278,2.899339325966878
202207,14.0,5.0,2.0,11.84831139749102,11.488827425586171,489.02,-3.296019440123753
202404,238.0,10.0,74.0,14.495696098226427,12.946151120774552,2554.892,-4.375180957638697
202212,72.0,22.0,39.0,12.365044541736573,12.32009305582599,449.534,-6.271039005393656
202208,231.0,28.0,94.0,13.357775362772392,13.331951467184016,2985.386,9.795428799822917
202401,375.0,56.0,85.0,14.253878385748147,13.191553562756953,1241.994,-6.000710953668257
202405,85.0,4.0,22.0,12.0431712899757,11.586640502792509,663.503,-5.595873445814275
202406,105.0,12.0,20.0,12.549502762718806,12.419654630412534,719.999,-6.158798841831459
202309,93.0,13.0,15.0,12.961257566630872,9.855242239908133,1231.583,-6.209116863523276
202210,181.0,121.0,20.0,11.122605094188517,11.086532897179067,974.146,-5.972186543075295
202312,944.0,142.0,199.0,14.623972396909137,14.23558640745127,4027.889,80.4863232418864
202212,81.0,34.0,8.0,11.029909541843505,10.99851007235368,110.988,-5.996362363483974
202310,90.0,10.0,44.0,12.313931038892324,12.103646708669807,676.585,-5.2860523582419505
202409,4.0,4.0,0.0,9.14120463314132,9.141311785565748,109.857,-6.2918148135823255
202405,107.0,13.0,22.0,11.1709843009904,11.148909354774602,418.063,9.329381501466077
202210,193.0,54.0,66.0,11.34383202951684,11.208002281735874,880.211,-2.217969354527434
202208,29.0,5.0,15.0,11.649176904909655,11.649185631103508,789.89,0.734585796965245
202406,229.0,74.0,84.0,12.168619968479522,12.133152429253546,902.956,-0.9125260454658726
202307,25.0,13.0,11.0,12.62542422211735,12.615433488732005,1373.892,-6.2918148135823255
202207,11.0,1.0,2.0,13.32097486323979,12.926830129298034,4323.492,-6.258381774551138
202301,4.0,0.0,0.0,13.493439918712472,11.149182745905483,4972.404,-6.275982941585651
202210,375.0,56.0,84.0,13.163889124232828,12.67126157770141,1046.207,-6.000710953668257
202207,272.0,39.0,188.0,12.364920846138487,12.28572912478096,2187.442,7.264747061396806
202301,99.0,32.0,49.0,14.576337414814331,13.534019945472219,2156.433,1.1747751897317622
202404,171.0,46.0,47.0,11.654937048916233,11.469276561839667,304.791,-4.375180957638697
202404,51.0,5.0,12.0,12.206922284484751,11.86842972392462,736.173,-6.2918148135823255
202404,135.0,6.0,11.0,12.785362200919087,12.757391249697209,937.513,-6.192231880862646
202303,207.0,42.0,53.0,14.087229393219957,13.597053507828134,1912.781,0.6771874470456583
202401,313.0,76.0,122.0,14.81606596475992,14.672690995848619,3565.148,46.90986567628593
202303,248.0,43.0,73.0,11.989774361821157,11.97832476052143,336.465,-6.251075437562401
202404,131.0,24.0,15.0,10.995226272261066,10.995243053741024,177.792,-6.250263197204988
202310,218.0,56.0,53.0,13.238888733624494,13.155345439812622,2190.886,5.762599323146832
202410,558.0,300.0,109.0,13.003620381133157,13.001798977337561,1131.148,4.960998556535564
202211,333.0,115.0,74.0,13.546955067347964,13.526062927832392,1818.289,-2.7667429543260225
202407,58.0,5.0,19.0,12.099066331845005,11.877408843578962,797.973,-6.246220000726442
202211,134.0,13.0,48.0,12.85011623780848,12.309576438544836,1083.476,5.476437299221486
202208,595.0,156.0,101.0,12.365522119064138,12.352434499625174,1104.207,4.460624986083129
202207,87.0,28.0,14.0,11.767024900404884,11.76703265652155,264.074,-6.271039005393656
202408,92.0,37.0,30.0,10.446305907338292,10.035567892893337,2189.181,-1.5729061905991797
202403,136.0,55.0,29.0,13.457431771957355,12.948176643038872,1147.352,-2.2509296079931254
202308,11.0,1.0,1.0,11.322333804949741,6.928537818164665,805.135,-6.2918148135823255
202303,213.0,49.0,96.0,12.904540645391279,12.852866939345558,838.85,8.64136519304585
202310,113.0,16.0,57.0,12.860276274524017,12.26632072587553,709.82,-6.2918148135823255
202207,23.0,7.0,11.0,13.459606745198888,13.43422671221704,2662.359,-6.173680312261062
202310,67.0,20.0,10.0,9.89500164888583,9.844374288043621,55.458,-6.271039005393656
202309,285.0,16.0,72.0,10.849259413732451,10.648420406245304,286.48,-6.1539029747355345
202307,74.0,12.0,6.0,11.84949055442334,11.625780823990302,559.321,-6.2918148135823255
202311,896.0,360.0,146.0,11.375925205635527,11.189049560401877,1545.728,56.24591504310905
202408,406.0,31.0,172.0,13.453119307029432,13.399905716067337,5027.272,-6.165341007558852
202407,115.0,2.0,4.0,13.029756739734312,9.917143878983614,985.922,-6.20711335129225
202301,9.0,3.0,3.0,13.196149011898562,13.01851948886374,1085.766,-6.227889159480919
202406,51.0,12.0,39.0,12.727942061508442,12.727945028554938,672.335,-6.2918148135823255
202207,112.0,54.0,46.0,12.916396459460737,12.782365733832183,1912.85,-4.292947133744094
202303,41.0,8.0,21.0,12.937945224287505,12.66681161504656,696.262,-3.3748265646547635
202402,149.0,26.0,12.0,13.49776782402733,13.243637202049962,2823.543,-6.22494873551995
202303,153.0,31.0,58.0,13.64558307631988,13.568356036688561,871.832,-5.234783934983064
202408,171.0,8.0,42.0,11.166936083657173,11.166950217433365,361.118,-6.2918148135823255
202303,96.0,9.0,28.0,12.903157064982635,12.172226264746344,1076.278,-1.4301677320363888
202405,383.0,109.0,70.0,12.01093329062556,12.009729240493781,487.821,16.10836944171433
202407,86.0,20.0,39.0,13.996708150013104,13.676901151164756,3047.731,1.6866200005580119
202306,294.0,43.0,67.0,12.094559910387149,12.033497438390597,476.829,-6.2918148135823255
202208,169.0,10.0,17.0,10.67961926320976,10.67964227207968,256.426,-6.276933343152721
202207,175.0,4.0,11.0,11.705914916888698,11.06682584476588,304.374,-6.2918148135823255
202401,147.0,59.0,16.0,11.189933953682857,11.189947766123723,222.301,-5.255339015815672
202310,175.0,70.0,27.0,7.9996785794994505,8.000014093678072,166.513,2.372314607376355
202211,536.0,162.0,91.0,11.861820221589998,11.782036151836573,490.796,-4.156756520839071
202210,71.0,8.0,46.0,11.767645199719182,11.767652951026246,599.206,4.403808765818736
202207,323.0,57.0,77.0,11.867349878363806,11.322853954716212,1055.792,-6.2918148135823255
202307,168.0,16.0,73.0,13.286812842219046,13.173478455912372,2585.354,-6.163963505379513
202301,14.0,3.0,1.0,12.76458210742685,12.312965486577566,11091.234,-6.276933343152721
202211,28.0,2.0,3.0,15.135995724316022,10.557139982397933,13217.188,-6.2918148135823255
202210,204.0,48.0,39.0,12.29606873051073,12.120073483350968,774.535,11.497075454428684
202311,34.0,10.0,7.0,8.319229938632326,8.319473692442186,28.452,-6.2918148135823255
202403,1433.0,533.0,171.0,14.11700307568946,13.863302128466879,2262.181,55.79592047852387
202212,17.0,1.0,1.0,8.492900498847193,8.054522609537294,82.202,-6.2918148135823255
202406,480.0,103.0,37.0,12.756166096724167,12.66742647286824,1012.32,-6.2127869616952545
202212,178.0,52.0,52.0,13.020467962455939,12.366144332972368,933.266,0.9374217605765827
202406,179.0,11.0,7.0,9.2179116374725,9.218010878280403,80.66,-6.2918148135823255
202210,87.0,8.0,41.0,10.876442131527824,10.832339066455141,244.496,-6.186337543103582
202408,92.0,8.0,38.0,11.78298313606827,11.127557058561186,541.727,-6.271039005393656
202401,110.0,48.0,41.0,13.535571762150264,13.535573085198223,732.243,-6.2918148135823255
202303,47.0,17.0,20.0,13.190042586414437,13.038451192952373,2493.745,-2.901204132857058
202303,355.0,58.0,39.0,12.583021674238994,12.128802756705507,504.275,-6.2263945941048435
202407,37.0,7.0,7.0,9.708566960165658,9.708627719044069,58.586,-6.2918148135823255
202410,173.0,23.0,22.0,11.840983832633082,11.191259078797392,408.732,-5.298709589084469
202410,195.0,38.0,16.0,11.171448726694154,9.596622660667574,162.056,-5.194780886287503
202303,75.0,18.0,26.0,13.014579928813749,12.321497346945591,473.383,-6.213007689051315
202210,311.0,76.0,121.0,13.758340026403847,13.605325185626867,2660.924,46.90986567628593
202312,180.0,31.0,89.0,12.030998760794095,12.031004717447527,731.924,-3.0338369711504742
202309,66.0,4.0,7.0,9.900483043515829,0.6931471805599453,58.624,-6.2867327161806745
202210,62.0,3.0,34.0,13.622991987893544,13.179299322055398,1452.982,-6.134200564520304
202207,479.0,10.0,27.0,9.878938679614715,9.878989920935728,142.953,-6.241276064534448
202303,498.0,13.0,17.0,12.35387608129828,12.014839498205477,856.138,-5.084509230460275
202301,9.0,0.0,0.0,15.063192353422451,14.452984867777358,3973.935,-6.163963505379513
202301,104.0,14.0,60.0,14.4759273972655,14.325662354759855,4386.393,5.294384953705569
202208,899.0,361.0,146.0,10.679665280420206,10.67968828823136,2114.738,56.24591504310905
202207,540.0,178.0,89.0,12.257264684791597,11.993182596929682,1431.76,-2.8411015996828617
202311,67.0,10.0,35.0,10.434674471043987,10.399889655636395,534.589,-5.299521829441883
202307,431.0,7.0,31.0,9.636979715315753,9.541943631485891,199.317,-6.271039005393656
202303,122.0,7.0,75.0,12.782691627795915,12.633211178919801,925.96,-6.2918148135823255
202406,66.0,7.0,19.0,13.961204436781495,13.501414692540624,10546.875,-5.1708582808816566
202306,90.0,10.0,44.0,12.53228528919591,11.803779999837348,748.537,-5.2860523582419505
202212,33.0,8.0,15.0,12.75842209747355,12.58067984125184,351.888,-4.3263801727752815
202303,132.0,36.0,53.0,14.293467475796083,14.22656601093565,3968.036,5.881125920584308
202406,454.0,129.0,74.0,11.011158685692584,10.929457461212126,677.029,0.5145814766351418
202402,67.0,28.0,14.0,10.910642230715403,10.910660493387415,212.897,-3.906966588197433
202211,288.0,106.0,124.0,13.996235006726563,13.731498315435045,3991.621,-5.9039151188966015
202303,516.0,232.0,96.0,10.95546235835288,10.865305989686245,1785.92,20.656971435937876
202403,139.0,59.0,32.0,10.147766176380296,9.838789018597192,533.95,-2.9776156490408296
202212,136.0,59.0,34.0,12.280748670597,12.280535197670124,475.737,-1.8983821014776519
202303,93.0,0.0,16.0,13.098699585396519,10.04897221927811,92.807,-6.2918148135823255
202307,301.0,99.0,76.0,13.242309405438514,13.1794410102038,1992.052,-3.2603621615054794
202409,114.0,54.0,38.0,14.241052112086,13.784764711464383,4070.49,1.6146718250939855
202309,101.0,12.0,19.0,11.129275663242511,11.129290339448714,76.532,-6.2918148135823255
202303,50.0,27.0,13.0,11.233899156408345,11.002616374444639,317.906,-6.276933343152721
202406,54.0,8.0,19.0,12.20768634282007,12.20769133474563,397.832,-2.279280549622662
202310,265.0,55.0,40.0,13.739030081338521,13.466761265764042,3138.636,20.03089373869583
202407,108.0,20.0,22.0,12.475362870068398,12.227374148950089,1146.127,-6.256157534964052
202303,62.0,3.0,34.0,13.998692577787047,13.490582035551816,1439.932,-6.129118467118653
202408,107.0,36.0,23.0,10.908978929868585,10.908997222941913,363.601,-6.20711335129225
202212,50.0,8.0,31.0,12.661349617916636,12.493793467231193,589.449,-6.232523868960818
202210,253.0,149.0,45.0,10.971365681834376,10.971382868542177,302.177,-2.9746752250798605
202405,50.0,6.0,23.0,12.845763668082654,11.915680236766336,1942.54,-6.179574650020127
202212,294.0,20.0,8.0,11.518032402338372,10.543260327329259,179.097,-6.2918148135823255
202401,114.0,13.0,14.0,10.655257352241835,10.655280928528807,346.303,7.320797014746297
202409,250.0,11.0,11.0,12.970567921857645,8.662504922576291,839.806,-5.255559743171732
202409,559.0,81.0,109.0,14.7788695915007,12.862408009215079,7669.754,-3.7600884114353073
202306,285.0,51.0,97.0,12.749373203837367,12.486858493594111,1368.209,20.513508983094447
202307,106.0,27.0,16.0,11.205353561420127,10.057838212366052,220.996,-3.359945094225159
202303,14.0,0.0,6.0,12.96218758297319,12.570705342397163,390.505,-3.307960486592388
202301,241.0,106.0,78.0,11.677193364128524,10.99339540057409,1724.843,-5.304603926843534
202212,526.0,160.0,191.0,13.107225373815204,13.105093100999339,1795.036,-4.117779786743631
202212,125.0,44.0,15.0,11.838899935208497,10.822235263563458,735.057,-2.335631070283201
202404,120.0,27.0,32.0,14.35759121446204,13.540824997124941,2018.085,1.3204483923251482
202401,36.0,7.0,17.0,12.395791772704564,12.288840866385213,538.915,-6.234431325208313
202210,28.0,9.0,14.0,12.404070681709136,12.115797767290388,770.167,-6.258381774551138
202405,584.0,283.0,96.0,11.362125830779187,11.325860676819078,753.98,30.32132090667251
202303,262.0,43.0,105.0,13.103245795411025,12.912893415027325,1117.77,11.697191721435113
202301,144.0,58.0,16.0,11.50203639363806,11.47114467762166,234.774,-5.255339015815672
202310,102.0,41.0,25.0,8.405814603432848,8.374476889214643,142.771,-5.319485397273138
202207,462.0,60.0,158.0,13.841892474584096,13.779110024363659,3446.398,-6.2867327161806745
202303,283.0,76.0,57.0,12.072666959289986,12.072672672841101,360.238,-5.219902464553458
202212,94.0,36.0,37.0,12.196209160905763,12.030963020128361,588.272,-1.8471271680558905
202306,36.0,10.0,15.0,13.047773442971598,12.943550059537458,1663.291,-3.5895131986815803
202404,13.0,5.0,0.0,12.182578814114441,11.433048576881198,644.155,-6.258381774551138
202307,50.0,7.0,26.0,13.393789535531097,13.16660607464427,1091.002,-5.191561980229505
202312,269.0,89.0,79.0,13.263032734041566,13.220116026496026,770.578,-2.7010878658506288
202405,161.0,61.0,32.0,10.915542906394663,10.87424753012106,221.472,-4.013870719451424
202408,25.0,13.0,11.0,12.681278345512714,12.673344421660849,1691.102,-6.2918148135823255
202210,6.0,1.0,0.0,15.205800675406488,15.089910884173966,8038.978,-6.163963505379513
202303,166.0,45.0,25.0,9.324739912284679,9.324829098460881,218.148,-0.685182180596537
202308,46.0,9.0,16.0,11.740395642921937,10.290890517825884,399.345,-6.2918148135823255
202306,62.0,9.0,4.0,11.262500640874155,10.899660979282453,369.835,-6.2918148135823255
202406,33.0,15.0,9.0,8.66888370465667,8.669055540725484,66.956,-6.258381774551138
202306,110.0,20.0,41.0,11.89868434113603,11.70776007264412,476.298,-6.140109112020218
202312,232.0,11.0,30.0,10.613541013162433,10.613565593756055,341.248,-4.715787417685535
202306,29.0,9.0,15.0,12.599225602548909,12.428760092844767,725.171,-6.258381774551138
202406,72.0,17.0,17.0,11.74899313885445,11.74900103609555,244.55,-4.347155980963951
202402,118.0,25.0,55.0,14.38693237961333,13.853938649383618,2941.17,-6.11447786699559
202210,90.0,22.0,15.0,12.096999691738025,11.95050274699438,384.143,-2.3690641093143885
202404,168.0,10.0,17.0,11.09434472171469,11.094359919629536,183.154,-6.276933343152721
202407,191.0,44.0,56.0,12.440322295184487,12.271139152258819,854.073,4.14597228587918
202410,82.0,6.0,7.0,11.07095714794715,8.841448244098858,133.029,-6.2918148135823255
202407,174.0,4.0,3.0,12.251753218022147,12.23692187694566,1484.31,-6.115648995918721
202405,250.0,92.0,26.0,12.079045766899279,11.503248796668048,359.61,-4.061690423699117
202405,187.0,33.0,98.0,13.96235863860119,13.854175347389821,3510.869,-5.623970452537256
202311,25.0,4.0,11.0,12.410791499766166,12.238099273968599,1158.178,-6.097097427317138
202307,102.0,42.0,25.0,7.7142311448490855,7.714677473800927,175.998,-5.319485397273138
202401,25.0,4.0,11.0,12.691457376814212,12.558797799307623,1698.327,-6.097097427317138
202301,30.0,1.0,10.0,11.935254245351125,11.674448899126899,371.416,-6.276933343152721
202310,81.0,13.0,35.0,12.993167714760736,12.75051388009465,1071.038,10.271290411545868
202212,51.0,10.0,29.0,12.569604030265392,12.541236884237817,320.486,-5.319485397273138
202210,219.0,21.0,106.0,13.134817501841733,12.641594813605906,1481.552,-6.156574602244373
202403,191.0,52.0,102.0,12.053241927503251,12.042482554308169,708.753,-6.2918148135823255
202405,147.0,27.0,71.0,13.280059194371878,13.030662476310242,2218.026,-2.3049177278569215
202402,67.0,32.0,6.0,12.627197825459458,12.619218183481689,417.232,-6.100037851278107
202402,171.0,35.0,69.0,15.535728911687691,13.99549605496068,8120.207,-2.053654744498136
202311,45.0,17.0,2.0,10.045724689956613,10.033330902684877,115.795,-6.227889159480919
202307,86.0,4.0,22.0,11.628029359375043,11.18680743802819,1037.183,-5.595873445814275
202211,108.0,13.0,31.0,12.920949516974598,12.343178890748174,1090.288,10.132691126652565
202404,5.0,3.0,0.0,11.307191975165615,11.307204259347888,156.322,-6.27185124575107
202403,99.0,0.0,11.0,10.643971460585572,10.643995304455911,68.333,-6.2620518727231165
202207,767.0,476.0,132.0,13.530336005720976,13.52985177062336,2549.167,15.029874098172632
202404,123.0,26.0,28.0,12.411035932804953,12.001677244177657,229.635,0.061158201570327364
202404,326.0,105.0,53.0,12.891855274227066,12.888105793398537,926.301,-0.3320715124624112
202211,323.0,57.0,77.0,12.311198133571173,11.633016945228048,764.373,-6.2918148135823255
202404,340.0,16.0,41.0,14.275850140373661,12.108713367757833,1050.784,-6.092648948142966
202306,87.0,16.0,22.0,12.217620709229168,11.56681688131404,888.323,0.6118497937145797
202303,285.0,81.0,42.0,11.826940267698387,11.703653256824357,526.504,-4.23646438508353
202208,574.0,221.0,202.0,14.85083190250244,14.749706431772843,8027.053,29.324729285806562
202211,538.0,266.0,88.0,12.910362515108604,12.8395069759835,1203.343,10.293526005079686
202408,27.0,15.0,7.0,12.022161826527784,11.965426819079822,670.304,-5.265276550053281
202303,44.0,12.0,7.0,9.606091787896707,9.606159103032542,76.75,-5.943868808996254
202405,282.0,40.0,160.0,13.505881400509624,13.462399256701481,1168.953,-5.252164374661515
202207,17.0,3.0,3.0,12.85686019167399,11.673418844425905,1111.663,-6.143187697190844
202402,24.0,9.0,12.0,12.066689881257911,11.906540639121156,862.245,-6.2918148135823255
202212,431.0,7.0,31.0,10.91982269458584,10.770272864506444,193.483,-6.271039005393656
202211,334.0,43.0,64.0,12.232174021444914,11.684834667527982,660.418,-5.0525165420414595
202212,135.0,7.0,11.0,12.376005275511314,12.351475171599722,1064.842,-6.192231880862646
202309,109.0,19.0,14.0,10.555500189737518,10.551872695122077,202.548,-3.3540507564660946
202303,116.0,34.0,25.0,13.10241165899462,12.993051640923989,745.64,-5.255559743171732
202308,23.0,8.0,3.0,11.842826156208403,7.58629630715272,860.758,-5.298709589084469
202301,44.0,3.0,15.0,14.195536141279248,12.062456284417815,1143.519,-6.2918148135823255
202406,212.0,47.0,83.0,13.394933842500853,13.150381187101273,2038.972,21.099857853856975
202303,32.0,5.0,2.0,13.99860931266168,13.595422334379071,10178.539,-4.155379018659732
202402,144.0,12.0,15.0,12.204651636374727,11.75768959794289,304.07,-6.2918148135823255
202303,28.0,1.0,7.0,15.824553374336178,15.757659929868211,6310.137,-4.075621492561652
202401,3.0,0.0,0.0,13.648501563193634,12.92588123104361,1262.151,-6.227889159480919
202303,115.0,3.0,2.0,10.968301732454014,10.968318971901319,71.629,-6.271039005393656
202309,138.0,26.0,14.0,12.298665500385207,11.509208565851122,781.798,-3.084348714792381
202401,835.0,342.0,139.0,9.588434283288215,9.588502797556337,1656.762,4.945783181653843
202404,118.0,28.0,29.0,12.54565076817572,11.88671413021784,477.044,-3.3540507564660946
202401,74.0,21.0,33.0,13.087397121200851,12.965267364338448,879.331,-6.276933343152721
202307,413.0,217.0,120.0,15.523581849526757,15.21563139135196,10693.302,19.985939448890193
202310,236.0,29.0,55.0,11.396481532315075,10.97397467747839,537.767,-1.1951915652235252
202310,253.0,149.0,45.0,11.002266493983559,11.00228315773407,300.088,-2.9746752250798605
202211,215.0,35.0,80.0,11.505145277651266,0.6931471805599453,759.175,8.768923743844367
202408,333.0,76.0,76.0,13.601672327548831,13.373248157844262,3556.707,7.535137108019555
202303,17.0,8.0,1.0,11.902369586357548,11.902376360668008,254.608,-6.1171916303908676
202303,37.0,6.0,8.0,13.65768061795263,13.383793359412005,837.063,7.5408917111295555
202308,28.0,2.0,0.0,5.521460917862246,5.5254529391317835,5.81,-6.2918148135823255
202309,97.0,21.0,38.0,11.026532257344822,11.026548521606548,738.001,3.1528670613813254
202310,171.0,8.0,42.0,10.87891474063386,10.878933592018965,198.15,-6.2918148135823255
202211,285.0,89.0,102.0,13.837118417592722,13.46215011499337,1657.198,7.814416221925754
202406,36.0,11.0,5.0,11.47190553419522,10.93090812545872,452.643,-6.2918148135823255
202303,200.0,0.0,0.0,11.547520109734727,9.906831953786519,204.297,-6.20711335129225
202303,129.0,15.0,64.0,11.830214882174667,11.765806443348318,680.506,5.604401336667392
202303,461.0,58.0,158.0,14.383447627800578,14.268644566940422,2136.732,-6.2867327161806745
202311,88.0,39.0,21.0,11.023127208396314,11.023143528132588,296.923,-5.2860523582419505
202408,64.0,9.0,25.0,13.198950274483224,12.618946904631835,2272.815,0.8143433230633255
202212,242.0,21.0,49.0,13.391380844766948,12.891346411951497,1494.223,-6.2918148135823255
202309,106.0,2.0,3.0,12.410147540125887,8.13739583005665,725.945,-6.250263197204988
202312,9.0,3.0,3.0,12.536016475545802,12.519455358926354,970.797,-6.227889159480919
202207,7.0,1.0,1.0,12.23605854102043,10.750749697999847,1492.044,-6.2918148135823255
202407,74.0,5.0,16.0,13.915694297207267,12.14689042045922,3765.982,0.003126885227985987
202303,150.0,12.0,9.0,12.406225934433362,11.271617943028348,110.969,-6.2620518727231165
202311,64.0,18.0,29.0,12.551858518136736,12.482836581455922,1143.483,-6.1783150217409615
202403,220.0,30.0,79.0,13.791698282763209,13.468914649467205,1044.106,-5.319485397273138
202310,115.0,15.0,62.0,13.879712772557138,13.817573428782444,1905.217,4.752514633444225
202306,161.0,36.0,56.0,12.686521532637448,12.645620288935495,433.734,-5.2860523582419505
202407,175.0,4.0,11.0,11.656150967507326,11.1127762026843,291.922,-6.2918148135823255
202303,9.0,1.0,1.0,11.478892870226021,10.069764412161227,512.903,-6.276933343152721
202403,52.0,9.0,32.0,12.55974959998603,12.387385360280744,656.366,-6.232523868960818
202306,78.0,30.0,20.0,12.9949708178135,12.119937248394502,859.537,-4.347155980963951
202308,25.0,2.0,0.0,7.843064016692054,7.8434564043761155,14.151,-6.2918148135823255
202210,56.0,19.0,17.0,13.354043190940823,13.12583733621583,1799.974,-2.118476797860911
202407,64.0,9.0,25.0,13.38026693848028,12.80950023975529,1784.533,0.8143433230633255
202312,124.0,35.0,52.0,14.324293096051369,12.108123486681698,1692.478,9.747246737318589
202210,173.0,4.0,3.0,12.315720457584646,12.312160896324539,1090.117,-6.115648995918721
202311,303.0,72.0,99.0,14.332601712235526,14.157731240565134,3022.62,23.099900336261015
202312,456.0,130.0,74.0,11.566608401886413,11.524567433504155,653.323,0.5145814766351418
202402,62.0,34.0,5.0,11.462494956170863,11.429065480758405,300.882,-6.119471465041206
202402,188.0,0.0,1.0,13.433722913210467,12.704326575671775,3503.565,-6.19812621862171
202408,32.0,5.0,2.0,15.101112656822757,14.464422111685284,18883.697,-4.155379018659732
202311,152.0,34.0,30.0,11.97436124479481,11.974367548554056,442.341,4.951992948269529
202402,94.0,8.0,47.0,12.144888492205176,12.144893807664392,455.361,-5.567605070331143
202306,49.0,7.0,26.0,13.257339975216572,12.965000544131554,914.109,-5.191561980229505
202208,145.0,98.0,19.0,11.262744679587612,11.262757522080854,576.66,-3.906966588197433
202211,223.0,87.0,15.0,12.090925507840382,11.319522738165457,512.018,-6.1273558251941695
202210,23.0,5.0,14.0,11.885081949034651,11.61642925798489,492.189,-6.2918148135823255
202207,96.0,9.0,28.0,11.508937523692367,11.49040374428794,1390.745,-1.4301677320363888
202404,758.0,250.0,132.0,13.722194987603293,13.48286040785578,2369.38,22.619294298792227
202212,11.0,1.0,2.0,13.538720946678916,13.236122327277114,3882.481,-6.258381774551138
202212,369.0,37.0,177.0,14.77500559639858,14.084027394942542,4765.703,-3.33916928603649
202404,576.0,219.0,206.0,15.037240074599469,14.928609079331668,5080.463,28.385832908528563
202312,372.0,63.0,90.0,14.552650221729387,13.04813539805003,1834.23,-3.1128033205812407
202208,145.0,53.0,41.0,8.628197749459149,8.591743922680534,263.055,-2.8707115177868396
202212,285.0,51.0,96.0,13.541194757567814,12.994186765175906,1642.167,20.513508983094447
202208,651.0,99.0,167.0,12.557229392184993,12.482855537112954,2383.292,126.87017763930804
202306,1515.0,219.0,856.0,15.364363510295403,15.175605183854804,11339.758,-0.20718329967289417
202409,33.0,2.0,0.0,10.031660866259111,9.192583650386924,102.423,-6.256157534964052
202211,34.0,10.0,7.0,9.412055975876772,6.326149473155099,46.895,-6.2918148135823255
202310,715.0,290.0,151.0,12.064048145500756,12.064053908508585,2584.984,41.10302526225698
202210,17.0,1.0,7.0,11.74090530257589,11.154849540115867,777.802,-6.2918148135823255
202403,89.0,28.0,23.0,11.771412993830227,11.387634313823524,1449.715,-2.2878945839866356
202404,231.0,8.0,13.0,10.172712841637342,10.105080549819894,127.282,-6.2918148135823255
202306,183.0,44.0,25.0,11.20288871150165,10.9364584899508,330.809,-0.902336453018826
202211,187.0,45.0,19.0,12.442992861303734,11.560819990079475,688.215,-3.2950690385566825
202212,50.0,2.0,21.0,13.127329028128502,12.239947363512501,1032.083,-6.227889159480919
202407,32.0,12.0,12.0,13.440360276918467,13.299452937810585,4895.718,-6.161023081418544
202401,251.0,13.0,25.0,12.783006183292276,12.656052122944981,1050.234,4.48851022810881
202312,118.0,24.0,47.0,15.106050065427075,14.129045301585526,8449.17,-5.083558828893205
202301,33.0,3.0,9.0,12.133104024069878,11.907727254776738,150.262,-6.2918148135823255
202308,429.0,60.0,62.0,15.404697802747103,14.85339288593467,16204.739,11.565577511523747
202410,59.0,5.0,14.0,10.233726114401822,9.658928824466434,110.246,-6.256157534964052
202212,144.0,18.0,62.0,12.70132970568804,12.013124829494918,2190.476,-2.3817213401569073
202402,104.0,15.0,49.0,14.237476770904802,12.917850197935831,2014.229,-5.319485397273138
202308,227.0,69.0,33.0,11.264105066866035,11.16610183708187,438.498,-0.017648922960683322
202311,92.0,8.0,39.0,12.290331069954153,11.244156735629742,357.705,-6.2918148135823255
202402,27.0,2.0,10.0,13.786751965469493,13.743817974102537,3421.422,-6.077133859485882
202303,173.0,17.0,31.0,12.963435638912962,12.62824408909852,2358.009,-3.193496083443104
202303,88.0,18.0,13.0,9.563880407219427,9.527556974530281,178.215,-6.2918148135823255
202303,53.0,8.0,16.0,12.033182473078748,10.838030691127368,232.827,-6.237605966362469
202405,12.0,6.0,1.0,10.711390970394262,8.340694647925071,68.075,-5.319485397273138
202405,489.0,183.0,117.0,12.219862132038715,12.047522301358228,976.743,7.561896056581039
202303,77.0,29.0,28.0,11.824819546736247,11.77625849080609,640.952,-6.153716744429807
202312,29.0,5.0,15.0,12.44545562071943,12.445459556278585,770.799,0.734585796965245
202406,20.0,2.0,3.0,13.735038841613006,11.390916010575367,1367.18,-6.031766427099414
202301,561.0,126.0,98.0,12.684568240751581,12.629711604217203,816.267,3.1271340288944938
202402,120.0,1.0,15.0,11.448344276255742,11.448354943320647,80.976,-6.2918148135823255
202309,92.0,12.0,13.0,4.762173934797756,4.770684624465665,78.782,-6.2918148135823255
202405,74.0,11.0,21.0,11.707447294845501,11.707455527093687,156.819,-6.2918148135823255
202207,38.0,2.0,13.0,10.429664735806556,10.42969427834042,280.054,-6.163963505379513
202306,188.0,84.0,39.0,12.29011043913297,12.218830911628837,995.836,1.8099026961195293
202404,262.0,110.0,113.0,12.671591231991234,12.64030012230599,962.9,0.36590500164775364
202306,268.0,89.0,78.0,11.81294857261929,11.801017453394977,690.006,-2.7010878658506288
202207,61.0,10.0,11.0,12.56095298012041,11.374708827995418,725.794,-3.119074589653231
202210,35.0,11.0,18.0,10.430934277318356,10.228393152785875,142.503,-4.347155980963951
202408,178.0,50.0,56.0,12.47671409782987,12.188173405642342,1369.057,-0.25500235211586375
202312,17.0,5.0,5.0,13.132650285272465,12.297187674344608,702.652,-4.347155980963951
202310,29.0,8.0,10.0,10.330811994997186,10.33084460706039,97.6,-6.2918148135823255
202301,74.0,20.0,41.0,12.86281255150434,12.81011808399072,1229.756,-1.8933000040760009
202401,72.0,17.0,16.0,12.508925310420057,12.508929003952867,348.6,-4.347155980963951
202407,20.0,9.0,4.0,13.343131309167582,11.756961245826862,985.755,-6.2918148135823255
202404,14.0,5.0,2.0,10.857767470314318,0.6931471805599453,293.394,-4.155379018659732
202409,13.0,8.0,2.0,11.034308850226253,9.764742592858719,581.514,-6.227889159480919
202407,45.0,8.0,30.0,13.123105102258426,13.12310710077353,975.063,-1.4093919238477195
202211,62.0,33.0,5.0,11.271108648390397,11.257374934205817,236.224,-6.119471465041206
202402,466.0,134.0,190.0,15.889504161541824,15.773520917586449,9939.409,48.394478597619255
202207,960.0,261.0,191.0,13.323050254553738,13.185156000348224,2889.518,34.674785589346115
202406,154.0,61.0,19.0,11.16157915574956,11.161593365441991,409.648,6.4282251245351905
202208,311.0,76.0,121.0,13.853161770865379,13.712703446260821,4085.024,46.90986567628593
202303,205.0,70.0,41.0,13.095674373349986,13.035737380691634,1108.104,-6.235381726775383
202408,127.0,27.0,26.0,10.937827951184097,10.933267671089844,399.46,-6.201948687744196
202303,170.0,30.0,110.0,13.886600695317549,13.648850123083593,2238.072,-0.9899783392698707
202309,82.0,7.0,21.0,10.048669562380626,9.613803477413674,196.713,-6.271039005393656
202210,36.0,18.0,10.0,13.690263611498851,13.458276886537833,4084.202,-6.00779446309766
202405,406.0,33.0,172.0,13.920060645313775,13.872142277569607,2966.95,-6.165341007558852
202401,60.0,10.0,31.0,13.833344582165608,12.982657533455624,1125.278,-5.2860523582419505
202311,201.0,40.0,56.0,13.379823327666523,13.043432717842691,1013.759,-3.3748265646547635
202301,543.0,91.0,175.0,13.875757696778258,13.553952268611562,1591.786,26.550614201965203
202207,131.0,22.0,43.0,14.610883947370274,14.075884381278966,6972.195,9.46017323362986
202210,141.0,26.0,63.0,12.949297256614685,12.857845595782413,538.703,-6.276933343152721
202207,219.0,22.0,105.0,13.120635886150145,12.774393293143275,1858.381,-6.156574602244373
202210,3.0,1.0,1.0,11.576050487589292,11.439332744666855,524.929,-6.2918148135823255
202212,114.0,7.0,5.0,13.12183123584212,13.121833236904683,1536.092,-6.2918148135823255
202402,313.0,40.0,59.0,13.803951003004256,12.476202830868708,955.803,-3.3242878156068856
202310,338.0,115.0,55.0,11.672541184228544,11.656471542812776,603.814,0.910225478562376
202410,19.0,2.0,0.0,5.831882477283517,5.834810737062605,2.086,-6.2918148135823255
202408,8.0,2.0,1.0,12.723719948643096,0.6931471805599453,3192.885,-6.2918148135823255
202306,139.0,60.0,31.0,8.468002947225466,8.382289428951436,442.228,-2.9776156490408296
202303,83.0,37.0,25.0,14.266628851573168,13.195561793179888,2551.764,-6.204172927331281
202402,62.0,32.0,14.0,9.393245092030718,9.393328373313297,472.619,1.4868205168911732
202408,62.0,17.0,34.0,12.699374623148577,12.382116203531137,2349.673,-6.22494873551995
202401,98.0,19.0,44.0,13.384564551650255,13.264843361685044,1310.966,-5.319485397273138
202211,128.0,39.0,32.0,12.393787963141145,11.640095416465712,992.937,2.492582972231549
202303,155.0,38.0,40.0,13.733805803188675,13.163990807474269,1212.748,-4.347155980963951
202309,112.0,9.0,24.0,12.904943415059714,10.76766360014283,1091.78,-6.222724495932864
202210,293.0,91.0,32.0,12.380454432271678,12.292089778422906,473.786,-0.755002172457008
202208,550.0,70.0,96.0,12.994200406127863,12.895946976154873,3146.111,-5.007106295252184
202310,310.0,47.0,113.0,12.421458181111326,12.383716612773018,1329.866,11.029000819636481
202301,139.0,40.0,62.0,13.438797616174742,13.383066262545153,760.161,-6.0666380197974155
202311,37.0,6.0,8.0,13.463726491305398,13.146778878432105,917.424,7.5408917111295555
202408,58.0,5.0,18.0,12.113271814674631,11.844478479175171,931.062,-6.246220000726442
202401,476.0,85.0,129.0,16.157471159822435,15.699938994791795,18502.51,119.79033540351794
202303,166.0,7.0,2.0,12.312529559923185,8.797850648931053,1041.689,-6.2918148135823255
202208,224.0,87.0,15.0,10.218152296317795,10.118881150390276,417.355,-6.1273558251941695
202307,42.0,6.0,6.0,11.362265352684352,10.910112468091466,299.559,1.4868205168911732
202301,58.0,7.0,3.0,10.826972344990523,10.826992201428478,41.078,-6.275982941585651
202212,138.0,60.0,31.0,10.493466257606206,10.49349397417656,437.128,-2.9776156490408296
202408,50.0,6.0,22.0,14.198621666793022,13.346335385453472,7309.615,1.740348252305619
202207,203.0,83.0,40.0,11.191217695205982,11.046387822247667,416.47,-3.0700304059814294
202307,34.0,11.0,9.0,13.411326129435823,13.245207362601473,3102.593,-0.07645927210994241
202301,65.0,30.0,18.0,15.025395849041812,14.557960152423734,7457.235,-4.1061141076318695
202403,376.0,56.0,86.0,14.145199123141246,13.074233495200774,1051.263,-6.000710953668257
202311,17.0,7.0,9.0,10.39246626087211,10.392496923021222,239.315,-6.2918148135823255
202403,27.0,17.0,5.0,9.888779923663854,9.687505794249539,96.957,-5.787699766714401
202310,520.0,252.0,89.0,10.8608818392887,10.792222075639238,1033.416,3.9417094614925983
202301,553.0,70.0,96.0,13.291282183930974,13.142861840981654,3149.729,-5.007106295252184
202208,152.0,44.0,55.0,11.156007634394067,11.156021923476494,847.774,-4.3313241089672765
202312,72.0,11.0,42.0,12.98561538850487,12.977469388577795,1992.994,2.07103552411977
202308,158.0,29.0,19.0,12.400685026408361,10.12041180403642,281.835,-5.265276550053281
202303,211.0,40.0,16.0,12.164244937115864,11.938905365025771,376.025,1.3029192553388693
202210,248.0,59.0,69.0,12.75808243822335,12.39458334334994,1431.609,11.606667951434202
202212,101.0,9.0,27.0,13.48361324042374,11.999073076039268,731.57,-6.220500256345779
202407,318.0,36.0,92.0,12.89018412683392,12.49843997500367,1727.91,1.702606468749325
202303,199.0,21.0,79.0,14.73304052167338,14.368559689671606,2815.76,17.187116713874886
202211,1180.0,551.0,166.0,11.893086440214272,11.833681997151427,2052.868,16.90342445832139
202212,211.0,45.0,82.0,14.683206666549633,14.06656028454811,2195.618,23.01108364744416
202210,333.0,151.0,79.0,13.084553508542033,12.883197145784488,2096.078,6.824557668630288
202210,14.0,5.0,2.0,11.23651298477668,0.6931471805599453,274.007,-4.155379018659732
202312,125.0,46.0,15.0,13.23909341440773,12.790155236590804,581.423,-2.0396696733299002
202210,62.0,14.0,2.0,7.949444420250626,7.949797216161852,185.304,-6.271039005393656
202303,259.0,81.0,28.0,12.919194007297536,12.870840927488423,721.172,23.23707268158649
202307,9.0,1.0,1.0,11.354058681789262,10.07807091323496,838.631,-6.276933343152721
202301,572.0,131.0,274.0,14.726293348943116,14.552373621706566,4744.638,19.131526467754497
202301,73.0,12.0,6.0,12.434450474082814,11.756020652086143,556.143,-6.2918148135823255
202301,237.0,82.0,42.0,12.019453868898337,11.985276337284311,743.09,-5.914105868137046
202311,27.0,13.0,8.0,10.785041901601423,10.78506260832179,131.096,-6.2918148135823255
202403,63.0,10.0,32.0,14.1612483082609,13.992800309767576,3413.315,-6.097097427317138
202306,51.0,18.0,16.0,12.358506137548291,11.181973961021713,714.226,-6.2918148135823255
202301,283.0,76.0,57.0,12.461183746209326,12.461187620353867,457.835,-5.219902464553458
202309,303.0,25.0,27.0,9.687567846311238,9.646851848489673,130.392,-6.271039005393656
202407,85.0,9.0,25.0,12.883852348958998,11.700516447256959,1021.803,-4.216364248800169
202406,238.0,104.0,78.0,10.406623687817738,10.266079953738897,1043.328,-5.304603926843534
202210,110.0,21.0,37.0,13.19877982583232,12.721897751034426,2175.766,-6.2918148135823255
202312,171.0,25.0,81.0,14.66127924976893,13.31078296999335,2495.786,-6.2918148135823255
202308,311.0,67.0,58.0,11.38651154011457,11.321256355615763,467.655,-6.156574602244373
202306,180.0,14.0,46.0,12.569200723141556,12.350320164820298,1112.697,-5.972137184479387
202403,90.0,22.0,15.0,12.929710233088118,12.667936990487458,413.48,-2.3690641093143885
202308,2.0,0.0,0.0,9.588297240667746,0.6931471805599453,769.392,-6.2918148135823255
202409,135.0,48.0,42.0,11.489769421253023,10.005773346076879,950.676,-6.163963505379513
202409,153.0,22.0,7.0,12.661910791386275,12.32846725374378,2062.775,-6.1883410553346065
202308,51.0,3.0,1.0,11.45781436571553,10.196231790580173,906.342,-6.2918148135823255
202208,179.0,8.0,35.0,9.86308213790109,9.863134198186913,325.937,-4.604992460903505
202410,171.0,30.0,57.0,13.015167845800773,11.245202870258051,1038.136,-6.260874810590354
202308,371.0,43.0,48.0,10.68024031695087,10.66969930395308,412.465,-2.5849758745700377
202210,66.0,7.0,19.0,14.17232519214587,13.290902051826269,2134.427,6.412393252538516
202303,536.0,18.0,77.0,12.665672341060516,12.565793944613644,433.18,-6.204668384349104
202303,120.0,38.0,30.0,12.58564200089837,11.750326888031138,998.991,2.492582972231549
202403,110.0,22.0,33.0,12.808701397486884,12.808704134337342,521.905,-6.235381726775383
202303,333.0,21.0,36.0,14.796366185628186,13.220373545321712,3213.298,-3.77172637685948
202403,54.0,28.0,13.0,12.724536027222543,11.934145805022899,593.683,-3.2774678715221697
202211,13.0,0.0,1.0,14.564414531663749,13.023786467643122,4270.737,-4.2193046727611385
202311,489.0,184.0,116.0,12.894860337312666,12.692300202236224,1087.887,7.561896056581039
202303,702.0,216.0,112.0,11.085138057857572,10.628375618880137,1607.4,11.541046640105423
202406,540.0,19.0,78.0,12.454501804310242,12.385836768208856,578.171,-6.204668384349104
202403,61.0,4.0,26.0,14.202688130445008,13.76204754301348,2640.889,1.7541048009794729
202407,49.0,21.0,11.0,12.375486252023345,12.367676906846516,945.23,-6.163963505379513
202311,101.0,8.0,32.0,13.568533993248426,12.569225065252539,2832.922,-6.276933343152721
202401,74.0,19.0,42.0,12.829213047916314,12.745957917855021,1142.744,-0.9209705877668135
202210,261.0,92.0,79.0,12.074915574828337,11.824548648193415,557.151,-5.112826964539315
202310,70.0,26.0,18.0,12.233142917052836,9.822602823795664,451.138,-6.256157534964052
202308,21.0,4.0,3.0,8.382518288089635,8.382747094863314,32.481,-6.2918148135823255
202401,122.0,8.0,74.0,13.409649871625357,13.253314443848746,1326.161,-6.2918148135823255
202405,341.0,75.0,160.0,12.82560288720598,12.82367967501143,828.435,-6.039817603102448
202210,645.0,60.0,222.0,14.350438961867084,13.36640699282628,2553.691,32.537189771194676
202306,156.0,29.0,77.0,10.639742114130007,10.639766059056678,292.052,-4.021584014101947
202310,75.0,7.0,36.0,12.535969741786223,12.220281223897457,889.039,11.430209376366305
202410,36.0,0.0,0.0,12.34576502026817,0.6931471805599453,236.415,-6.2918148135823255
202404,258.0,86.0,78.0,14.415081953786848,14.305705831966339,2596.684,39.01954468446784
202312,231.0,8.0,13.0,10.052338499268483,9.971753493206217,153.786,-6.2918148135823255
202303,242.0,21.0,51.0,13.194881228843082,12.657625857831093,1024.05,-6.2918148135823255
202212,74.0,20.0,41.0,12.696748621795438,12.636376696985257,927.705,-1.8933000040760009
202404,174.0,4.0,3.0,12.74136939394526,12.70556832721692,1052.266,-6.115648995918721
202310,101.0,8.0,32.0,13.866103857412522,12.134034069160773,2456.624,-6.276933343152721
202303,61.0,8.0,23.0,12.815667006843245,12.544649808096706,883.933,-5.2809702608402995
202212,72.0,15.0,20.0,12.406054012550966,11.980062489427663,519.997,-6.222586334723208
202301,108.0,16.0,42.0,14.720410257673338,13.867349403511724,2976.019,-6.271039005393656
202308,192.0,24.0,9.0,8.597666575566114,8.597851094433691,135.059,-6.276933343152721
202311,172.0,8.0,31.0,13.143028377847912,12.339834011708751,978.291,-6.179574650020127
202301,249.0,59.0,70.0,13.935330628566582,13.140710043342196,2014.2,11.606667951434202
202409,14.0,4.0,3.0,8.056109659545061,6.51471269087253,580.766,-6.227889159480919
202301,53.0,8.0,16.0,12.458526424504505,11.096894736757282,278.149,-6.237605966362469
202403,181.0,31.0,90.0,12.064952531256976,12.064958289055193,700.566,-3.0338369711504742
202303,120.0,1.0,14.0,10.799228578120072,10.799248993157791,57.183,-6.2918148135823255
202310,371.0,65.0,156.0,14.799783624238058,14.662498798995781,4463.116,-3.261415272169434
202211,153.0,35.0,30.0,11.813607668349029,11.81361507145167,444.781,4.795823905987676
202403,33.0,8.0,6.0,10.250546409755898,10.250581747317963,142.963,-4.134603210471063
202310,34.0,11.0,9.0,13.221785093248368,12.975147926519226,2285.101,-0.07645927210994241
202306,1109.0,386.0,207.0,12.643562767940805,12.19407597234599,2228.022,56.34459515546639
202407,546.0,170.0,88.0,12.507938648748311,12.029687433722193,1222.763,36.01560806221079
202301,335.0,103.0,71.0,12.09959483926893,12.000124158105063,770.54,2.891360483269791
202406,775.0,75.0,194.0,12.705498538570291,12.705501572960552,807.507,-4.182696992575795
202301,215.0,63.0,55.0,11.801377241124099,11.801384735325462,873.094,4.163077995895872
202406,248.0,60.0,69.0,13.172242472282978,12.618404126055616,1495.53,12.599773175932059
202410,294.0,5.0,16.0,11.577795181256631,11.571288708267144,284.847,5.887642132130988
202406,286.0,88.0,105.0,13.132454292434485,12.955581255755868,2146.577,7.814416221925754
202403,522.0,56.0,37.0,11.682676678340282,11.58901575674377,317.225,-6.250263197204988
202301,28.0,3.0,6.0,13.825786578349106,13.13888808918107,4163.327,-5.828503362875808
202207,67.0,20.0,10.0,9.790990521308983,9.767667829393593,78.788,-6.271039005393656
202408,94.0,35.0,37.0,11.127924529994418,11.101009595366602,820.614,-1.8471271680558905
202406,150.0,11.0,9.0,10.723861920913743,9.800014144059851,90.236,-6.2620518727231165
202309,11.0,0.0,2.0,5.0369526024136295,5.043425116919247,13.405,-6.2918148135823255
202405,212.0,40.0,17.0,12.106119704771162,11.963383058997222,358.885,1.3029192553388693
202306,27.0,17.0,7.0,10.357933282865915,10.357965022348246,128.51,-4.347155980963951
202401,2.0,0.0,0.0,14.129116923201252,14.129117654007628,675.348,-6.163963505379513
202407,131.0,19.0,45.0,14.584656742977344,14.033544276290147,6858.34,9.46017323362986
202312,110.0,20.0,37.0,13.96209266829158,13.194899829652963,2028.873,-6.2918148135823255
202303,342.0,165.0,50.0,10.832556296769498,10.693602629038537,466.557,0.46426345494332466
202406,145.0,23.0,60.0,12.297393058607874,11.503137720899113,876.46,0.04627673114072284
202212,134.0,13.0,48.0,13.280662013980574,12.683374577257021,1292.4,5.476437299221486
202407,223.0,88.0,14.0,11.103286659090351,9.789926840312962,484.656,-5.155026408884982
202409,88.0,1.0,0.0,10.627745728121125,0.6931471805599453,148.124,-6.2918148135823255
202405,132.0,35.0,54.0,13.887427417096433,13.794391104032345,3729.716,5.881125920584308
202311,13.0,6.0,4.0,12.903971021265603,12.666477225965979,1002.277,-6.2918148135823255
202212,85.0,22.0,16.0,13.150904185937904,12.535865481682336,350.508,-6.2918148135823255
202211,74.0,26.0,20.0,10.51414946145713,10.488436862618087,129.424,-5.319485397273138
202210,38.0,3.0,3.0,14.001785124642662,13.54769254882994,5405.18,-5.969246119114326
202211,14.0,5.0,5.0,11.729479352059917,11.596586234940213,198.289,-6.258381774551138
202306,120.0,15.0,41.0,12.742981134549495,12.472865550614843,765.566,-5.319485397273138
202210,341.0,153.0,57.0,12.075758927775924,12.059687568540525,628.215,2.918688273380301
202401,109.0,36.0,23.0,12.081189463383483,12.081195128447881,267.076,-6.20711335129225
202303,17.0,3.0,7.0,11.737963221145137,11.737971205973961,167.771,-6.213007689051315
202309,66.0,12.0,17.0,13.713005960287646,12.833507282724737,3835.482,0.7820814129552689
202301,129.0,4.0,14.0,12.61969109132804,12.451423773068468,723.72,-6.276933343152721
202212,174.0,34.0,45.0,12.698097639832447,11.429337312963495,514.991,-6.258381774551138
202312,175.0,4.0,11.0,12.382271329067837,11.34702435174361,245.241,-6.2918148135823255
202211,237.0,63.0,126.0,13.093132281461209,13.084277220398748,1815.391,-5.262101908899125
202310,65.0,0.0,4.0,9.621257258762592,0.6931471805599453,358.0,-6.2918148135823255
202408,52.0,18.0,14.0,11.499151031548388,11.499161170194373,323.331,-5.319485397273138
202309,110.0,43.0,25.0,11.756545926005042,11.597909788875226,790.846,-6.256157534964052
202210,40.0,13.0,15.0,10.264234195844914,10.237707254104047,220.342,-6.2918148135823255
202401,172.0,17.0,32.0,13.815036445590763,13.3999132924735,2869.077,-3.290854776575698
202407,118.0,18.0,59.0,11.80593830360681,11.805856238857677,868.626,-6.2867327161806745
202208,82.0,9.0,23.0,10.84768523766329,10.545604561983295,260.497,-6.271039005393656
202407,88.0,26.0,9.0,8.071843149609158,8.07215530818825,97.883,1.0334876178795147
202210,176.0,28.0,80.0,10.986410741739597,10.986427671809942,1049.362,-1.32159766664617
202403,178.0,19.0,65.0,14.393448886811578,13.458594156305544,2108.255,-3.223259024302313
202402,163.0,5.0,5.0,9.544094632530348,8.841014310483892,160.618,-6.2620518727231165
202310,36.0,12.0,11.0,13.590442656274995,13.307861550074014,2259.451,-6.084935653492442
202301,49.0,20.0,11.0,13.115524042381537,13.109567862851952,911.167,-6.148131633382839
202406,50.0,6.0,22.0,13.57973632436224,13.32481430549345,5404.993,1.740348252305619
202306,279.0,105.0,54.0,11.413171425832921,11.080756974027514,505.513,-3.3020254496384642
202301,580.0,125.0,253.0,14.876732457413825,14.79217816332072,3792.637,35.35737684388795
202310,91.0,38.0,17.0,12.041811021952187,11.119201163065084,517.191,-6.023405607738274
202211,39.0,5.0,8.0,14.247114387015465,13.94493490320401,1995.728,-3.341393525623576
202303,181.0,122.0,26.0,13.61850613350965,13.583171103644629,1077.781,-5.999504516991357
202401,76.0,9.0,7.0,13.328212640906909,12.944737976389131,1392.566,-6.2425499025544635
202410,139.0,9.0,55.0,12.993406647891316,12.640251538759284,1038.562,-6.265956907992005
202212,879.0,409.0,166.0,12.880813972850719,12.870313535916264,2899.066,17.337771810540715
202303,35.0,10.0,12.0,12.939901010697124,12.45244432296359,1218.921,-5.160920746644047
202410,87.0,6.0,11.0,9.54852542660107,9.548596730390898,54.598,-6.256157534964052
202210,101.0,12.0,45.0,14.137119306776109,14.003633586961012,4337.353,11.540788461960071
202401,136.0,47.0,27.0,13.838475825894937,13.304693267496894,847.519,-2.3236900238145655
202309,284.0,24.0,41.0,11.463724716522606,10.747336615509566,599.936,-4.24298568795672
202301,1.0,0.0,0.0,15.223647865473797,15.223648110072238,7817.798,-6.227889159480919
202211,61.0,8.0,22.0,12.878200458866043,12.632418231217693,864.995,-5.2809702608402995
202403,528.0,188.0,98.0,13.173520262488553,12.915651582300292,1142.189,13.453410942262527
202408,1432.0,527.0,171.0,13.084811031751697,12.789014258769093,2803.881,55.775144670335195
202409,168.0,32.0,85.0,13.51563308971928,13.29239809249501,2819.428,14.40895620831085
202401,263.0,27.0,38.0,12.673497953761109,12.336276006395325,636.901,-4.2266590788459455
202402,136.0,60.0,34.0,12.111355289970827,12.111360786696153,457.273,-1.8983821014776519
202408,350.0,158.0,59.0,12.725238393571166,12.711271468502442,1939.82,20.607095087914622
202211,275.0,91.0,73.0,13.424672944517724,13.092951044435637,1093.751,-4.795373575023463
202401,172.0,48.0,29.0,10.92529078851728,10.819538255605675,648.375,-0.31870727886120864
202211,200.0,87.0,30.0,9.007734471879521,9.007856923358275,244.661,-5.265276550053281
202308,68.0,24.0,28.0,13.88422752472635,13.871977844141622,1662.688,-6.260151069588976
202403,17.0,1.0,1.0,9.142275641062053,8.148734808937169,78.776,-6.2918148135823255
202301,55.0,21.0,13.0,10.899660979282453,10.899679443604768,249.348,-5.030349741836326
202307,546.0,28.0,61.0,12.173642424709298,12.00979008587959,862.206,-6.224493790970703
202303,66.0,7.0,19.0,13.985979650996736,13.594580804390578,8799.89,-5.1708582808816566
202303,223.0,42.0,147.0,11.00551068432632,11.005527294104496,583.826,-6.250125035995331
202301,627.0,194.0,224.0,14.250683971700902,14.199668267175145,2404.907,25.408809831027632
202404,145.0,41.0,47.0,13.021616646299154,12.230911588877092,907.719,0.6267312641441842
202301,21.0,7.0,5.0,13.02845481487543,12.313639226036571,762.359,-6.227889159480919
202409,62.0,5.0,6.0,6.29156913955832,6.293419278846481,75.67,-6.276933343152721
202308,179.0,25.0,24.0,11.945207756437418,11.324147107832902,511.173,-5.298709589084469
202407,54.0,11.0,13.0,14.81116869262186,12.260593974204388,6341.692,-5.005702105929265
202211,88.0,35.0,31.0,12.894116827914216,12.7310762845479,789.291,-3.3748265646547635
202307,84.0,31.0,21.0,14.171086998769308,13.87792275758166,9153.946,0.6118497937145797
202307,490.0,138.0,90.0,11.169180848581908,9.368369236201092,1147.101,2.9391879974242396
202212,33.0,3.0,9.0,11.890498514381127,11.659956574985598,115.922,-6.2918148135823255
202303,17.0,7.0,5.0,11.579901637619734,11.351899538036314,664.216,-6.163963505379513
202308,78.0,4.0,3.0,7.754481547470383,0.6931471805599453,509.974,-4.292808972534438
202308,117.0,14.0,23.0,9.583695426166113,9.426016108442871,173.104,-6.220500256345779
202409,55.0,3.0,9.0,11.372962002291217,8.453827315794417,188.908,-6.2918148135823255
202308,17.0,1.0,1.0,14.432272791414057,13.790701338575595,6730.475,-6.212057287484245
202210,279.0,7.0,5.0,9.515100775962715,9.493336482437249,97.514,-6.276933343152721
202402,473.0,197.0,93.0,12.949378101587362,12.51548563199656,1708.057,11.213438237401467
202301,109.0,36.0,23.0,12.092187005152486,12.092192608256605,289.985,-6.20711335129225
202406,54.0,11.0,13.0,14.58735430979333,12.047018295674565,5219.991,-5.005702105929265
202210,214.0,43.0,130.0,12.686648318266313,12.616982901874234,927.889,-5.255559743171732
202401,171.0,68.0,27.0,7.795646536334594,7.796057974316123,274.461,2.372314607376355
202306,109.0,36.0,23.0,11.251508751434526,11.251521739037859,251.784,-6.20711335129225
202311,47.0,11.0,16.0,12.564945671914684,11.861375678350848,671.959,-6.178624248453057
202207,74.0,15.0,13.0,12.956141128488039,11.329218949563693,1811.382,-3.2135422174207635
202303,121.0,38.0,30.0,12.893380309251148,12.029478654868944,971.642,2.492582972231549
202303,143.0,19.0,32.0,12.210806423502685,12.174865735905463,420.652,-6.2168301581738
202307,125.0,46.0,15.0,12.149401759887862,11.872297767763477,674.502,-2.0396696733299002
202301,28.0,9.0,14.0,13.270983362525268,12.936351820927726,1205.665,-6.258381774551138
202309,29.0,1.0,3.0,6.26530121273771,6.267200548541362,28.603,-6.2918148135823255
202310,64.0,18.0,15.0,11.569740486524461,11.569749934167982,306.747,-5.266088790410695
202409,120.0,13.0,13.0,10.426765325491356,10.42222182037016,308.763,-6.2168301581738
202408,46.0,26.0,8.0,12.43037552456423,10.755559712083633,769.589,-2.402497148345576
202309,286.0,54.0,54.0,12.708461782003397,12.686339056811123,589.092,-4.347155980963951
202405,714.0,289.0,151.0,12.127446018074938,12.127451427061969,2490.439,41.323119958640234
202410,15.0,4.0,2.0,7.2640301428995295,7.264730177929867,15.705,-6.256157534964052
202409,100.0,17.0,12.0,8.612139668725192,8.504513138258863,123.064,-6.2918148135823255
202311,278.0,6.0,26.0,13.352812974450142,12.40478415030373,794.114,-6.227889159480919
202301,37.0,4.0,11.0,12.957849518180335,9.987966559114067,705.599,-6.226718030557788
202312,16.0,4.0,2.0,12.500945055436183,12.073951686348032,878.922,-1.4152862616067843
202303,213.0,32.0,101.0,14.109948011362802,13.603602402542458,2514.812,21.399456141431756
202402,52.0,9.0,32.0,12.61668117023074,12.450942462956556,881.811,-6.232523868960818
202212,34.0,7.0,12.0,11.107150308802131,11.107165313341005,66.619,-5.319485397273138
202407,627.0,193.0,224.0,13.907995842415286,13.886849342311343,1500.8,26.38113924733682
202403,17.0,8.0,1.0,12.257995991393601,12.258000738390534,282.395,-6.1171916303908676
202210,82.0,19.0,37.0,12.136036372746506,12.107500150156337,322.923,-6.2918148135823255
202407,943.0,145.0,202.0,14.077229999193325,13.876994104916527,4529.604,80.26622854550314
202401,79.0,19.0,15.0,13.523077216087007,13.155064809224175,2005.479,6.369243406625779
202406,264.0,28.0,38.0,11.639980933992414,11.479947624473022,573.854,-4.2266590788459455
202408,225.0,72.0,42.0,10.294752311243151,10.294786120726714,520.954,3.2252539310432358
202210,246.0,56.0,24.0,11.75943391858917,11.480412603789821,392.179,-6.256157534964052
202404,127.0,26.0,26.0,11.414816371859908,11.363763985027427,293.235,-6.201948687744196
202311,39.0,4.0,20.0,13.852345735681448,13.46256579111364,1993.717,-5.094275395937732
202407,158.0,38.0,64.0,12.815232055211165,12.680370167808258,1614.41,-6.276933343152721
202210,114.0,7.0,5.0,12.558724005701277,12.558727519806016,1311.096,-6.2918148135823255
202208,111.0,20.0,40.0,11.426430318347135,11.357872711730396,674.714,-6.140109112020218
202312,275.0,71.0,58.0,9.877143577196525,9.877194910581204,526.585,3.623549069218061
202405,32.0,12.0,9.0,8.074649075066652,8.074960359115858,70.991,-6.0717201171990665
202210,11.0,0.0,0.0,14.6387408175434,12.668614127076028,3903.254,-6.227889159480919
202410,59.0,9.0,14.0,12.381025452986695,11.509057995943738,927.716,-6.179574650020127
202312,132.0,36.0,53.0,14.30413044928848,14.233118970139122,4539.104,5.881125920584308
202212,47.0,18.0,8.0,12.49050694968745,11.741669305350728,699.607,-4.216292139959348
202401,220.0,30.0,79.0,13.94584296428389,13.549862608098149,1250.132,-5.319485397273138
202310,214.0,73.0,21.0,10.923327160038841,10.866967167212742,514.81,-3.1131802518941663
202208,697.0,200.0,131.0,11.190444886975753,10.222377552112102,1470.577,6.421539117667766
202311,650.0,99.0,168.0,13.337610231715132,13.21079174998135,2096.79,124.91063733626005
202401,84.0,13.0,18.0,11.218648359685256,11.218661781152893,164.904,-5.851625420815807
202303,25.0,13.0,11.0,12.804249588498893,12.793528700231207,973.417,-6.2918148135823255
202210,63.0,10.0,32.0,13.768307833146016,13.595401148981292,3283.817,-6.097097427317138
202402,150.0,12.0,9.0,12.690287317869872,11.709503250437383,119.853,-6.2620518727231165
202312,98.0,7.0,66.0,12.62476324335148,12.563414866789868,712.057,-6.271039005393656
202303,134.0,22.0,42.0,11.809691156155052,11.12798331289449,556.217,-6.19622541548757
202303,27.0,11.0,2.0,13.282360930903497,13.102856346415255,1890.904,-5.04596088647694
202406,37.0,9.0,15.0,12.988329001161896,12.89446353283914,1648.614,-3.5560801596503926
202405,43.0,0.0,0.0,13.88671804205214,0.6931471805599453,5849.019,-6.2918148135823255
202211,153.0,31.0,58.0,13.327598729859131,13.267924126328937,896.592,-5.234783934983064
202410,81.0,9.0,31.0,13.165775295176077,12.78146054015171,1582.956,7.1702567621769475
202211,522.0,35.0,129.0,14.99730523572848,13.999521520242158,8204.705,-2.090312086537102
202402,81.0,17.0,26.0,14.4794889352232,13.024494727504798,3772.421,-3.3109009105533573
202303,351.0,101.0,76.0,12.57291472850065,12.130535190614172,916.718,1.6220607282291262
202404,35.0,2.0,17.0,13.547718690672966,13.314320033853166,2569.825,-4.072852437360835
202207,459.0,193.0,56.0,12.294326167404991,12.234188659880832,632.704,15.6608680320287
202309,23.0,8.0,3.0,11.89238192823066,7.642044402873258,871.327,-5.298709589084469
202403,122.0,10.0,13.0,12.445081671953925,12.216032877324427,462.606,-6.2918148135823255
202303,124.0,36.0,51.0,13.85408105977597,11.68385740563671,1409.128,9.747246737318589
202310,132.0,27.0,28.0,9.827955489923692,9.82800941136017,113.353,-5.298709589084469
202301,1178.0,549.0,168.0,13.252145249353667,13.137385971069985,2497.082,16.90342445832139
202308,121.0,42.0,39.0,11.95346166279998,11.16833435934526,1406.237,2.64121008862303
202312,205.0,13.0,84.0,15.45052459501605,14.1826727183103,7272.264,1.1906070617284366
202211,4.0,0.0,0.0,12.341403043972903,12.341407411099791,680.162,-6.036112197176701
202311,416.0,110.0,41.0,8.595264726836392,8.595449689382004,244.697,-1.2226533802796187
202405,157.0,39.0,62.0,13.013362911825906,12.850218639657054,1163.776,-6.276933343152721
202408,31.0,4.0,11.0,12.80546393774876,12.33137401422468,2515.421,-2.3815831789472504
202207,91.0,33.0,13.0,10.83580910148281,10.835592576704641,277.851,-1.3662420779349826
202402,82.0,9.0,23.0,12.01693189076621,11.685701608920652,209.072,-6.271039005393656
202303,129.0,15.0,64.0,11.683444309645031,11.611856354813094,622.929,5.604401336667392
202309,194.0,43.0,48.0,12.341184663308333,12.33606089362492,679.315,-6.176634226059158
202404,74.0,26.0,20.0,10.488882470601844,10.488910314508901,134.277,-5.319485397273138
202207,345.0,64.0,60.0,13.056193659922421,12.92500208869866,1059.597,6.344672656934748
202210,41.0,6.0,28.0,12.9844337553046,12.949706169980676,1265.256,-5.2860523582419505
202210,544.0,26.0,58.0,12.187867940875327,12.10973243542673,653.425,-6.203717982782034
202312,325.0,36.0,95.0,13.542472733176222,12.685983287859193,1349.416,1.7233822769379934
202403,82.0,9.0,6.0,13.358028209272211,12.708262084574594,1026.598,-6.271039005393656
202407,62.0,14.0,24.0,11.68140161494213,11.681410064420586,359.641,-6.22494873551995
202403,70.0,18.0,45.0,12.879050281488016,12.681582960115435,1336.171,-6.2918148135823255
202409,24.0,3.0,2.0,3.6109179126442243,3.6375861597263857,25.69,-6.2918148135823255
202307,121.0,27.0,47.0,11.394175712193386,11.39418697301081,539.432,-6.276933343152721
202401,45.0,5.0,14.0,14.613285735956067,14.085305607178295,2544.634,-4.313722941932763
202303,104.0,18.0,25.0,12.529730990934247,11.960306369179534,262.69,0.7680188359964326
202309,2.0,0.0,0.0,8.826441041782578,0.6931471805599453,45.137,-6.2918148135823255
202303,41.0,2.0,6.0,14.376854565952472,11.64442729943421,3380.923,-5.319485397273138
202211,52.0,13.0,14.0,9.774005094757891,9.753536375772624,158.962,-6.258381774551138
202406,161.0,17.0,18.0,11.251041085339589,11.175128351086599,79.41,-6.276933343152721
202301,181.0,31.0,90.0,12.347237950557254,12.347242292276619,865.113,-3.0338369711504742
202303,103.0,14.0,44.0,13.064212942262152,12.865916371380852,1121.033,14.199091803569493
202406,299.0,37.0,112.0,14.507173637791327,14.151841356012095,6013.962,54.42601334803218
202210,89.0,9.0,31.0,12.441721676364667,11.655708924916691,250.531,-6.2263945941048435
202303,31.0,7.0,8.0,12.807159360240906,12.618824474222617,359.089,-6.1422507854609
202406,16.0,0.0,1.0,11.769070429623802,0.6931471805599453,1407.943,-6.227889159480919
202303,95.0,15.0,29.0,14.10233476255262,12.328002626267088,1789.097,15.483328385828434
202311,27.0,2.0,10.0,13.386920620151644,13.326679601662423,2376.872,-6.077133859485882
202408,1110.0,387.0,211.0,12.649802882160895,12.4428192543022,2882.683,56.28066950136499
202210,652.0,290.0,156.0,7.2909747781429814,7.198931240688173,1338.596,12.779100144912695
202301,211.0,45.0,82.0,15.004169806020641,14.44224706600437,2666.089,23.01108364744416
202408,187.0,72.0,55.0,12.605774511349226,12.50423090064983,1129.82,-5.319485397273138
202402,335.0,44.0,65.0,13.121370885046689,12.47766344508201,752.761,-5.0525165420414595
202312,13.0,6.0,4.0,13.130529940070723,12.688828987168538,1062.777,-6.2918148135823255
202409,33.0,4.0,5.0,9.57609397984812,8.02322468471667,52.673,-6.2918148135823255
202401,129.0,37.0,45.0,13.10071472725596,12.373157883554223,864.745,-3.1212988292403168
202210,8.0,1.0,2.0,13.448330629380393,12.738461111211112,3657.843,-6.227889159480919
202312,258.0,64.0,78.0,13.805480423926916,13.731245950601181,1474.637,-3.1532866614913364
202401,154.0,61.0,19.0,12.088577693373754,12.088583316737706,414.545,6.4282251245351905
202308,4.0,0.0,0.0,8.949494953477961,0.6931471805599453,3576.519,-6.2918148135823255
202301,52.0,18.0,14.0,12.471129435740856,12.471133271545407,288.602,-5.319485397273138
202207,35.0,11.0,18.0,10.922172404664506,8.837536046107568,182.053,-4.347155980963951
202407,62.0,32.0,14.0,7.60887062919126,7.6093665379542115,403.75,1.4868205168911732
202309,114.0,2.0,3.0,9.887358170606245,9.858490186605392,18.522,-6.2918148135823255
202210,279.0,26.0,27.0,12.482931356148118,12.461102385706706,682.948,-5.947218290822283
202404,106.0,26.0,46.0,11.744481531641881,11.744489464592583,680.832,6.4928026435630475
202406,93.0,11.0,27.0,11.860923876430064,11.589228882511946,836.334,-5.319485397273138
202303,90.0,10.0,44.0,12.956915456714398,12.610216881670922,782.147,-5.2860523582419505
202405,171.0,47.0,70.0,12.332991599087366,12.197102534104934,940.787,7.184917505250491
202303,583.0,281.0,96.0,12.090184688078246,11.967028344684287,1021.491,29.348991490363325
202401,7.0,1.0,0.0,12.536192606242423,10.51145803568848,1682.614,-6.227889159480919
202402,98.0,46.0,27.0,10.304074113193185,9.85214162518454,226.653,-4.387617461125155
202309,60.0,26.0,15.0,9.532133974056732,9.458449669308141,234.393,-5.219186280179575
202211,189.0,28.0,51.0,14.205560798464086,13.770458797248729,1263.373,15.642062528520556
202211,135.0,38.0,49.0,12.022113749026843,11.801624520119757,443.254,-5.319485397273138
202405,36.0,5.0,15.0,12.447676747487854,12.248389522157202,866.98,-4.313722941932763
202308,25.0,4.0,9.0,13.617021813647765,7.786136437783072,748.671,-6.2918148135823255
202306,223.0,42.0,49.0,11.666744661291471,11.46353562102882,543.069,1.238768548433999
202406,85.0,14.0,33.0,13.435591844212544,13.341614563283194,3165.902,2.969893848206155
202404,91.0,36.0,30.0,11.208178613891855,10.049188346707682,1516.845,-1.5729061905991797
202409,12.0,3.0,2.0,12.95596871164036,6.709304340258298,1504.81,-6.276933343152721
202210,371.0,75.0,71.0,11.554556731941181,11.526414083150783,488.211,8.973407295587013
202208,51.0,8.0,20.0,11.483795270863093,11.345441287830552,638.141,-6.194456120449732
202409,429.0,91.0,133.0,13.645472844887099,13.241581826805746,3479.451,-2.2967991505107714
202301,62.0,9.0,4.0,12.203168432382784,11.81437729763293,528.611,-6.2918148135823255
202212,376.0,251.0,54.0,11.734459722064848,11.609516642128806,407.141,-3.325561653626901
202405,57.0,7.0,37.0,13.660065373961244,13.623159271165122,1835.363,-2.113361492908764
202403,108.0,12.0,9.0,10.62975514642929,10.419091740755093,320.577,-3.3646623698514615
202303,15.0,9.0,0.0,14.149035598724305,0.6931471805599453,2299.712,-6.227889159480919
202207,112.0,10.0,13.0,10.814765742586738,10.284181711652371,365.589,-6.271039005393656
202303,176.0,21.0,63.0,13.859885274088846,13.089503352117202,1401.394,21.201818048918973
202402,100.0,22.0,21.0,12.218169186477407,12.092114161941861,436.246,-6.227889159480919
202311,49.0,22.0,21.0,13.509678092525164,13.474399578994522,2243.161,-6.1915156964887625
202207,303.0,57.0,62.0,10.388903056364905,10.38640740704841,613.404,3.2472853305529483
202303,584.0,122.0,170.0,13.434936579326067,12.848165976717533,1906.299,6.864439025423993
202406,399.0,132.0,52.0,10.816492893418754,10.812270168919962,637.64,-3.0119990896390876
202212,48.0,11.0,14.0,13.107357348017485,12.752585825116517,746.176,1.5507461709925794
202301,144.0,18.0,62.0,14.29826875084141,12.928698528036342,2769.052,-2.3817213401569073
202211,260.0,43.0,105.0,12.756194941102976,12.620580081622567,943.763,11.697191721435113
202406,124.0,35.0,52.0,13.371143485896907,11.650450123883434,1570.866,9.747246737318589
202208,411.0,157.0,65.0,11.363241461342312,10.96648993456911,1899.03,45.07803252203834
202409,1.0,0.0,0.0,12.18872300719506,0.6931471805599453,306.562,-6.2918148135823255
202402,495.0,16.0,11.0,12.900586391913555,12.659365550118595,1777.022,-1.5809287119617998
202310,17.0,8.0,1.0,11.382998995367153,11.383010382748795,280.306,-6.1171916303908676
202212,266.0,72.0,72.0,14.057806329027093,13.533284242435046,1493.86,-3.1532866614913364
202401,11.0,4.0,1.0,12.674324741737102,11.202861441625316,2150.14,-6.2918148135823255
202406,43.0,23.0,17.0,5.308267697401205,5.313205979041787,425.25,-6.2918148135823255
202308,77.0,13.0,30.0,13.434665864718337,12.697434064728553,7985.408,-5.078614892701211
202406,125.0,46.0,15.0,12.299348940209876,12.01080565704317,589.258,-2.0396696733299002
202210,333.0,115.0,74.0,13.191253043565794,13.171008769189983,1932.417,-2.7667429543260225
202404,191.0,48.0,51.0,13.489274749880245,13.221957097011147,1017.68,17.815260599823134
202301,36.0,12.0,11.0,14.062796326526685,13.634730612277059,3155.207,-6.084935653492442
202303,4.0,0.0,0.0,16.19029546802724,16.1467204248982,14874.076,-5.239727871175058
202401,96.0,9.0,28.0,13.690221673771836,12.692705981522455,1345.013,-1.4301677320363888
202403,461.0,58.0,158.0,14.321835870503271,14.195177742851271,2249.115,-6.2867327161806745
202407,172.0,36.0,69.0,15.486768800599943,13.783030753747216,11375.276,-2.053654744498136
202406,897.0,360.0,148.0,11.528296719594216,11.360543220538931,1478.145,56.309840697210454
202410,129.0,1.0,0.0,6.432940092739179,6.434546518787453,6.767,-6.2918148135823255
202210,115.0,3.0,2.0,10.074621763689507,10.074663898225085,79.295,-6.271039005393656
202403,365.0,74.0,70.0,12.35488912376673,12.354893432393679,515.113,8.973407295587013
202404,54.0,21.0,13.0,10.584334393133231,10.58435970222046,163.376,-5.030349741836326
202401,67.0,6.0,40.0,13.917745795022588,13.770522606215167,5395.738,-2.2077797620803885
202402,503.0,170.0,265.0,15.203639235696317,14.836806862511446,8021.8,-4.777110945824491
202306,66.0,7.0,20.0,14.126481819644004,13.672549704524515,2356.545,5.440063836229328
202211,248.0,59.0,69.0,13.106522571718495,12.716366127733954,1329.839,11.606667951434202
202301,131.0,12.0,24.0,15.163208830812138,11.320711135666592,970.095,-6.2918148135823255
202309,140.0,34.0,21.0,10.87210504458805,10.861668508170467,140.057,-6.235381726775383
202303,18.0,3.0,0.0,13.62626105829762,12.707986678765423,1730.461,-6.0682030417823185
202306,1434.0,530.0,168.0,13.317181525527566,13.0540031628906,1962.839,56.016015174907125
202312,6.0,1.0,0.0,12.70891549154029,12.496714084733357,2698.123,-6.163963505379513
202301,6.0,3.0,1.0,11.736764774188764,11.736772768592681,228.917,-6.27185124575107
202311,141.0,43.0,60.0,13.63797114845508,13.47338497123066,3933.175,11.284530493842547
202210,204.0,40.0,57.0,13.1474500586809,12.884514734255422,1009.801,-3.3748265646547635
202303,2.0,0.0,0.0,12.718950162722273,12.59090978584237,0.0,-6.227889159480919
202308,16.0,2.0,2.0,10.867062553383727,10.86708162952615,109.027,0.5144911005819859
202408,38.0,10.0,13.0,12.778672347881034,12.598793556907369,2425.759,-5.119603347459895
202303,14.0,0.0,6.0,13.087519312737271,12.72972959461133,402.37,-3.307960486592388
202210,98.0,2.0,16.0,11.370416753676897,11.370428285241672,180.472,-6.270900844183999
202404,207.0,13.0,85.0,15.37588216810632,14.142480648996584,5883.67,1.1906070617284366
202404,213.0,97.0,48.0,12.616289778196872,12.610160138495525,670.6,-0.9199376200533393
202207,837.0,349.0,377.0,14.293303769484838,13.896092812363987,9562.471,1.8852596003403246
202406,461.0,100.0,109.0,13.693068310015914,13.53529785353214,2534.639,46.19891702469078
202210,172.0,35.0,69.0,14.586282448272495,13.344474395839887,5953.797,-2.053654744498136
202406,331.0,116.0,132.0,12.786059526605428,12.76548841346293,1942.199,13.950469181849302
202301,56.0,20.0,16.0,14.178428573314378,13.760049643732764,2337.07,-2.118476797860911
202401,7.0,0.0,0.0,14.642504831310202,14.195213998913477,1700.299,-5.319485397273138
202408,263.0,43.0,106.0,11.866240771642504,11.802291119402195,1271.502,11.697191721435113
202303,456.0,190.0,57.0,12.569687452814556,12.484877935669285,528.269,16.63319744833789
202210,14.0,5.0,5.0,11.463010168076295,11.386205110190993,228.578,-6.258381774551138
202309,107.0,2.0,0.0,12.237401724566897,5.602118820879701,298.576,-6.235381726775383
202311,1091.0,199.0,165.0,13.731321014037979,13.603316837836315,3033.93,95.63263835039362
202301,71.0,14.0,11.0,10.836851700599572,10.773839052468839,262.709,-6.2918148135823255
202303,50.0,6.0,22.0,13.775412259845929,13.479808424737309,4627.978,1.740348252305619
202303,242.0,21.0,51.0,13.566778649250068,12.914694473728277,1134.327,-6.2918148135823255
202406,3.0,0.0,0.0,12.542830555628548,12.542834126030629,1085.872,-6.100037851278107
202309,55.0,21.0,6.0,12.052595072449067,12.052600901840274,661.873,-6.100037851278107
202309,223.0,4.0,15.0,10.456337647557351,10.327970666480054,273.53,-4.3263801727752815
202301,38.0,2.0,13.0,10.429369262456103,10.429398813720159,290.61,-6.163963505379513
202308,130.0,23.0,14.0,12.073175337545774,10.05440443785299,232.469,-2.3866652763489014
202303,205.0,16.0,13.0,10.24259916009427,10.010950855785657,236.904,-6.265956907992005
202212,87.0,15.0,30.0,14.56035557607315,12.988907410506643,3093.968,13.15293240647179
202408,25.0,4.0,11.0,13.071865556017904,12.858374393795202,3743.379,-5.319485397273138
202403,172.0,8.0,31.0,13.703959811187449,13.022249076266455,1110.619,-6.179574650020127
202403,13.0,5.0,0.0,12.40516937568583,11.675044314446664,710.221,-6.258381774551138
202312,18.0,6.0,3.0,13.181897522514161,12.960970872076103,979.221,-1.4301677320363888
202310,84.0,31.0,21.0,14.170375464773706,13.873019743609932,6769.801,0.6118497937145797
202207,241.0,83.0,44.0,11.385875877130749,11.383477153783312,624.454,-5.914105868137046
202410,172.0,55.0,36.0,13.545699837331457,13.542907556058434,1185.76,-5.1758022170736515
202410,2.0,0.0,0.0,11.457391613167433,0.6931471805599453,291.962,-6.2918148135823255
202307,333.0,113.0,74.0,13.83684828090779,13.826506876235284,2508.69,-2.6820414920359474
202405,225.0,73.0,40.0,10.429398813720159,10.429428364110965,315.393,3.289179585144643
202303,716.0,290.0,152.0,12.24924707091397,12.23877214169319,2603.398,41.039099608155574
202211,683.0,215.0,207.0,14.389495752552714,13.991368772288471,3645.901,12.144702312735939
202208,333.0,131.0,71.0,9.487669032348473,9.46583494017472,1126.9,6.991631116024623
202212,14.0,0.0,6.0,13.145861130092374,12.722974769914762,486.477,-3.307960486592388
202409,163.0,10.0,5.0,8.796187635470453,8.787372988731876,60.111,-6.2867327161806745
202301,367.0,74.0,205.0,14.681239517297202,14.133923560980703,4055.545,23.870881954500845
202404,1109.0,387.0,210.0,13.105979898153805,12.630617897784187,2452.403,55.37226573915721
202408,38.0,2.0,15.0,10.210972252284089,10.211009016314167,286.697,-6.163963505379513
202405,174.0,39.0,36.0,12.592341342555974,11.907086926907,778.586,-5.255559743171732
202301,27.0,17.0,5.0,10.527873977525282,10.347724555144831,141.665,-5.787699766714401
202310,43.0,15.0,8.0,9.037771106624906,9.03788993497749,369.478,-6.20711335129225
202301,333.0,21.0,36.0,15.065890689757849,13.361019582910961,4189.245,-3.77172637685948
202312,200.0,0.0,0.0,11.08765042953924,8.98882050177807,208.136,-6.20711335129225
202308,68.0,0.0,0.0,4.0943445622221,4.110873864173311,0.393,-6.271039005393656
202306,17.0,3.0,3.0,12.85551869081902,11.484834584803703,957.075,-6.143187697190844
202307,63.0,17.0,29.0,12.601985610164718,12.516354899061145,1550.175,-6.1783150217409615
202406,76.0,18.0,27.0,12.278695587000026,12.044112383478089,511.758,-6.213007689051315
202409,3.0,0.0,2.0,7.9211727215870145,7.9215356321335495,126.166,-6.227889159480919
202303,82.0,9.0,6.0,12.743501251090699,12.334980239856073,825.765,-6.271039005393656
202309,397.0,75.0,35.0,10.787647577655898,10.753275168052005,284.904,2.5846733376567634
202404,49.0,2.0,3.0,14.543569662934752,12.88366192717417,7207.331,-2.402497148345576
202303,81.0,12.0,35.0,13.69171900728072,13.41402651489033,1065.267,10.271290411545868
202301,50.0,9.0,29.0,12.65914308919135,12.628430923807707,329.683,-5.319485397273138
202405,1088.0,196.0,167.0,13.806617128394127,13.668647260547583,2902.573,95.63263835039362
202404,103.0,44.0,12.0,11.949081420399189,11.86670421899686,349.383,-6.227889159480919
202210,216.0,39.0,80.0,13.177512329182612,13.04300193761512,1620.289,4.864773966773923
202311,122.0,8.0,74.0,13.046054523547834,12.91051578583197,913.063,-6.2918148135823255
202312,412.0,176.0,152.0,14.253920315618831,13.30485325336515,2303.175,7.651948412724895
202408,106.0,20.0,45.0,11.132572393676918,11.111686414487977,535.616,-6.250263197204988
202409,201.0,24.0,15.0,10.130822308468806,8.66319648553608,203.243,-6.250263197204988
202309,67.0,11.0,13.0,11.159402690578014,8.318498320504338,136.755,-6.271039005393656
202208,162.0,7.0,2.0,12.481816237067576,0.6931471805599453,818.881,-6.2918148135823255
202406,952.0,254.0,196.0,13.591394033465132,13.510169479018666,2295.876,35.13791786138572
202409,153.0,10.0,49.0,13.223942954313134,11.795522128622123,5654.249,-6.271039005393656
202402,195.0,1.0,3.0,11.733658112389783,11.359529500273846,123.15,-6.208711580827649
202401,21.0,4.0,9.0,12.606846768150215,12.303467015536775,577.584,-5.304603926843534
202207,907.0,396.0,171.0,11.629917076421966,11.04156091008515,2194.065,21.00997528848415
202211,97.0,18.0,28.0,15.080067136213557,12.417410786394555,9189.573,-6.2918148135823255
202210,313.0,43.0,58.0,13.194817983501359,11.52297480082323,876.099,-3.345063623795555
202312,356.0,49.0,37.0,14.834733619838143,14.735421130303498,2671.703,-6.057721343735703
202303,14.0,5.0,2.0,11.576491638531076,11.424148894579382,414.406,-3.296019440123753
202301,37.0,5.0,9.0,14.31172881168415,12.346790652469053,869.206,0.5303229725786602
202303,176.0,29.0,79.0,11.195223950865525,11.195237690432041,865.706,-1.32159766664617
202404,348.0,43.0,113.0,12.328361072208649,12.328365496664386,527.141,-2.1624388841310616
202403,54.0,8.0,19.0,12.545750453100238,12.545754013092335,390.999,-2.279280549622662
202405,344.0,156.0,60.0,11.9938257593318,11.98107738085249,548.202,2.918688273380301
202312,350.0,159.0,59.0,13.598170135877014,13.565558344304735,1598.709,20.607095087914622
202311,488.0,138.0,93.0,12.02997965090724,11.910412163376787,639.887,38.44912294820756
202309,63.0,14.0,20.0,11.68400911233738,11.684017539812634,549.205,-6.203629483425998
202310,264.0,19.0,58.0,11.241326693386615,11.241339813905139,871.144,-6.250263197204988
202301,904.0,19.0,73.0,12.844731960805998,12.778824631715835,763.682,-5.184245185935185
202311,212.0,40.0,17.0,11.996591585872558,11.809200511840029,364.474,1.3029192553388693
202301,204.0,59.0,40.0,13.860763043349275,12.963065138263866,1158.572,2.899339325966878
202212,23.0,7.0,11.0,13.729558256319951,13.702347458947104,2368.857,-6.173680312261062
202401,62.0,17.0,34.0,13.501923838705313,12.925333379884716,2126.416,-6.22494873551995
202402,231.0,8.0,13.0,10.435144685882051,10.381087258403491,191.605,-6.2918148135823255
202208,217.0,100.0,57.0,10.25888668297081,10.258921727038727,505.083,-4.971539392687067
202303,324.0,45.0,78.0,11.765495770973137,11.584287527705875,1148.789,-6.194456120449732
202211,878.0,408.0,166.0,12.68832902727836,12.678554451557693,2319.997,17.273846156439312
202303,88.0,36.0,17.0,13.26543288722077,11.304411872012016,601.15,-6.023405607738274
202301,384.0,110.0,84.0,9.805874723669127,9.805929848941323,2248.445,16.72996915564749
202402,41.0,8.0,21.0,13.490458858042489,13.113435643520612,967.188,-3.3748265646547635
202406,51.0,5.0,12.0,11.953744846819994,11.603679828238693,727.486,-6.2918148135823255
202210,49.0,7.0,25.0,12.383251836328398,11.818658631679384,1076.634,-5.109886540578346
202307,70.0,18.0,45.0,12.343667023041714,12.080968500835736,1521.91,-6.2918148135823255
202303,82.0,11.0,32.0,13.032742781179046,12.637897268857195,540.342,-5.319485397273138
202303,95.0,14.0,57.0,12.995113926288834,12.991354514809748,527.349,-6.271039005393656
202309,367.0,64.0,110.0,13.533361152047725,12.913839929632163,3009.688,-5.142369178042463
202306,104.0,16.0,31.0,12.166921129982683,12.166000369900464,550.791,-4.211915769625998
202307,290.0,112.0,77.0,14.083335271622134,12.611974324993861,2336.807,-2.1674488726918915
202406,382.0,78.0,102.0,13.157937063616838,12.898266872173734,1991.497,29.211850475891232
202405,4.0,0.0,1.0,11.696288146272593,10.932946242515648,1766.073,-6.227889159480919
202409,31.0,4.0,1.0,8.534640105019959,4.77912349311153,72.518,-6.2918148135823255
202407,300.0,59.0,60.0,10.73241048027168,10.731143772668043,463.761,3.2472853305529483
202211,34.0,7.0,12.0,10.560074477784271,10.560100408368099,64.943,-5.319485397273138
202409,349.0,49.0,57.0,12.097072179951752,11.872004516724523,987.915,11.685961351367835
202403,388.0,75.0,82.0,14.660285094588977,13.819133985415041,2111.501,-1.0280128802304604
202212,225.0,77.0,39.0,10.731318586382624,10.731340435948365,380.698,2.7850645382767176
202207,381.0,6.0,20.0,10.995008087390481,10.921215112463774,705.78,-5.772818296284798
202306,96.0,17.0,27.0,14.692640414894807,12.128467797194658,10465.464,-6.2918148135823255
202210,544.0,26.0,58.0,12.187867940875327,12.10973243542673,653.425,-6.203717982782034
202409,20.0,3.0,5.0,10.979121175633827,9.889185767825268,96.798,-5.319485397273138
202301,265.0,117.0,70.0,14.491934176038987,13.418668167146995,1937.406,-1.9906254896580986
202409,285.0,37.0,13.0,10.60888439864999,10.080293928641973,563.32,-6.079262043089438
202210,539.0,179.0,87.0,13.0984148878857,12.789742514712081,1170.638,-2.8411015996828617
202303,249.0,80.0,43.0,10.9714000549546,10.91942450453533,245.327,-3.831843771579251
202308,33.0,7.0,6.0,12.102632506989524,11.754710185034972,559.926,-6.2918148135823255
202402,218.0,66.0,83.0,14.045315870391962,13.909319611642331,1787.554,-2.134087942501525
202403,307.0,179.0,93.0,13.012101983146792,12.918468378346443,1787.231,-3.4172609968953265
202407,319.0,72.0,103.0,13.866857450915395,12.727434567051052,4130.875,24.90548162687338
202409,8.0,2.0,2.0,11.406731268563824,11.228238901498246,545.585,-5.271170887812346
202212,66.0,7.0,19.0,15.146667403030493,13.93716165855808,2616.247,6.412393252538516
202401,260.0,82.0,29.0,13.215451089355554,13.063797385155235,943.772,23.989307401512413
202303,135.0,1.0,2.0,9.66128859468676,7.922261058353247,23.914,-6.2918148135823255
202410,122.0,16.0,7.0,10.384925559407527,10.041900759689755,354.266,-6.2918148135823255
202306,82.0,9.0,23.0,10.90766094838581,10.497145834595331,184.0,-6.271039005393656
202303,131.0,12.0,24.0,14.39442408385594,10.52021254675162,782.491,-6.2918148135823255
202408,321.0,57.0,77.0,11.755950071877587,11.275277227453136,1048.221,-6.2918148135823255
202307,90.0,35.0,30.0,10.406986400915658,9.9572652582166,1735.659,-0.63400981332118
202208,6.0,3.0,1.0,10.531135750863378,10.531162442798411,197.501,-6.243500304121533
202303,162.0,8.0,41.0,13.808883648423473,13.63800817029857,1455.331,-0.3631993191995164
202303,94.0,47.0,17.0,12.304740817326875,12.244644109505273,557.403,-6.177278301592221
202301,363.0,63.0,129.0,12.867971647655853,12.782843300834076,1010.319,-3.771586642210416
202401,90.0,9.0,31.0,13.518576484103884,12.350116710864041,289.53,-6.192961555073656
202301,170.0,35.0,67.0,15.875763291422452,14.181364743464016,7436.358,-2.053654744498136
202407,297.0,31.0,113.0,13.920459588973904,13.78987680263798,2990.421,13.384995358681413
202207,411.0,217.0,118.0,15.417278531473993,15.059422182927198,8565.52,18.105206270373223
202409,14.0,2.0,5.0,10.751991827769352,10.60569357758442,109.547,-6.271039005393656
202303,369.0,36.0,178.0,14.86697044060464,14.086906986277869,4018.388,-3.33916928603649
202306,81.0,26.0,35.0,13.319824746665772,13.29282825408214,1901.019,-6.213007689051315
202405,62.0,32.0,14.0,8.064636475774222,8.064950891749143,312.306,1.4868205168911732
202301,64.0,0.0,4.0,10.444677479283538,0.6931471805599453,711.489,-6.2918148135823255
202211,230.0,19.0,31.0,12.235859577088053,11.682820126756056,323.253,-6.271039005393656
202309,15.0,2.0,1.0,12.463374115655203,9.379238908437996,1050.75,-6.2918148135823255
202306,332.0,118.0,130.0,12.937945224287505,12.714154508625102,2109.995,13.042065419641522
202402,85.0,31.0,21.0,14.644901761139002,14.374373491147091,8325.719,0.6118497937145797
202404,62.0,24.0,21.0,13.62707152752634,13.293416685272483,1994.595,-3.9962695524169103
202402,83.0,9.0,15.0,12.914408886055845,12.302541245016346,2657.637,-2.1616266437736487
202407,72.0,24.0,5.0,10.718033446526634,10.63532646020706,285.543,-4.283230326862545
202309,51.0,12.0,10.0,11.610487652554982,10.500976992899632,315.661,-1.4301677320363888
202208,114.0,2.0,4.0,13.177387403948309,9.401126007182267,1070.479,-6.20711335129225
202404,171.0,68.0,27.0,8.476162841858246,8.476371196895983,189.996,2.372314607376355
202307,259.0,82.0,28.0,12.637644000722817,12.521915699066353,932.134,23.016977985203226
202207,34.0,15.0,9.0,8.703838719690246,8.704004653483045,90.413,-6.194456120449732
202303,14.0,9.0,0.0,10.167849819666293,10.16788820369854,2284.54,-6.227889159480919
202303,84.0,7.0,10.0,13.096602394309379,12.355931270510894,1288.691,-6.2867327161806745
202408,264.0,19.0,58.0,11.313095527083465,11.313107738959514,1178.19,-6.250263197204988
202212,143.0,11.0,14.0,11.969337140696497,11.575017245277213,212.667,-6.2918148135823255
202406,34.0,10.0,7.0,8.86120833720818,8.861350110795998,27.238,-6.2918148135823255
202402,17.0,8.0,1.0,12.470411881533769,12.4704157200917,328.459,-6.1171916303908676
202410,551.0,82.0,43.0,9.508368736482108,8.988321188323683,446.963,-5.703727978635336
202301,294.0,20.0,8.0,11.50093385211785,11.157692338256169,218.674,-6.2918148135823255
202306,45.0,14.0,16.0,12.20426601455477,11.834378330549164,637.083,-4.283230326862545
202211,411.0,218.0,118.0,15.178354852963098,14.891697944175997,6190.737,19.013610032581006
202301,145.0,98.0,19.0,12.111685040023279,12.086877989005703,503.846,-3.906966588197433
202406,536.0,160.0,190.0,12.987461903790193,12.983135792234926,1864.873,-4.053854132642224
202409,111.0,11.0,44.0,12.580002365904772,11.91720987633023,1228.305,-4.305604364586613
202407,106.0,30.0,39.0,13.545278019657854,13.232015670197226,2687.765,-4.150296921258081
202301,285.0,81.0,42.0,12.599886810897477,12.50345130377328,665.692,-4.23646438508353
202404,39.0,7.0,9.0,13.412879928922136,13.058618141532781,3078.953,-6.213007689051315
202308,10.0,0.0,0.0,11.36458785645726,0.6931471805599453,240.314,-6.2918148135823255
202407,63.0,15.0,2.0,7.9483852851118995,7.94873845481361,260.722,-6.271039005393656
202308,389.0,180.0,86.0,13.812117809095158,12.861699666176197,3253.171,5.2470000510566415
202303,474.0,198.0,93.0,11.990208782868862,11.408164769384369,1213.987,10.461203517475537
202207,473.0,182.0,89.0,10.923867992934664,10.91942450453533,1096.775,11.848983662786301
202307,324.0,22.0,21.0,10.762721041922928,10.762742216027,221.588,-6.2918148135823255
202303,147.0,54.0,42.0,9.396404915048972,9.192583650386924,235.096,-2.8707115177868396
202210,37.0,4.0,11.0,12.240812179334071,10.021403912637746,460.883,-6.226718030557788
202303,125.0,45.0,15.0,12.626423082054446,12.30521637696762,541.442,-2.0396696733299002
202401,15.0,1.0,6.0,12.267012511769511,11.54241630373726,1038.835,-6.2918148135823255
202308,114.0,5.0,6.0,12.159311172175283,6.539585955617669,521.676,-5.255559743171732
202407,43.0,16.0,20.0,12.504724331170541,12.417074787330572,1026.052,-6.258381774551138
202306,62.0,17.0,34.0,12.728001400765827,12.540861322903345,1602.348,-6.22494873551995
202306,95.0,21.0,24.0,11.732293899489424,11.701079976956628,257.611,-3.886190780008764
202309,92.0,9.0,35.0,12.126731774844764,11.896594760707936,746.839,-6.243500304121533
202402,59.0,12.0,17.0,13.246056027949425,13.002955772850203,371.173,3.431479349509548
202410,50.0,12.0,12.0,12.304545999039618,11.108799459863294,515.391,-6.2918148135823255
202210,133.0,36.0,26.0,11.96627238831588,10.716615352295944,318.246,2.899339325966878
202311,25.0,1.0,7.0,11.060384472475045,10.192306478524971,481.596,-6.276933343152721
202312,234.0,81.0,50.0,13.386983556919402,13.158328797836937,695.438,-5.298709589084469
202210,160.0,38.0,58.0,14.058274759233479,12.346803683397964,1978.256,18.955822115047056
202312,100.0,22.0,21.0,11.969470177969303,11.902640522987127,409.96,-6.227889159480919
202212,206.0,51.0,52.0,11.423831921776275,11.230986867145512,452.481,-2.620853880544372
202301,143.0,62.0,68.0,12.1488036373396,12.148808932028762,1040.051,-5.954397856235217
202210,958.0,260.0,192.0,13.266676685712559,13.034069724104256,2438.167,34.39076523886145
202403,45.0,5.0,14.0,14.413693548858403,13.934455584913874,2113.573,-4.313722941932763
202208,114.0,7.0,5.0,12.590337950746749,12.590341355494669,2013.625,-6.2918148135823255
202405,65.0,19.0,23.0,14.489310787391885,14.16106428983589,7747.337,-5.158201050039138
202403,202.0,22.0,78.0,15.111619236586135,14.67828236267191,3190.497,15.263233689445178
202404,147.0,66.0,20.0,11.888872503340602,11.887587663923348,116.831,-2.635735350973976
202408,21.0,7.0,5.0,12.755283056237387,12.652148525852732,1083.271,-6.227889159480919
202309,90.0,2.0,1.0,10.876876696450159,6.7912214627261855,105.318,-6.2918148135823255
202208,66.0,6.0,40.0,13.635224128892352,13.021640977925959,7290.443,-2.2717054161817947
202207,263.0,92.0,80.0,14.095533373048566,14.011260712852591,3541.513,38.79944998808458
202405,7.0,2.0,2.0,14.111761066297975,14.022290553590603,2482.613,-6.227889159480919
202207,111.0,20.0,40.0,11.65139091508848,11.576247621636389,550.341,-6.140109112020218
202307,66.0,7.0,19.0,14.067108612686065,13.428002257026913,12188.078,-5.1708582808816566
202402,108.0,12.0,9.0,10.687754326463557,10.414243173852004,356.344,-3.3646623698514615
202308,113.0,6.0,7.0,12.624588882605234,9.780189336191635,770.76,-6.2918148135823255
202210,69.0,21.0,33.0,12.792625215917479,12.44261799028457,1024.699,-4.165095825541282
202307,183.0,35.0,95.0,11.401155564127219,10.695891659693414,2076.477,16.884190246438756
202405,51.0,7.0,26.0,13.198188588544538,12.656402764143815,855.666,-5.191561980229505
202208,448.0,217.0,63.0,9.77286620732769,9.772923182515012,1385.893,20.464986094089753
202402,483.0,121.0,83.0,12.313324870776615,10.227308671603781,2638.81,81.60180558106921
202308,5.0,1.0,0.0,11.480970293728678,11.480980618387576,746.613,-6.243500304121533
202404,6.0,1.0,0.0,15.502002655344631,15.33274874810161,7571.113,-6.163963505379513
202308,125.0,0.0,10.0,9.01517670716893,9.015298250772847,69.294,-6.250263197204988
202401,239.0,68.0,124.0,13.781086800997624,13.659454230209512,2814.485,-5.262101908899125
202210,183.0,34.0,95.0,11.714559332796556,11.02566987271667,1744.492,17.104284942822012
202409,1.0,0.0,0.0,7.346655163176539,0.6931471805599453,274.851,-6.2918148135823255
202310,22.0,7.0,11.0,10.91570645503712,10.841794146967922,200.407,-3.3748265646547635
202312,60.0,5.0,14.0,11.362323481066714,10.915851809156347,282.379,-6.2918148135823255
202401,36.0,12.0,11.0,14.010384667454431,13.603931133643382,3314.495,-6.084935653492442
202404,50.0,27.0,13.0,11.287892630083212,11.086548214281377,324.787,-6.276933343152721
202306,253.0,149.0,45.0,10.892861445910619,10.892880036208343,318.058,-2.9746752250798605
202303,156.0,73.0,35.0,12.647393838413587,12.573687034947277,691.868,-1.2478148192094247
202312,67.0,5.0,16.0,14.126703081113687,13.672078890376623,2105.439,13.636451673312243
202410,191.0,31.0,41.0,11.35994909537074,10.963549569921238,923.96,-6.015287030392124
202309,33.0,3.0,1.0,10.445608334282829,7.326465613840322,198.317,-6.243500304121533
202306,44.0,11.0,21.0,12.296274344692435,12.296278913416323,2891.71,-5.0637827808675135
202401,80.0,30.0,20.0,14.16511546800914,12.836671323551412,1038.769,-4.347155980963951
202401,110.0,20.0,37.0,14.209755622808858,13.428173145825863,2473.639,-6.2918148135823255
202402,478.0,61.0,60.0,12.919955841173769,12.919958289864514,876.022,-4.718011657272621
202311,95.0,47.0,17.0,12.325068279025874,12.32507271807441,569.202,-6.177278301592221
202403,81.0,25.0,36.0,13.474510687058478,13.411920690492815,1684.185,-6.213007689051315
202309,557.0,83.0,42.0,9.51708950714519,8.68490859582083,632.527,-5.703727978635336
202403,4.0,0.0,0.0,13.539033474497424,11.535117392476725,4633.69,-6.275982941585651
202303,332.0,118.0,130.0,13.537076259399278,13.304273182773633,2138.712,13.042065419641522
202410,513.0,143.0,98.0,11.841091874942556,11.50887728212366,992.82,10.860467382708991
202306,242.0,93.0,71.0,14.063543385456134,13.946748447520179,2062.945,2.894436407232133
202310,191.0,52.0,102.0,11.278506079711642,11.277772589530288,705.017,-6.2918148135823255
202208,80.0,18.0,30.0,13.396730700689462,13.050620298991428,2695.86,-5.20629483214387
202210,64.0,18.0,15.0,11.981528113300335,11.855273263762914,336.954,-5.266088790410695
202308,220.0,25.0,23.0,9.642187721358466,9.603597936976602,140.876,-4.924147440856366
202210,26.0,3.0,4.0,12.970325796742966,11.132235892843465,588.993,-4.3263801727752815
202303,144.0,82.0,25.0,12.2544913121315,12.250075176776942,463.109,-6.227668432124859
202307,38.0,2.0,15.0,10.148275171908208,10.14831431468148,274.183,-6.163963505379513
202311,177.0,68.0,34.0,13.529955555028648,13.449251259052174,1639.877,-2.2077797620803885
202211,375.0,125.0,142.0,12.832168817965508,12.601467215560572,895.049,9.427032952002968
202307,155.0,15.0,34.0,15.178139335169247,14.57233698434047,17899.104,3.019648708279318
202303,102.0,19.0,32.0,12.360256181960505,12.360260467524796,508.33,-1.7422130591957998
202211,201.0,7.0,35.0,12.389531055861191,12.286813570931432,139.399,-6.256157534964052
202210,85.0,27.0,25.0,12.906974679338177,12.49883553872444,942.342,-5.303653525276463
202407,19.0,3.0,5.0,12.095805668407566,10.102748163387005,554.747,-6.2918148135823255
202408,498.0,13.0,17.0,12.39124430359083,11.947159419373937,1395.996,-5.084509230460275
202309,3.0,2.0,0.0,8.76389700713946,0.6931471805599453,10.303,-6.2918148135823255
202407,47.0,17.0,20.0,13.002015555493793,12.825656705477835,3170.489,-2.901204132857058
202402,118.0,16.0,75.0,12.928776201144252,12.868012916465409,599.486,-6.255207133396982
202402,49.0,22.0,21.0,13.752776274876576,13.72527398561895,3060.236,-6.1915156964887625
202301,312.0,76.0,122.0,14.802756927172966,14.63304513949173,3906.378,46.90986567628593
202211,68.0,10.0,36.0,10.678583315743241,10.101149179835646,520.236,-6.27185124575107
202402,67.0,6.0,40.0,13.812587289375076,13.642487238268442,4865.194,-2.2077797620803885
202306,203.0,82.0,41.0,11.563789667310953,11.462116263916906,363.134,-3.0700304059814294
202404,59.0,12.0,17.0,12.813735464437082,12.603777722326875,288.714,3.431479349509548
202401,350.0,159.0,59.0,13.572141339885306,13.53831596580444,1865.161,20.607095087914622
202307,106.0,26.0,46.0,10.490468337248462,10.490496137034405,806.065,6.4928026435630475
202208,87.0,26.0,8.0,7.112327444710911,7.113142108707088,130.212,1.0334876178795147
202405,62.0,8.0,17.0,11.936557877033842,11.924180446035127,215.163,16.189896262850247
202403,139.0,25.0,63.0,13.677129711437036,13.574765505098243,593.418,-6.261101471156047
202401,391.0,113.0,156.0,15.436371973026695,13.953348912299228,5100.206,2.725789844006572
202404,35.0,12.0,7.0,13.606191013243134,13.35289238894301,638.073,-2.33857149424417
202409,96.0,1.0,1.0,8.496786381638575,8.226573474977114,32.682,-6.271039005393656
202210,225.0,77.0,38.0,10.113951050692963,10.113991560303875,337.111,2.7850645382767176
202303,27.0,10.0,3.0,12.805645139445962,12.274002285319908,1094.064,-6.258381774551138
202306,592.0,157.0,102.0,12.309986615445005,12.299895355963887,780.072,3.708390266157201
202301,87.0,8.0,41.0,12.001192547395082,11.942829494955411,327.534,-6.186337543103582
202207,114.0,24.0,32.0,13.192952307844617,12.89890727725182,2337.134,-2.2558735441851203
202404,584.0,283.0,96.0,11.774658761188345,11.711727142178132,905.83,30.32132090667251
202301,478.0,62.0,58.0,12.899317321337303,12.80969711652474,896.303,-4.718011657272621
202303,35.0,11.0,18.0,10.208395405652977,9.944725460552373,129.118,-4.347155980963951
202303,60.0,6.0,14.0,15.059159260292686,14.037230696707303,11048.595,-6.227889159480919
202303,522.0,56.0,37.0,11.09146816064374,10.873319051338314,275.416,-6.250263197204988
202303,33.0,4.0,10.0,13.926801454102845,13.8193182993071,1657.998,-5.20629483214387
202303,345.0,65.0,59.0,13.218791114327187,12.931355402682646,715.979,6.344672656934748
202406,498.0,13.0,17.0,12.45575685684029,12.020140578682023,994.357,-5.084509230460275
202308,418.0,67.0,60.0,12.399746190660352,11.80096497353411,859.201,-5.8294044058469705
202404,195.0,47.0,74.0,12.407387678816661,12.061566969420445,1099.604,-1.1291443806319181
202303,54.0,21.0,13.0,10.37527084723745,10.375302041185826,178.475,-5.030349741836326
202405,249.0,43.0,74.0,11.44633684381294,11.437512025680354,298.432,-6.251075437562401
202401,179.0,27.0,39.0,12.684902830866326,12.520189714179033,425.226,-3.3242878156068856
202210,46.0,18.0,20.0,12.451685852691321,12.352840424405114,1615.514,-4.1062854763920225
202405,62.0,14.0,24.0,11.600643259055206,11.600652419206714,237.17,-6.22494873551995
202402,39.0,5.0,8.0,14.828865566678273,14.31964625398171,2376.991,-3.341393525623576
202207,122.0,10.0,13.0,11.757681769020502,11.540608723070166,573.366,-6.2918148135823255
202406,82.0,18.0,21.0,11.154248518360824,10.86997697994303,264.172,-5.2809702608402995
202410,27.0,2.0,6.0,11.22987266090211,9.172326929777967,288.588,-6.2867327161806745
202303,296.0,125.0,96.0,12.050511805227163,11.998187096604944,461.305,-6.241276064534448
202207,533.0,78.0,50.0,14.176118457683192,10.01721794286315,1692.841,9.606859686223348
202301,262.0,101.0,49.0,12.050996537626414,12.009497994258108,511.185,-3.9969992266279197
202402,143.0,12.0,78.0,13.793159626497317,13.594399938842415,1970.571,-6.097838814997305
202407,574.0,153.0,107.0,12.216928506860897,12.212879426743095,851.311,3.708390266157201
202311,195.0,47.0,74.0,12.662265721592341,12.284685100109975,1108.014,-1.1291443806319181
202402,107.0,14.0,24.0,14.15174062240703,13.52631400593369,1586.27,11.274040334084452
202306,51.0,3.0,3.0,14.76157288497194,12.943923078773794,8395.568,-2.402497148345576
202311,163.0,46.0,71.0,12.392369623190275,12.306307045075945,725.549,-5.2050209941238545
202308,167.0,20.0,76.0,14.58345811376873,13.799958245270265,7555.185,22.78946305483145
202409,301.0,24.0,26.0,9.67457740632758,9.67464026580524,124.187,-6.271039005393656
202407,214.0,35.0,54.0,11.977332210843874,11.787666664351708,1277.101,19.304362293842765
202306,88.0,32.0,19.0,10.057795362874884,10.057838212366052,347.459,1.8350592788815394
202208,161.0,35.0,45.0,10.783425454944485,9.906233778204154,788.711,0.6230611659722047
202308,13.0,4.0,2.0,12.582112375828691,8.29853954537488,27.762,-6.2918148135823255
202410,60.0,28.0,7.0,11.003648641194088,0.6931471805599453,124.698,-6.2918148135823255
202306,22.0,5.0,9.0,12.531599484955304,12.105638862458829,1108.169,-6.163963505379513
202312,147.0,59.0,16.0,11.044919838387166,11.04493580632355,180.625,-5.255339015815672
202405,52.0,9.0,32.0,12.114368456319832,11.878033748127773,483.413,-6.232523868960818
202308,130.0,37.0,26.0,11.889737294060248,11.620577353427153,996.355,19.226121785616648
202310,88.0,14.0,10.0,12.483715745700252,12.30996858922587,629.746,-6.1915156964887625
202408,230.0,121.0,16.0,10.804644341825567,10.804664646600235,450.793,-0.32704658356342
202303,101.0,9.0,28.0,13.296637641418954,11.808508740543264,597.935,-6.220500256345779
202308,2.0,0.0,1.0,7.949091499830517,7.949444420250626,23.686,-6.227889159480919
202311,277.0,57.0,33.0,12.924302606457582,12.86458438449344,446.247,-5.205668822092183
202211,93.0,0.0,16.0,12.325103790862418,9.78352088448894,77.345,-6.2918148135823255
202311,345.0,65.0,60.0,13.084761193725273,12.846955007293944,764.712,6.280747002833342
202402,350.0,159.0,59.0,13.45183257848457,13.416774757194077,1833.123,20.607095087914622
202303,27.0,10.0,3.0,12.716612228390364,12.182563457416745,1148.816,-6.258381774551138
202405,71.0,7.0,47.0,12.20138166004205,12.201386683539459,608.595,4.403808765818736
202207,144.0,82.0,25.0,11.592614263871596,11.592623497865622,576.265,-6.227668432124859
202402,352.0,62.0,146.0,14.503435124385776,13.705899912174129,2977.647,4.105204558476556
202409,74.0,18.0,37.0,11.156607600128309,11.156621880640408,534.372,-5.048901310437909
202307,165.0,32.0,18.0,12.48557006490193,12.437533511884421,1179.658,0.6772700131920617
202405,122.0,10.0,13.0,12.026557148066681,11.863490783096731,423.701,-6.2918148135823255
202212,176.0,21.0,63.0,14.051269400818871,13.440757470380909,1604.376,21.201818048918973
202309,108.0,14.0,34.0,11.181375096061787,10.623763400484325,320.16,-6.276933343152721
202303,367.0,74.0,70.0,11.901963043725953,11.880342505440863,490.139,8.973407295587013
202303,453.0,181.0,127.0,14.515547449862103,13.809381815531097,3068.911,3.833854928671535
202310,420.0,12.0,40.0,10.23631028065218,10.227453337065155,752.793,3.9823106763028644
202312,640.0,208.0,120.0,11.262487795081473,10.803872454726505,1087.645,0.03655992425917365
202208,39.0,26.0,7.0,12.440444918128977,12.367153541553261,471.257,-6.227889159480919
202212,275.0,91.0,73.0,14.419598629999093,13.988822482975584,1369.616,-4.795373575023463
202301,87.0,9.0,23.0,14.056842885998481,12.446069380766396,1161.088,-4.216364248800169
202207,37.0,5.0,9.0,11.936767347728349,11.353824217948372,696.152,0.5303229725786602
202303,143.0,9.0,30.0,13.374683522005215,13.24226328202289,1863.84,-4.313722941932763
202311,252.0,23.0,88.0,14.064811404794492,13.854593761663564,3358.463,41.19067926259531
202409,273.0,52.0,13.0,9.769041455983205,9.756320761816548,279.639,5.847604078939371
202211,906.0,395.0,171.0,12.518475378959455,11.92265480165207,1857.448,21.00997528848415
202407,127.0,27.0,26.0,11.145723881287113,11.140019507921078,315.818,-6.201948687744196
202410,60.0,0.0,1.0,11.11071505458256,9.357293784932345,881.493,-6.275982941585651
202210,56.0,18.0,10.0,12.540188536720184,12.49404842484587,854.975,-6.1222737277925185
202301,144.0,37.0,52.0,13.336324095263878,13.28127982575196,1288.388,-4.2505269620423665
202309,79.0,19.0,4.0,12.361070109591587,11.73418724686642,694.609,-6.219549854778708
202312,21.0,7.0,5.0,12.506599371092014,11.641520946000865,710.248,-6.227889159480919
202310,28.0,8.0,10.0,12.437049436756032,12.397490207949362,1407.551,-3.3109009105533573
202312,524.0,120.0,141.0,14.874195590603126,13.877813770159264,4075.88,53.20894635629451
202212,129.0,37.0,45.0,12.691312733168202,12.066126436178898,779.385,-3.1212988292403168
202310,28.0,3.0,6.0,13.415626844852005,12.91812989831476,2790.749,-5.828503362875808
202303,206.0,51.0,52.0,11.821696102251876,11.646503106525254,335.502,-2.620853880544372
202301,149.0,30.0,91.0,14.455953976210075,14.072592433611376,3979.543,8.610579820571337
202408,158.0,35.0,45.0,9.982853107916869,9.943333070458252,752.21,1.595390582281393
202403,249.0,43.0,74.0,12.050692877349853,12.039622469386634,341.772,-6.251075437562401
202401,82.0,9.0,23.0,12.07523476499999,11.719549314287148,218.297,-6.271039005393656
202303,4.0,0.0,3.0,13.049226933164494,13.049229084916828,965.455,-6.227889159480919
202309,88.0,13.0,29.0,13.596578127421528,12.766359636729709,2311.969,-5.303653525276463
202211,51.0,10.0,29.0,12.407097369226024,12.37780078973822,221.024,-5.319485397273138
202303,54.0,23.0,19.0,10.818136938138158,10.78157785059498,120.465,-6.2918148135823255
202403,43.0,16.0,20.0,12.91473878174779,12.840276290456169,880.678,-6.258381774551138
202407,152.0,51.0,32.0,9.885883506587767,9.885934393288538,348.686,-3.852757740977576
202306,114.0,12.0,15.0,7.274479558773871,7.275172319452771,229.626,7.320797014746297
202308,5.0,4.0,0.0,9.032886946579088,9.033006356693267,259.861,-6.227889159480919
202306,121.0,27.0,47.0,11.483579040174998,11.48358933793472,460.163,-6.276933343152721
202407,173.0,33.0,28.0,11.867539286254264,11.852193788893443,567.184,-6.2918148135823255
202403,12.0,4.0,6.0,11.744259383468137,11.614570085232259,343.845,-6.2918148135823255
202303,95.0,14.0,57.0,13.30850429780106,13.300949633306583,559.312,-6.271039005393656
202207,469.0,9.0,3.0,12.358029492092626,11.84213568255922,1006.699,-6.204172927331281
202409,30.0,6.0,7.0,9.27995971385624,9.280052984387483,116.888,-6.271039005393656
202309,214.0,16.0,24.0,11.311482248968687,10.541359838437318,402.293,-3.3540507564660946
202410,234.0,103.0,63.0,14.631988910325676,14.016130343039604,3204.464,-2.9760984122124277
202405,85.0,9.0,18.0,12.316154995760286,12.257806093036127,388.637,-6.243500304121533
202404,25.0,13.0,11.0,12.880704469904853,12.872626846445563,1021.138,-6.2918148135823255
202406,25.0,2.0,3.0,12.869417619228074,11.29803526089217,2810.742,-6.258381774551138
202406,63.0,14.0,14.0,11.235893148683692,11.2359063406867,418.144,-6.2918148135823255
202401,211.0,97.0,46.0,12.944238601791664,12.934806540414641,851.928,-0.9199376200533393
202212,149.0,26.0,12.0,13.304406562123038,12.903958580437292,2600.267,-6.22494873551995
202303,170.0,30.0,111.0,13.845689556194037,13.492509377854779,2397.601,-0.9899783392698707
202308,58.0,8.0,10.0,9.75272280064639,9.437555622660446,210.2,-6.2918148135823255
202303,15.0,8.0,3.0,13.038229311527505,11.975803769273375,966.863,-6.2918148135823255
202306,247.0,96.0,60.0,6.639875833826536,6.641182169740591,408.389,-3.119074589653231
202212,21.0,5.0,7.0,13.320914191140492,12.740731000099013,1221.813,-5.158201050039138
202405,218.0,22.0,105.0,13.322333281915306,12.762294107826149,1209.252,-6.177350410433042
202405,33.0,15.0,9.0,9.270117576012044,9.270211769013573,59.219,-6.258381774551138
202410,30.0,2.0,4.0,4.2626798770413155,4.276666119016055,35.208,-4.332274510534346
202207,74.0,20.0,41.0,12.329448898829705,12.253538123165887,1212.86,-1.8933000040760009
202409,46.0,8.0,13.0,13.950620828504816,13.777556322489467,5150.706,-5.865061684465244
202408,168.0,27.0,84.0,14.402214970776145,14.104730197753334,14090.94,-4.3856767973271635
202408,229.0,19.0,60.0,12.570132255579667,11.991771137878379,1662.298,-4.296617231916073
202210,74.0,21.0,33.0,12.437370857039625,12.413225016746301,622.535,-6.276933343152721
202301,62.0,3.0,34.0,14.5162205680977,13.918962954319797,2427.323,-6.134200564520304
202308,61.0,6.0,5.0,12.076442205714411,10.117186645022338,561.463,-5.304603926843534
202303,745.0,464.0,133.0,12.592419492110476,12.591260213588948,1487.837,15.17021126845781
202303,40.0,10.0,14.0,12.07492697623185,11.321220016865933,441.197,-6.2425499025544635
202210,223.0,87.0,15.0,11.594201258234992,10.791502259058547,502.985,-6.1273558251941695
202407,75.0,10.0,40.0,13.318301802407378,13.247043462528215,1368.764,-5.155260626078169
202210,82.0,11.0,32.0,12.685268273613568,12.391929612058366,611.605,-5.319485397273138
202308,2.0,0.0,0.0,10.194140208432742,10.194177596502213,129.546,-5.319485397273138
202406,321.0,78.0,124.0,13.486605021525266,13.436871881794808,1775.672,8.598143317084878
202407,106.0,26.0,46.0,10.692194881655606,10.692217602989803,790.183,6.4928026435630475
202301,324.0,76.0,125.0,13.963598611440974,13.849682006547841,2132.249,8.598143317084878
202303,68.0,6.0,30.0,13.134248469063525,12.925024015771651,1324.532,-6.271039005393656
202407,253.0,79.0,68.0,11.441504648408609,11.43335181393909,761.111,5.9703627536423625
202401,20.0,2.0,4.0,11.22008343614482,10.897146649985954,786.466,-6.20711335129225
202403,37.0,6.0,12.0,12.828432488368408,9.635934851379513,592.677,-6.2425499025544635
202301,767.0,72.0,174.0,12.894227384567074,12.867398867100283,783.467,-4.182696992575795
202303,1.0,0.0,0.0,5.521460917862246,5.5254529391317835,69.755,-6.227889159480919
202303,14.0,5.0,2.0,10.434850827519666,0.6931471805599453,282.97,-4.155379018659732
202301,272.0,40.0,187.0,13.428853465042552,13.276113977210247,2265.065,7.264747061396806
202211,228.0,22.0,28.0,13.391333467590359,13.348200896725968,1784.087,5.724084186713993
202401,99.0,21.0,49.0,14.688048337588231,12.778237929529336,1627.887,-6.271039005393656
202210,148.0,66.0,20.0,11.554537547288902,11.550259784616918,138.062,-2.635735350973976
202308,126.0,15.0,32.0,13.109902056653032,12.04688932317484,877.358,-3.320545608594086
202208,240.0,83.0,43.0,11.347165996475253,11.34564226315264,629.789,-5.914105868137046
202308,9.0,0.0,0.0,9.195125206169703,0.6931471805599453,0.679,-6.2918148135823255
202303,115.0,2.0,4.0,12.187929041293884,9.556692215591841,710.147,-6.20711335129225
202410,8.0,0.0,2.0,11.783578360554147,9.025335217553026,1160.519,-6.2918148135823255
202310,217.0,46.0,87.0,14.239688811209513,12.95120013442953,4359.741,-5.2070245063548795
202410,10.0,0.0,5.0,12.334720884945009,8.964567702601611,725.215,-6.2867327161806745
202308,353.0,16.0,24.0,11.294309150238021,10.521776479551647,583.035,-5.255559743171732
202401,350.0,101.0,77.0,13.241986496845453,12.75385295540991,1061.504,1.6012849200404569
202307,184.0,44.0,26.0,10.983613347424248,10.801268021651186,362.62,-0.902336453018826
202403,180.0,50.0,49.0,11.539771854078893,11.536417356984082,477.649,-4.5469611445611635
202211,119.0,30.0,29.0,12.40854807511593,11.786997844262174,433.477,-3.3540507564660946
202210,50.0,8.0,31.0,12.025132134653147,11.839571005952267,576.03,-6.232523868960818
202303,196.0,59.0,38.0,13.374737910242452,13.173411941847949,906.601,26.201830624361108
202406,118.0,16.0,75.0,12.374126230526423,12.327825568523668,461.413,-6.255207133396982
202207,322.0,76.0,125.0,13.607548679645667,13.565415814137214,2120.05,7.625813900775691
202303,13.0,6.0,4.0,12.952435895759937,12.5238607005901,984.243,-6.2918148135823255
202410,99.0,7.0,20.0,12.712658293288392,10.497753183535956,1293.993,-4.2349158174017525
202303,79.0,7.0,18.0,12.883545117203544,12.845236073558453,692.545,-6.00779446309766
202211,1095.0,200.0,163.0,13.795494567907879,13.66251321279084,3167.783,95.85273304677688
202210,33.0,15.0,14.0,13.173879346997916,13.057511207083994,1520.408,-6.00779446309766
202306,40.0,13.0,15.0,10.447612546703045,10.418703524603412,237.884,-6.2918148135823255
202212,124.0,36.0,51.0,14.220276755224475,11.788638695745878,1715.866,9.747246737318589
202212,184.0,27.0,52.0,13.76547962435871,13.221216364956556,777.462,-5.9579529006140195
202303,185.0,27.0,51.0,12.924236776321253,12.393336137488415,719.071,-5.9579529006140195
202210,73.0,3.0,18.0,14.03218442593769,12.854957022938057,3736.573,-3.2135422174207635
202306,53.0,10.0,35.0,12.700363317328993,12.570649784719597,587.684,-6.258381774551138
202401,54.0,28.0,13.0,12.848602618893583,12.126666818338535,739.356,-3.2774678715221697
202310,22.0,0.0,0.0,13.634518516972378,10.052683118897981,21163.04,-5.319485397273138
202309,122.0,9.0,16.0,12.154600387761212,9.822440173682805,69.536,-6.2918148135823255
202301,83.0,36.0,25.0,14.657286342573878,13.364005176269453,3298.386,-6.140247273229875
202210,76.0,57.0,8.0,11.412873058562703,11.412884110790001,246.034,-3.3748265646547635
202303,139.0,40.0,62.0,13.003577589159573,12.982613834952291,633.626,-6.0666380197974155
202409,87.0,9.0,21.0,12.363764191940865,12.34629535130279,622.518,-6.015287030392124
202207,38.0,10.0,14.0,12.816745414218994,12.59932346195876,1999.364,-5.153036386491083
202301,522.0,56.0,37.0,11.942159181672752,11.924836420561782,424.917,-6.250263197204988
202402,116.0,23.0,70.0,13.251510925006412,13.066273333830042,682.968,-6.2918148135823255
202410,3.0,0.0,0.0,10.699259008661018,10.41268184640677,328.435,-6.227889159480919
202405,98.0,19.0,44.0,12.75125621680742,12.701122483380427,846.955,-5.319485397273138
202310,17.0,3.0,7.0,11.159972158567948,11.159986391113511,238.813,-6.213007689051315
202207,51.0,18.0,16.0,12.190065207384357,11.208897184915555,813.201,-6.2918148135823255
202306,293.0,91.0,32.0,12.226433940272043,12.150295630061175,483.69,-0.755002172457008
202301,211.0,27.0,82.0,15.975601930673266,14.630454486228617,8652.814,7.561667519318224
202406,358.0,61.0,38.0,12.170419560815686,11.919403393336086,609.857,-6.2263945941048435
202210,375.0,56.0,84.0,13.163889124232828,12.67126157770141,1046.207,-6.000710953668257
202211,122.0,7.0,75.0,12.92578385721567,12.766228287718063,938.419,-6.2918148135823255
202409,235.0,12.0,12.0,10.166044106207172,10.14980060587698,241.781,-6.207925591649664
202301,28.0,2.0,3.0,16.102992571468167,10.527097070380183,14340.667,-6.2918148135823255
202402,180.0,14.0,46.0,13.055578067459377,12.637926487976241,1326.065,-5.972137184479387
202408,357.0,49.0,37.0,14.725463246810598,14.70460890542029,3432.9,-6.057721343735703
202208,173.0,4.0,3.0,12.182087282779662,12.172448641541466,1496.601,-6.115648995918721
202409,31.0,1.0,0.0,9.510889310134788,9.510963348560765,9.335,-6.276933343152721
202210,87.0,9.0,23.0,12.639898427407296,11.90749813191197,766.246,-4.216364248800169
202401,345.0,65.0,60.0,13.873940773832173,13.445782216494168,1026.77,6.280747002833342
202303,173.0,39.0,35.0,12.970363050576623,12.081829412662444,765.862,-5.255559743171732
202312,348.0,128.0,88.0,14.254710848353945,13.635765279713034,2847.031,13.270994877744814
202210,146.0,22.0,61.0,12.205267321343682,11.326752501020108,934.35,0.04627673114072284
202303,121.0,27.0,47.0,11.687735547813649,11.687743943943033,397.504,-6.276933343152721
202306,261.0,68.0,75.0,13.721775536945731,13.23142045236041,1712.56,-3.1532866614913364
202402,223.0,87.0,15.0,12.449156069623932,11.49996179857837,496.16,-5.155026408884982
202303,469.0,9.0,3.0,12.59800324060463,12.118612076759929,784.386,-6.204172927331281
202303,87.0,15.0,22.0,12.879272188280423,12.053801032483948,905.504,0.6118497937145797
202406,63.0,10.0,32.0,13.795138448543927,13.705859741000287,3723.955,-6.097097427317138
202306,362.0,82.0,79.0,13.681378985267719,12.951174027030811,1997.135,11.655419377701714
202401,33.0,0.0,4.0,13.037909454611789,12.12773806151577,3978.694,-2.33857149424417
202405,225.0,86.0,75.0,13.160435354089369,13.010966904172692,1446.259,10.257255902989138
202207,175.0,28.0,79.0,10.984122546973575,10.984139515827245,1347.451,-1.32159766664617
202408,184.0,39.0,81.0,13.240388161614954,13.222872745249072,2287.74,25.969264862457926
202310,49.0,16.0,22.0,12.817323526576164,12.224045167832784,898.118,-4.292947133744094
202208,82.0,11.0,32.0,12.3378418614329,12.197591784477217,788.526,-5.319485397273138
202407,200.0,62.0,73.0,12.92118188484088,12.822770653926712,2601.851,8.630543388402591
202408,831.0,343.0,139.0,9.076123029856374,9.076237387452702,1513.084,4.966558989842513
202303,110.0,22.0,33.0,12.751276507338844,12.751279405952582,454.828,-6.235381726775383
202404,68.0,19.0,26.0,13.533282916355368,13.529709382183464,1083.65,-4.021680070085478
202211,295.0,43.0,68.0,11.871110268497091,11.871117257911623,409.122,-6.2918148135823255
202402,84.0,4.0,11.0,11.1786827411373,11.178696709861326,233.554,-6.227889159480919
202401,17.0,8.0,1.0,12.669089423476343,12.669092570381755,356.269,-6.1171916303908676
202401,28.0,7.0,14.0,13.106618068050594,13.035102514750283,975.982,-6.036112197176701
202303,203.0,83.0,40.0,11.810835057577446,11.642628287966266,339.802,-3.0700304059814294
202408,93.0,9.0,24.0,14.25755764441496,13.088198342744192,3700.35,-4.347155980963951
202308,22.0,3.0,5.0,14.820009583570677,14.081321951173809,12255.437,-6.227889159480919
202311,41.0,8.0,21.0,13.431508462654932,13.026156395593267,717.54,-3.3748265646547635
202409,911.0,341.0,134.0,11.869312367428996,10.791831382359332,1950.065,13.288830261972516
202403,104.0,26.0,14.0,13.106979652362586,12.529448787137818,636.423,-3.3748265646547635
202301,195.0,1.0,3.0,11.96174376142298,11.404560440292103,153.115,-6.208711580827649
202307,263.0,36.0,132.0,13.56174025935815,13.128170483478076,3191.789,-5.2860523582419505
202308,30.0,10.0,4.0,12.075918401058791,10.209390119018103,506.761,-6.258381774551138
202312,223.0,42.0,51.0,11.884930303333862,11.878117039237189,518.348,1.238768548433999
202303,365.0,63.0,129.0,12.582205059165839,12.497622229508444,721.564,-3.771586642210416
202407,198.0,59.0,38.0,13.025585921676976,12.569951578317408,1060.131,25.22950120805192
202303,62.0,8.0,24.0,12.644043665194598,11.56089624591785,808.976,-6.2918148135823255
202410,134.0,32.0,30.0,11.67830430103387,11.634426026501078,251.491,-4.313722941932763
202403,14.0,3.0,1.0,12.569162470055657,12.038588468390497,9866.048,-6.276933343152721
202406,60.0,6.0,14.0,14.926537136144395,14.035038781850911,13507.243,-6.227889159480919
202210,152.0,34.0,30.0,11.497385340288496,11.49739549685192,442.776,4.795823905987676
202307,248.0,12.0,65.0,10.880308784150316,10.832556296769498,539.695,-6.2918148135823255
202212,67.0,28.0,14.0,11.184699137202866,11.184713022138405,202.966,-3.906966588197433
202212,125.0,45.0,15.0,13.245532769451328,12.722685490977767,598.721,-2.0396696733299002
202407,230.0,14.0,92.0,12.043747814841065,11.967878906169586,855.137,7.807344037147072
202307,153.0,45.0,55.0,11.602043787457173,11.602052934788668,753.095,-4.3313241089672765
202405,115.0,33.0,25.0,12.923407433137873,12.832182184751451,780.14,-5.255559743171732
202210,48.0,7.0,26.0,12.968083355879461,12.454743582865662,794.436,-5.191561980229505
202405,68.0,18.0,45.0,11.758714657208296,11.75872247804849,528.577,-5.319485397273138
202310,97.0,26.0,36.0,12.255257969708842,12.071420625236948,515.278,-4.265408432471971
202407,84.0,22.0,16.0,12.190801634931587,11.996548428610572,476.65,-6.2918148135823255
202403,714.0,289.0,151.0,12.333484728310422,12.333489130154796,2910.179,41.323119958640234
202211,33.0,8.0,15.0,12.231550315735818,12.045181801746015,274.525,-4.3263801727752815
202307,75.0,56.0,8.0,11.306540697470973,11.306552989656216,291.708,-3.3748265646547635
202211,325.0,77.0,56.0,12.873607102827721,12.869546392278627,631.214,-6.164693179590523
202208,189.0,28.0,45.0,12.923117000452148,12.631631188319155,1629.55,-3.2921286145957134
202307,144.0,37.0,52.0,12.463277469097388,12.349778972495484,1146.814,-4.2505269620423665
202207,335.0,76.0,77.0,11.693745895637916,11.684708351206481,518.499,-0.3778600622730597
202210,14.0,3.0,1.0,12.25499613414484,11.768288353830998,11180.125,-6.276933343152721
202312,104.0,26.0,21.0,14.088639749058299,13.533111837330367,1840.058,11.430209376366305
202301,248.0,49.0,63.0,13.951149228717814,13.08479649591723,1577.998,-2.290256984783378
202303,325.0,46.0,78.0,11.626379142465382,11.565024434714209,1197.872,-6.194456120449732
202403,47.0,10.0,30.0,12.276279446573072,12.276172237709126,585.621,-6.271039005393656
202408,150.0,11.0,9.0,10.403504977585515,9.64646400103814,138.928,-6.2620518727231165
202303,168.0,15.0,74.0,13.516117512304465,13.37646436406713,1701.297,-6.163963505379513
202207,34.0,0.0,4.0,14.053499371078912,13.179327661291167,4781.969,-2.33857149424417
202210,130.0,36.0,12.0,10.218991482721144,10.219027953116305,122.125,-5.255559743171732
202308,15.0,2.0,1.0,11.834175283390765,9.52558897214577,1256.959,-6.2918148135823255
202208,62.0,14.0,2.0,7.741967899820685,7.742402021815782,292.283,-6.271039005393656
202303,149.0,56.0,23.0,11.433221866459347,11.356949787514063,408.514,4.3250920173408804
202402,32.0,8.0,7.0,7.146772179452637,7.147559271189454,34.18,-6.2918148135823255
202310,134.0,44.0,40.0,12.041693162746657,11.194234205644102,409.957,-4.283230326862545
202312,184.0,13.0,47.0,14.911581620450528,13.153747696840988,5435.687,-6.240325662967377
202309,105.0,9.0,11.0,9.341017695617799,9.336973022909548,116.585,-6.256157534964052
202207,50.0,11.0,7.0,13.890755312307643,11.611149576965623,2387.03,-5.304603926843534
202301,505.0,193.0,120.0,14.237470869081632,13.288423429719462,2210.904,11.364541954847182
202311,145.0,41.0,47.0,12.331885577325677,11.59412750036361,821.941,0.6267312641441842
202207,34.0,11.0,7.0,13.979252239595871,13.889375143358984,712.923,-2.33857149424417
202303,126.0,16.0,89.0,12.46333932397041,12.463343189772942,352.042,-6.256157534964052
202401,22.0,7.0,11.0,12.180703554179633,12.053783565184188,236.105,-3.3748265646547635
202210,170.0,16.0,74.0,13.266934606165435,13.138463078893752,1898.11,-6.163963505379513
202401,98.0,30.0,34.0,13.82486368082127,13.406388270520754,2134.747,0.07898009596090105
202312,478.0,62.0,59.0,13.000634065432092,13.000636324326205,770.17,-4.718011657272621
202312,50.0,18.0,19.0,15.306622262250519,14.908085994787763,5128.59,-3.1042424778195348
202211,432.0,108.0,99.0,12.611040963591929,11.765705485412745,941.092,8.692327369063316
202306,17.0,7.0,5.0,12.005711346644409,11.899764852955196,758.426,-6.163963505379513
202311,93.0,9.0,22.0,13.81749658450733,13.063614994350619,2512.218,-4.347155980963951
202306,413.0,218.0,119.0,15.403866601221093,15.143710920662595,8931.234,19.985939448890193
202210,272.0,39.0,188.0,12.563117521035785,12.48372710914292,1773.0,7.264747061396806
202311,88.0,34.0,31.0,13.07883982028114,12.818825598307294,930.789,-3.341393525623576
202210,344.0,30.0,113.0,13.085475301536071,13.074342617167764,1014.686,-3.184647831885944
202307,23.0,7.0,11.0,13.413313603619079,13.381642888909896,2431.626,-6.173680312261062
202210,419.0,17.0,23.0,11.11826675682705,10.619594137230983,807.251,6.568562294820367
202207,141.0,26.0,63.0,12.505425103346306,12.447346838916664,707.061,-6.276933343152721
202208,4.0,0.0,0.0,16.327360294255605,16.20098519485322,22962.525,-5.239727871175058
202303,24.0,9.0,12.0,11.935188691354274,11.803742617917482,644.126,-6.2918148135823255
202407,50.0,27.0,13.0,10.749742011626616,10.48559143430275,388.452,-6.276933343152721
202306,146.0,22.0,61.0,12.373618916741973,11.494720760315381,902.004,0.04627673114072284
202402,215.0,35.0,82.0,12.004146161896017,0.6931471805599453,1016.273,8.768923743844367
202210,46.0,5.0,15.0,13.869819749957273,13.435795064598441,1931.814,-4.313722941932763
202407,262.0,92.0,79.0,12.81518311131174,12.179163828972955,738.388,-5.112826964539315
202211,107.0,12.0,8.0,9.73996812270477,9.360396968182862,313.786,-3.3646623698514615
202307,365.0,63.0,129.0,11.951793111378718,11.829027341737056,944.871,-3.771586642210416
202307,114.0,13.0,14.0,7.087573705557973,7.088408778675395,235.738,7.320797014746297
202403,149.0,32.0,89.0,14.315225283679442,13.958870368070238,3104.395,8.610579820571337
202207,152.0,44.0,55.0,11.588236998267863,11.588246272769938,785.01,-4.3313241089672765
202402,20.0,2.0,4.0,10.724786054054675,10.305981584699339,724.082,-6.20711335129225
202303,74.0,18.0,17.0,12.29975878001379,12.259613412458204,242.551,-4.347155980963951
202211,526.0,160.0,191.0,12.84971440618628,12.849191520740142,1496.7,-4.117779786743631
202309,24.0,1.0,6.0,9.28785681440401,9.287949351303165,52.828,-3.3748265646547635
202210,294.0,28.0,111.0,14.002896767723964,13.847692131324932,2550.574,14.357324774990603
202309,267.0,35.0,46.0,11.482816711533243,11.423635129489897,417.36,-4.298841471503159
202406,490.0,139.0,91.0,11.482827017146196,10.025705185260378,957.457,2.9391879974242396
202402,248.0,43.0,73.0,12.261445855730798,12.24924707091397,411.494,-6.251075437562401
202208,194.0,55.0,27.0,12.03699697338076,12.021548665181019,967.631,-1.1045957651743858
202303,539.0,177.0,89.0,13.323640797862549,13.029427576530031,1161.462,-2.8203257914941924
202210,68.0,20.0,24.0,13.092782134911003,13.09142570495805,1114.73,-4.021680070085478
202406,29.0,5.0,15.0,11.696396361020705,11.69640468474707,567.249,0.734585796965245
202303,324.0,81.0,94.0,14.438324326056433,14.082036152076993,1609.24,13.786739867672155
202406,419.0,13.0,40.0,10.426883833475971,10.41918130769898,862.19,3.9823106763028644
202406,147.0,66.0,20.0,11.56891819967016,11.567707167779876,105.584,-2.635735350973976
202407,171.0,8.0,42.0,11.0338407269883,11.033856872817429,293.163,-6.2918148135823255
202405,185.0,13.0,48.0,14.06864388659809,12.718593831018605,4349.314,-6.240325662967377
202210,177.0,8.0,8.0,13.13486095631429,11.56357104963912,853.67,7.320797014746297
202401,190.0,40.0,38.0,12.785958738498339,12.309693649113756,516.509,-4.255065615538735
202410,93.0,13.0,21.0,11.248165332702227,11.218930172684068,210.365,-6.2918148135823255
202310,1163.0,409.0,243.0,12.309806338629468,12.265929914182932,1831.204,35.09792060669492
202212,450.0,229.0,80.0,12.70972258554707,12.430387510588526,1987.645,20.486506516827596
202312,45.0,1.0,10.0,12.86077261370797,12.860775211694271,633.511,-2.3275124929370503
202308,241.0,37.0,28.0,9.700269170029188,9.147400572202308,390.379,12.175194927806158
202301,532.0,76.0,50.0,13.73722247669976,12.450860264902255,1373.043,9.606859686223348
202307,61.0,8.0,23.0,12.993684193750726,12.642784450971508,1173.86,-5.2809702608402995
202307,35.0,12.0,7.0,13.9883026869796,13.885138294548392,777.236,-2.33857149424417
202303,229.0,112.0,39.0,13.27153999277259,13.11879702552472,1057.198,4.736143625764191
202211,264.0,20.0,57.0,11.707809449670645,11.707817678938035,694.839,-6.250263197204988
202306,125.0,18.0,23.0,11.734996441281465,11.67123605180268,334.432,-1.3298686149428258
202311,188.0,41.0,21.0,10.939585935814996,10.939603677478631,439.856,-3.190542169645009
202401,29.0,11.0,7.0,11.939610496189792,11.929468980285394,258.159,-3.0908062141700983
202208,285.0,51.0,95.0,13.045393776231563,12.746124006368925,1834.665,20.513508983094447
202207,353.0,63.0,144.0,13.57345173553691,12.914120753778974,3037.086,4.105204558476556
202401,256.0,29.0,97.0,14.912611705433433,13.997310311976166,3198.577,-4.274891022160334
202403,91.0,36.0,30.0,11.320856556721393,9.988104398256008,1830.603,-1.5729061905991797
202303,194.0,54.0,28.0,12.421377554806144,12.24690743996851,635.24,-1.1045957651743858
202407,713.0,287.0,152.0,12.17921519136029,12.179220327453931,3205.846,41.323119958640234
202403,353.0,153.0,65.0,13.046628544167914,13.037526362048894,1059.841,6.519509770009908
202301,98.0,22.0,23.0,14.70062471170285,14.414515726146565,12319.657,-0.08600471023133949
202406,61.0,10.0,31.0,12.613462566663301,12.312983458855328,905.313,-5.2860523582419505
202407,71.0,23.0,19.0,12.489584785887224,6.349138991379798,759.6,-6.0851563808485025
202207,105.0,14.0,61.0,13.70026018740235,13.60890327579012,4166.743,5.294384953705569
202309,106.0,13.0,15.0,11.49781182716018,10.826793619304189,280.726,3.479793858970339
202306,234.0,81.0,50.0,12.613931552880043,12.555274233379306,664.613,-5.298709589084469
202404,601.0,201.0,116.0,13.479846194925303,13.446381236376677,964.749,0.978072637240472
202401,188.0,0.0,1.0,13.58153353594367,12.986351195880324,3724.047,-6.19812621862171
202301,103.0,14.0,44.0,13.685346062403855,13.4093076777692,1858.905,14.199091803569493
202410,250.0,21.0,61.0,12.15337309967646,12.153378370226996,354.467,-5.225796802312523
202307,223.0,42.0,49.0,12.15164285854089,11.511814848463972,625.124,1.238768548433999
202211,63.0,33.0,14.0,8.875985891325971,8.876125585396185,346.233,1.4868205168911732
202310,106.0,27.0,16.0,10.35067025399616,10.238673247631876,164.595,-3.359945094225159
202210,29.0,5.0,15.0,11.850218792975058,11.850225929944202,554.045,0.734585796965245
202402,476.0,85.0,129.0,16.06580733538555,15.570107820526683,16571.041,119.79033540351794
202402,84.0,8.0,25.0,13.717608822979827,12.079199040569717,1011.376,-4.216364248800169
202308,50.0,4.0,31.0,12.582561981401765,12.457858073984193,1991.361,-6.27185124575107
202311,189.0,46.0,19.0,12.249778477790242,11.979579741390815,633.015,-4.139547146663057
202310,51.0,20.0,9.0,10.32137518064285,9.987185111557695,470.723,-4.216364248800169
202312,125.0,44.0,15.0,11.967783730014315,11.011439424532995,800.681,-2.335631070283201
202402,54.0,21.0,13.0,10.676000288476814,10.676023380765145,202.762,-5.030349741836326
202211,33.0,3.0,9.0,11.607617271803209,11.44041928618335,96.716,-6.2918148135823255
202401,55.0,22.0,12.0,13.411908712902886,12.93925751312165,1534.327,-5.035244319432413
202301,113.0,14.0,43.0,12.464892173296853,12.443048093575175,421.341,-6.2918148135823255
202212,349.0,43.0,110.0,12.594578081313305,12.519831737692073,658.989,-2.1624388841310616
202212,107.0,12.0,8.0,10.378292138722905,10.104712639749316,428.388,-3.3646623698514615
202306,161.0,8.0,41.0,12.924007556107904,12.835861941060708,1427.749,-0.3631993191995164
202212,465.0,133.0,191.0,15.101209145105518,15.050736941178394,9744.872,49.30288235982703
202306,1.0,1.0,0.0,12.661489148080747,12.66149231899459,3673.003,-6.2918148135823255
202210,121.0,27.0,47.0,11.383886821957825,11.383898199233991,430.959,-6.276933343152721
202306,63.0,11.0,37.0,13.8423715496279,13.836106987762925,3070.1,1.5227211943178336
202310,404.0,76.0,48.0,12.691491226561341,11.945116888649986,468.973,-4.223856816094633
202403,25.0,8.0,14.0,13.529488440358145,13.437346365182558,2706.958,-6.275982941585651
202301,276.0,39.0,92.0,15.608769735400925,14.521471786803847,7376.295,-1.3967346930052011
202405,345.0,65.0,61.0,13.251482801593845,13.024408704007095,736.968,6.280747002833342
202407,101.0,15.0,16.0,9.93677725040077,9.936825612146638,137.299,-5.271170887812346
202208,215.0,19.0,64.0,12.718668701156387,11.750878807937918,1687.81,-0.5778139231780983
202307,184.0,13.0,46.0,14.610121220601036,12.67670107954475,6505.689,-6.240325662967377
202405,296.0,124.0,97.0,11.646625593358072,11.598791185946553,423.767,-6.241276064534448
202306,181.0,31.0,90.0,11.877249083080448,11.877256029719838,748.615,-3.0338369711504742
202310,46.0,18.0,2.0,9.250522161609014,9.250618218474752,103.649,-6.227889159480919
202307,129.0,4.0,14.0,11.734050981421122,11.693295118038938,660.778,-6.276933343152721
202207,84.0,7.0,10.0,12.448995294451978,11.891875467422638,1561.198,-6.2867327161806745
202212,36.0,18.0,10.0,13.861481513802511,13.662939629672225,4696.852,-6.00779446309766
202403,120.0,33.0,30.0,12.457928038574364,12.435619650900867,704.663,-3.0715391129993566
202301,135.0,48.0,27.0,13.818750304314102,13.384129001183773,874.077,-2.3236900238145655
202310,248.0,12.0,65.0,11.29222891729907,11.292241386671176,490.489,-6.2918148135823255
202210,281.0,106.0,54.0,10.695642613426124,10.218261795359789,497.394,-3.3020254496384642
202210,80.0,25.0,35.0,13.7380526734219,13.72503974949035,1719.875,-6.213007689051315
202309,3.0,1.0,0.0,9.274910142625483,0.6931471805599453,430.564,-6.2918148135823255
202309,11.0,1.0,1.0,11.389434922439932,7.112327444710911,705.62,-6.2918148135823255
202307,191.0,39.0,33.0,12.521653162008834,12.257378689836443,980.494,-1.3633016539740135
202210,280.0,42.0,155.0,13.345860466216791,13.292549935361555,1122.479,-5.252164374661515
202308,369.0,100.0,84.0,13.460604049421502,12.89697731353734,3662.014,7.3612708427196605
202210,170.0,30.0,110.0,13.874837396848147,13.530693710166508,2288.31,-0.9899783392698707
202307,94.0,8.0,46.0,11.637688527902895,11.637697354924173,495.865,-5.503679416229737
202410,203.0,86.0,22.0,11.014999613554915,11.015016066470784,341.346,-4.833701191650737
202307,66.0,7.0,20.0,13.83695693160813,13.624367001512022,2943.724,5.440063836229328
202211,114.0,16.0,58.0,12.926813105724031,12.732158241398828,693.003,-6.2918148135823255
202210,91.0,17.0,43.0,12.568317051183774,12.337346491813477,1439.848,-6.19812621862171
202408,204.0,15.0,22.0,11.900939179464636,11.522420246532018,845.38,-6.2918148135823255
202406,98.0,23.0,22.0,14.430781058318553,14.164541460518588,12157.48,-0.08600471023133949
202303,319.0,42.0,118.0,13.479324280452857,13.471097274526057,1804.805,5.044799498068629
202408,68.0,11.0,27.0,11.248933877130007,11.248946898217659,547.682,6.026219188993528
202307,6.0,2.0,4.0,13.011744616931963,13.011746850867453,2138.215,-6.2918148135823255
202303,95.0,22.0,24.0,12.073535044645304,11.994073019382636,294.103,-4.1062854763920225
202307,58.0,6.0,19.0,13.678065230164274,12.9432725960305,2463.785,-5.319485397273138
202311,466.0,134.0,190.0,15.074869439802923,15.007418270906435,8898.912,48.394478597619255
202403,243.0,72.0,73.0,12.9711799575703,12.462043438322127,675.581,6.825899863055858
202301,300.0,47.0,60.0,13.148831972978506,12.737679829046284,671.164,-4.296617231916073
202312,84.0,4.0,11.0,11.043113817294852,11.043129814095492,209.214,-6.227889159480919
202408,27.0,6.0,9.0,12.732379809421856,12.588876243628567,1199.897,-4.313722941932763
202401,202.0,24.0,50.0,13.490969461374995,13.43755944445615,916.13,25.362498833797865
202401,51.0,20.0,9.0,12.496168053543654,11.63952287299182,556.444,-4.216364248800169
202308,101.0,12.0,19.0,11.282606229906923,11.282618819846302,71.457,-6.2918148135823255
202401,50.0,6.0,22.0,14.01135444127046,13.77051528408156,5641.256,1.740348252305619
202212,763.0,136.0,210.0,14.635558635414748,13.493903485286035,4444.965,38.14529331186209
202307,584.0,283.0,96.0,11.007369266697014,10.960739507360923,1011.998,29.348991490363325
202210,26.0,12.0,7.0,12.17774518487632,12.030081012431088,347.156,-5.265276550053281
202408,111.0,13.0,33.0,12.415295755521635,12.15767515425465,1921.519,10.132691126652565
202401,105.0,14.0,52.0,13.352185378147137,13.203198386508792,2151.714,-5.718692015211344
202409,76.0,3.0,4.0,12.020652292422467,9.646270020888167,688.154,-6.271039005393656
202401,29.0,9.0,15.0,13.35780223074869,13.079025721259116,1079.107,-6.258381774551138
202210,61.0,22.0,21.0,12.523838867641269,11.716355984974419,786.093,-1.3504102059383083
202403,81.0,13.0,35.0,14.041201262527574,13.756958349714607,1286.789,10.271290411545868
202210,39.0,6.0,17.0,12.872100396159201,12.558474472695728,754.44,-0.14038492621134857
202406,209.0,41.0,55.0,14.026451155173572,13.589756101200845,2098.966,0.6771874470456583
202407,85.0,13.0,16.0,12.282635459236134,12.282640090699052,497.311,32.583827021868515
202406,426.0,105.0,101.0,12.12667764471592,11.58901575674377,947.516,8.692327369063316
202312,301.0,100.0,75.0,14.040780646594396,13.99153734419548,1646.547,-3.2603621615054794
202407,81.0,25.0,36.0,13.621480321327242,13.609300325336177,2109.527,-6.213007689051315
202303,381.0,6.0,20.0,12.563330919298973,11.612327262677807,558.529,-5.772818296284798
202403,209.0,35.0,57.0,13.663424079539974,13.547183954024554,1158.07,1.743522893459776
202211,481.0,104.0,38.0,13.409574839136255,13.256514827753321,948.697,-6.2127869616952545
202212,411.0,218.0,118.0,15.914839772343434,15.446630702678858,8407.794,19.013610032581006
202301,162.0,27.0,40.0,12.734038532113754,12.23667459282707,363.592,-4.311360541136021
202301,112.0,24.0,28.0,13.363705132360254,13.295363289014192,1540.005,-6.258381774551138
202210,84.0,13.0,17.0,10.61886089185424,10.618885342030893,117.072,-5.81819238178462
202301,230.0,19.0,31.0,13.021789166869343,12.260238809273902,392.086,-6.271039005393656
202208,104.0,32.0,19.0,9.145375093123823,9.145481799627687,111.987,-5.287821653279789
202308,22.0,1.0,4.0,10.24476963186738,9.821083726281312,74.733,-6.2918148135823255
202211,522.0,190.0,166.0,14.002121236643323,13.749729665402823,2833.793,22.66765500065197
202310,182.0,56.0,39.0,12.574984413214636,11.339666716585016,1474.907,-4.19852886457247
202308,330.0,136.0,32.0,10.053027619805704,10.011713957606998,360.372,-4.0570205653641604
202406,325.0,77.0,57.0,12.52469363538746,12.522065168541138,634.242,-6.164693179590523
202212,419.0,17.0,23.0,11.26525866172332,10.96422488877531,992.889,6.568562294820367
202406,54.0,8.0,5.0,12.435313570025551,11.999780065737445,939.796,-6.194456120449732
202408,62.0,14.0,24.0,11.661431673269453,11.661440293178858,443.431,-6.22494873551995
202409,51.0,0.0,0.0,9.691407573577898,0.6931471805599453,0.0,-6.276933343152721
202402,175.0,4.0,11.0,12.808652132897713,11.306184158355471,239.657,-6.2918148135823255
202306,57.0,8.0,12.0,13.87291966260088,13.113574871371249,4673.769,1.5507461709925794
202301,5.0,0.0,0.0,11.657960436978167,0.6931471805599453,902.498,-6.2918148135823255
202402,954.0,257.0,195.0,14.344578769267546,14.148955359381766,2637.446,35.13791786138572
202311,25.0,2.0,4.0,13.571932129526077,11.588839662059984,506.095,-4.3263801727752815
202208,114.0,61.0,19.0,12.511197946437376,12.48817920364877,1548.298,-1.2657087436482328
202208,31.0,5.0,7.0,12.776147828500125,12.288343637962967,2219.628,-1.4092537626380626
202402,96.0,35.0,20.0,13.258606091073755,11.85189458179003,300.699,-4.02752771045692
202301,505.0,64.0,90.0,12.791996465302095,12.784770913562834,1316.507,34.500736961956875
202309,66.0,2.0,6.0,11.732462520690326,10.018555795363802,152.831,-6.250263197204988
202208,160.0,61.0,31.0,10.346023628853391,10.267401233486057,389.813,-4.013870719451424
202307,556.0,233.0,162.0,13.922814883199589,13.64922218007284,7691.773,16.842236309610982
202208,502.0,171.0,262.0,14.511229927607719,14.116312684858665,8601.805,-4.777110945824491
202301,34.0,10.0,7.0,10.472770745873687,8.517992871586802,58.953,-6.2918148135823255
202207,17.0,4.0,7.0,12.733357076959432,12.398752865639832,1303.863,-6.275982941585651
202211,23.0,7.0,11.0,13.516046010641347,13.481044308005798,1764.506,-6.173680312261062
202405,311.0,47.0,113.0,12.419266865990716,12.379971329313046,1146.331,11.029000819636481
202212,217.0,64.0,55.0,11.345725005958496,11.345736825800465,580.358,4.163077995895872
202301,224.0,84.0,76.0,14.089949323664191,13.82258149982813,2220.971,9.284926486679952
202212,339.0,116.0,53.0,12.109611303392665,11.99068642814879,616.358,0.910225478562376
202210,97.0,9.0,51.0,12.079204716921186,11.863941427032282,566.293,-6.2918148135823255
202406,104.0,14.0,49.0,12.951166906712865,12.145419898318224,1613.576,-5.319485397273138
202407,444.0,216.0,62.0,10.25224120572685,10.252276483450736,1064.814,19.492656677780566
202207,318.0,61.0,100.0,13.120399450161083,12.856001734052949,2815.657,32.91132266100655
202303,1.0,0.0,0.0,13.517865687914949,13.517867034597497,8797.748,-6.227889159480919
202210,13.0,7.0,1.0,9.876681458115621,8.045908742270779,81.908,-5.319485397273138
202407,4.0,0.0,0.0,12.279968809539849,12.279973453369708,1138.544,-6.036112197176701
202211,48.0,11.0,14.0,12.520186062004802,12.189907693862004,522.608,1.5507461709925794
202401,333.0,76.0,76.0,14.857205344947243,14.446120945923951,3216.653,7.535137108019555
202303,205.0,14.0,82.0,15.582793403774616,14.251552719946321,6576.58,1.1906070617284366
202307,347.0,119.0,81.0,11.50417731121252,11.14556506289561,945.833,-2.679289547254068
202403,39.0,5.0,8.0,14.64526252842119,14.115866230002606,2219.094,-3.341393525623576
202303,298.0,119.0,45.0,8.952734767106872,8.952864141581468,625.342,12.175194927806158
202308,265.0,42.0,40.0,10.549176181936373,10.017441042611972,266.623,-2.5157316018370746
202207,267.0,36.0,134.0,13.517403668775367,13.154143012740354,3177.579,-5.2860523582419505
202308,66.0,21.0,19.0,14.706138807075996,13.804593179671421,6818.241,-6.19622541548757
202210,106.0,29.0,34.0,14.016342240467317,13.432814261908812,3544.435,-4.971539392687067
202406,4.0,0.0,0.0,12.323757898628221,12.323762343497398,916.779,-6.036112197176701
202310,98.0,19.0,44.0,12.583302874623554,12.494052173737604,880.287,-5.319485397273138
202401,282.0,82.0,41.0,12.703870778839876,12.624700740164618,647.138,-4.23646438508353
202308,8.0,1.0,3.0,6.343880434126331,6.345636360828596,18.704,-6.250263197204988
202402,71.0,14.0,11.0,11.06124886505737,10.996232662926191,248.879,-6.2918148135823255
202408,39.0,5.0,8.0,14.51044114730499,14.402520810425132,3199.366,-3.341393525623576
202401,200.0,78.0,81.0,11.37927978010031,11.177270893969352,488.023,-5.035465046788473
202210,92.0,12.0,28.0,11.259400022769933,10.917231620558995,325.075,-5.180575087763207
202303,160.0,35.0,44.0,11.36958613135462,10.937294617838122,525.063,1.595390582281393
202408,67.0,32.0,6.0,12.026796446922178,12.015692707018056,525.782,-6.100037851278107
202406,251.0,22.0,89.0,14.203301052947149,14.014133521890928,3895.177,41.19067926259531
202208,33.0,8.0,15.0,11.6520959281082,11.494730943977732,480.769,-4.3263801727752815
202212,767.0,72.0,170.0,12.607308824308301,12.588903521129403,615.309,-4.182696992575795
202403,446.0,121.0,202.0,15.244928582730616,14.672503836943584,4140.667,7.3076564523895655
202310,41.0,4.0,18.0,13.136497025180967,12.902190409534953,1385.778,0.5479241396131735
202303,160.0,61.0,31.0,11.575336725091626,11.405640877250129,286.661,-4.013870719451424
202303,482.0,11.0,19.0,10.364229676134132,9.954228194239311,100.298,-6.241276064534448
202307,29.0,9.0,15.0,12.734312753128762,12.596816593790278,890.3,-6.258381774551138
202308,68.0,13.0,8.0,11.147296265359264,11.147310679462022,380.994,-6.2918148135823255
202405,576.0,219.0,206.0,14.863870063356922,14.764690462564765,5303.836,28.385832908528563
202210,49.0,26.0,13.0,10.422370627679848,9.95655427347282,303.221,-6.276933343152721
202303,264.0,36.0,132.0,14.33668781818818,13.886852135746583,2447.101,-5.2860523582419505
202308,34.0,9.0,9.0,9.736547097780475,9.346181594887597,83.009,-3.3748265646547635
202207,42.0,0.0,0.0,13.818045342681383,0.6931471805599453,8703.934,-6.2918148135823255
202207,61.0,22.0,21.0,12.37193871709284,11.640271517759631,1083.61,-1.3504102059383083
202207,330.0,21.0,36.0,13.911724874368439,12.85309735047334,3974.33,-3.77172637685948
202401,105.0,21.0,14.0,11.462337185159381,11.462347704001257,175.888,-6.2918148135823255
202402,283.0,100.0,26.0,12.458223390667294,12.379988136812552,309.335,-3.2935744731806067
202208,215.0,43.0,73.0,11.986952240499122,11.958482701311038,975.821,-6.221774094365794
202312,202.0,6.0,26.0,12.527210045114272,11.71811683585493,502.181,-6.256157534964052
202307,38.0,5.0,9.0,12.02066432959325,11.20241138126872,844.595,0.5303229725786602
202310,7.0,1.0,0.0,12.073866089208066,9.713718330607016,1448.905,-6.227889159480919
202207,6.0,1.0,0.0,10.801532844068934,0.6931471805599453,179.67,-6.2918148135823255
202409,38.0,9.0,5.0,8.160518247477505,8.160803920954665,79.191,-6.2918148135823255
202401,83.0,36.0,25.0,14.60926070497075,13.386292570578044,3237.978,-6.140247273229875
202311,505.0,62.0,90.0,12.307527544185506,12.295831079235436,795.782,34.500736961956875
202407,110.0,48.0,41.0,12.764596408852274,12.764599269112814,815.633,-6.2918148135823255
202408,60.0,5.0,14.0,10.12615098861346,9.57858809226753,398.989,-6.2918148135823255
202401,486.0,36.0,184.0,14.322083552105319,13.559035120270499,2651.694,-6.2918148135823255
202207,210.0,27.0,81.0,15.025931031325891,13.918396514424398,10775.959,7.561667519318224
202310,26.0,13.0,7.0,12.031356097212264,11.954536049714745,308.584,-5.265276550053281
202308,178.0,13.0,19.0,9.435960853165286,8.602636673233706,109.743,-5.985524089532915
202301,63.0,13.0,15.0,11.895647226101454,11.895654046104523,695.181,-6.2918148135823255
202403,451.0,231.0,83.0,12.889782938402446,12.720867381936767,1839.337,18.526015812212542
202211,310.0,177.0,75.0,13.6453187375712,13.479510409891725,1828.172,-1.5450280345351386
202308,80.0,14.0,30.0,13.006604541672258,12.802830063746216,1644.163,12.658534166485412
202301,228.0,28.0,92.0,14.491596520130537,14.448249874464125,2556.869,8.823099383513728
202207,16.0,6.0,4.0,13.200625423717938,12.937928388886023,2087.481,-6.258381774551138
202210,108.0,13.0,22.0,11.31314437369291,11.299855999227493,436.457,9.329381501466077
202405,243.0,93.0,71.0,14.142108489413722,13.906221997937118,2045.103,2.830510753130728
202408,39.0,7.0,9.0,13.191581556840871,12.826124802269428,5023.862,-6.213007689051315
202208,94.0,34.0,20.0,10.21804278528445,10.183351644059842,269.09,-4.02752771045692
202410,96.0,10.0,12.0,12.534203042696342,12.133023343556598,1595.083,-5.289722456413929
202303,11.0,1.0,2.0,12.95762551731169,12.409066549343656,3404.718,-6.258381774551138
202311,233.0,10.0,69.0,13.470406978242973,12.613891647721298,2825.849,-4.375180957638697
202403,168.0,27.0,84.0,14.533661522208039,14.006282145806779,8664.355,-4.3856767973271635
202310,170.0,32.0,108.0,13.967224270798113,13.596550742608896,2313.441,-0.017648922960683322
202212,61.0,7.0,5.0,10.673341112178944,10.673364265954747,67.961,-6.276933343152721
202308,244.0,35.0,38.0,9.697876897764221,9.629445365788381,284.714,3.8900672881224168
202410,14.0,7.0,1.0,11.40834242477779,9.513255825068553,570.853,-5.319485397273138
202303,67.0,25.0,21.0,15.339319337668844,12.661657192660517,3953.298,-4.3263801727752815
202312,24.0,5.0,7.0,11.510352156851102,11.485307577933556,463.321,-6.227889159480919
202208,489.0,137.0,88.0,9.548668029096856,9.521055143538536,1290.949,3.159282693807498
202307,124.0,36.0,51.0,13.08420865588003,11.396964518301022,1865.31,9.747246737318589
202404,347.0,119.0,81.0,12.617715299913922,11.95232812410609,632.08,-2.679289547254068
202301,22.0,7.0,11.0,12.186385111610496,12.03521907924234,251.151,-3.3748265646547635
202311,30.0,13.0,11.0,11.410815217020449,11.358654777942395,219.85,-2.182402451962317
202406,253.0,90.0,36.0,13.324325783703259,12.406054012550966,1420.001,-1.6575115969057244
202404,732.0,259.0,163.0,15.719040356035247,13.487747882760097,6319.493,-0.19270669774995408
202210,13.0,3.0,6.0,12.024214981121506,12.024220978320814,1028.802,-6.163963505379513
202301,346.0,119.0,81.0,13.315824326814132,12.7544425780685,1139.015,-2.679289547254068
202303,132.0,37.0,47.0,12.315984786805988,12.038251448529742,459.775,-5.319485397273138
202409,3.0,0.0,0.0,12.090717909167145,0.6931471805599453,175.15,-6.2918148135823255
202211,59.0,11.0,30.0,13.261996615845318,12.685286851880711,750.339,-5.2860523582419505
202409,258.0,42.0,34.0,10.20499856292435,10.205035547224519,417.188,6.871809885811926
202212,28.0,3.0,6.0,13.863182001360816,13.214566918417804,3848.449,-5.828503362875808
202301,552.0,87.0,162.0,15.291517872693873,14.889513163936567,6172.98,-3.197489618068028
202404,96.0,9.0,28.0,12.62553598628193,11.976275759791982,1182.125,-1.4301677320363888
202301,107.0,10.0,15.0,10.332766838743547,10.332799387118573,596.516,-4.682144187396456
202210,103.0,25.0,39.0,11.399230312522345,11.399241516564762,391.539,-1.2682573747507027
202312,153.0,3.0,9.0,10.561836227553378,10.561862112494815,92.248,-6.2918148135823255
202212,396.0,211.0,64.0,13.976985492689103,13.952290667787851,1080.126,3.1075501443841613
202406,580.0,248.0,165.0,12.250558320569452,12.210806423502685,1241.16,8.059934435594464
202404,104.0,26.0,21.0,13.914168763234912,13.48289248450503,1334.631,12.182444096292235
202312,253.0,26.0,91.0,14.993799333409079,13.841639212123935,5400.829,-5.319485397273138
202309,305.0,39.0,25.0,11.057282229917783,10.834647192276401,246.507,-6.276933343152721
202310,57.0,8.0,36.0,13.659472932307304,13.62599156163237,2010.914,-2.113361492908764
202403,4.0,0.0,1.0,11.622980942028274,10.831351060762898,1735.636,-6.227889159480919
202303,43.0,15.0,21.0,12.826678702710575,12.764576386799412,869.591,-6.258381774551138
202311,451.0,231.0,83.0,12.139970235488915,11.985326218815686,1527.752,18.477922030107813
202309,36.0,6.0,7.0,12.130168445740445,9.841718526138497,524.865,-6.250263197204988
202312,38.0,14.0,9.0,12.050529329768825,11.904920254330403,278.569,-6.271039005393656
202303,74.0,21.0,33.0,12.59891846428196,12.581161016979621,547.074,-6.276933343152721
202403,331.0,101.0,66.0,12.639781776077987,12.62406232604254,645.706,-1.0324952187598528
202210,558.0,209.0,91.0,14.453094815916835,14.272400451814622,1261.581,27.94024569250825
202207,41.0,2.0,6.0,14.1254209897146,11.137868313033447,5029.74,-5.319485397273138
202403,88.0,18.0,13.0,10.001702600033083,9.963170554697301,235.579,-6.2918148135823255
202307,301.0,103.0,50.0,10.049577258408023,9.87075772791321,735.281,2.1954191155017426
202405,286.0,50.0,147.0,13.668011208912116,13.60851713836467,2153.259,-5.304603926843534
202407,584.0,283.0,96.0,11.185795453551336,11.150907702131205,994.516,30.32132090667251
202307,131.0,24.0,15.0,10.385357991846698,10.385388872723718,210.68,-6.250263197204988
202405,159.0,36.0,65.0,12.713140216653834,12.20404559244554,766.897,-3.278197545733179
202303,368.0,36.0,178.0,14.406087770109615,13.779741401330666,3648.51,-3.33916928603649
202210,12.0,4.0,6.0,11.611213026154173,11.481135475480599,356.737,-6.2918148135823255
202311,332.0,126.0,18.0,12.275859868103412,10.963393662322158,1138.905,-2.684315090218941
202312,1.0,1.0,0.0,14.494393993260271,14.494394500443121,2168.883,-6.2918148135823255
202301,302.0,103.0,50.0,11.839325720482037,11.558032664868993,891.157,2.1954191155017426
202303,59.0,6.0,19.0,13.122343377204325,12.618821165084597,1785.379,-4.347155980963951
202406,62.0,14.0,24.0,11.680133383954136,11.680141844155234,283.937,-6.22494873551995
202212,1.0,0.0,0.0,14.355740214714112,14.355740797328378,9316.314,-6.227889159480919
202404,34.0,7.0,12.0,10.599455750282775,10.599480679545993,59.979,-5.319485397273138
202210,97.0,14.0,32.0,12.791297698972016,12.521087744049593,727.245,-4.072852437360835
202307,147.0,54.0,42.0,8.83840674707681,8.775703886567738,211.471,-2.8707115177868396
202308,48.0,9.0,14.0,14.569265419020681,14.549893727337011,5673.52,5.0691749523701635
202405,7.0,0.0,0.0,13.834293057263642,13.692414809809495,1446.566,-5.319485397273138
202303,179.0,14.0,46.0,12.821169091453626,12.534170630061896,977.037,-5.972137184479387
202303,49.0,17.0,21.0,12.968286361530481,12.256984367128085,889.194,-4.292947133744094
202407,275.0,72.0,57.0,8.29853954537488,8.2987883944492,401.104,3.623549069218061
202408,5.0,1.0,0.0,14.957443476960657,14.95744379616204,4326.471,-6.100037851278107
202404,101.0,10.0,50.0,13.111854350509589,13.090046775927785,956.161,20.75215524807929
202301,37.0,9.0,14.0,13.507190309242471,13.27880286448418,2257.428,-5.153036386491083
202207,170.0,17.0,73.0,13.307220051404812,13.18178822095104,2633.235,-6.163963505379513
202401,7.0,2.0,2.0,14.448421947353351,13.86222237338623,2412.588,-6.227889159480919
202210,142.0,30.0,65.0,12.30962602930834,12.163514770240301,372.419,-6.276933343152721
202208,214.0,43.0,130.0,12.61887080100513,12.551582491084334,1334.96,-5.255559743171732
202405,25.0,5.0,7.0,11.238712278465412,11.227840018365713,344.883,-6.227889159480919
202408,423.0,149.0,69.0,11.586519733772404,11.49905977910859,1181.66,3.15246423998361
202301,103.0,15.0,16.0,11.478437534511555,11.404493570787915,148.912,-5.271170887812346
202212,144.0,82.0,25.0,12.846401685504771,12.838333294978439,505.019,-6.227668432124859
202301,904.0,19.0,73.0,12.854465631427674,12.793381418482346,734.122,-5.184245185935185
202311,259.0,66.0,97.0,12.714443258221053,12.580782969829203,815.817,-6.121565151594428
202309,143.0,8.0,17.0,10.05298456368204,9.914279113614327,82.799,-6.276933343152721
202307,16.0,6.0,4.0,13.15235897743971,12.891043994880773,2285.086,-6.258381774551138
202208,38.0,2.0,13.0,10.379783841404883,10.379814894894523,291.842,-6.163963505379513
202303,326.0,77.0,57.0,12.789658834104175,12.783329061459112,634.633,-6.164693179590523
202406,38.0,2.0,3.0,14.690165631049833,14.220184686664023,6540.154,-5.969246119114326
202401,391.0,131.0,122.0,14.625338388999499,14.493158239477268,3512.349,2.5677199985905794
202212,202.0,7.0,35.0,12.89305838332654,12.763806664047578,176.69,-6.256157534964052
202301,98.0,7.0,66.0,13.009998387593619,12.934977820176426,915.873,-6.271039005393656
202309,45.0,21.0,7.0,11.42514288158647,8.297543529356284,282.268,-6.276933343152721
202404,58.0,5.0,19.0,12.517260040656662,12.345586731104417,604.37,-6.246220000726442
202401,173.0,35.0,27.0,13.693429925855012,13.308261862688626,1099.117,-5.092051156350646
202303,141.0,43.0,61.0,13.784273728622416,13.60550902083701,3783.357,11.064435797459288
202207,1131.0,394.0,205.0,12.601561489115563,12.36340967212996,2477.649,57.33180604220519
202303,155.0,15.0,34.0,14.599552274616416,13.67876371560333,11906.213,3.019648708279318
202401,25.0,8.0,14.0,13.652957510237421,13.571329767534262,3482.966,-6.275982941585651
202311,77.0,29.0,28.0,12.174478773938995,12.037109466979105,733.501,-6.153716744429807
202406,135.0,1.0,2.0,7.527793987721444,7.528331766707247,22.423,-6.2918148135823255
202210,217.0,100.0,57.0,11.088904252333467,11.088919533156798,306.714,-4.971539392687067
202301,59.0,4.0,12.0,16.159134613939216,13.245992403025399,8733.412,-5.319485397273138
202301,202.0,23.0,50.0,13.592354506571938,13.485711208030896,998.067,25.362498833797865
202404,49.0,16.0,22.0,12.84654399749506,12.09349727640927,895.014,-4.292947133744094
202408,103.0,14.0,44.0,12.29962673886229,11.808136622592466,1762.577,14.199091803569493
202409,71.0,2.0,1.0,11.009422961584018,7.99799931797973,239.486,-6.2918148135823255
202309,2.0,0.0,0.0,11.44725563748021,0.6931471805599453,86.671,-6.2918148135823255
202303,154.0,62.0,18.0,11.333906448780748,11.333918409144104,381.644,6.4282251245351905
202408,125.0,46.0,15.0,11.783791944493448,11.481568947807082,867.29,-2.0396696733299002
202309,320.0,23.0,35.0,11.854911046563581,11.786252495054399,445.077,-6.271039005393656
202301,25.0,4.0,11.0,13.495876755835752,13.34831737571002,2794.887,-5.319485397273138
202210,63.0,33.0,14.0,8.340456012916183,8.340694647925071,339.712,1.4868205168911732
202210,46.0,9.0,34.0,12.813046279840455,12.813049004825434,994.158,-5.298709589084469
202307,65.0,4.0,4.0,13.727352341787725,13.725765265412667,2077.083,-6.227817050640098
202303,28.0,3.0,6.0,13.59810426705165,12.923500158582778,3054.59,-5.828503362875808
202409,43.0,0.0,0.0,9.966603186850204,0.6931471805599453,0.0,-6.2918148135823255
202208,139.0,44.0,60.0,13.173755866871884,12.446218829379948,2066.923,-4.871956459967388
202210,29.0,4.0,9.0,13.583159749649127,13.27943891850866,1507.503,-4.029702591448098
202301,321.0,17.0,12.0,13.977631108119535,13.821873272893752,4054.133,-4.091453364558326
202409,35.0,14.0,17.0,10.914160761304029,10.914178959831768,557.576,-6.250263197204988
202303,377.0,67.0,158.0,15.213444169444172,14.968875517139173,4976.192,-3.2279822331382464
202407,172.0,37.0,45.0,11.646538104294148,11.646546853544994,594.101,4.493918290465253
202401,250.0,61.0,97.0,13.631258338640249,12.822643810822017,1791.917,13.08523394510152
202312,265.0,47.0,64.0,14.758594329133718,13.790743367593048,3004.274,-1.002154974640141
202303,698.0,200.0,131.0,12.013276420442198,11.875483072067116,1116.694,6.421539117667766
202303,23.0,8.0,3.0,13.585977889640805,11.165677376847421,116.547,-6.2918148135823255
202401,143.0,12.0,78.0,13.922848117981317,13.72048863660949,2136.888,-6.097838814997305
202306,70.0,6.0,17.0,13.683786673669054,12.181569889915826,2997.257,0.003126885227985987
202312,160.0,8.0,41.0,13.431471758268387,13.247802364662737,1696.048,-0.3790311911961908
202410,80.0,21.0,16.0,11.25063819753839,10.955147986308445,473.23,-6.213007689051315
202307,170.0,30.0,51.0,12.851328632725322,12.711503744978858,1159.679,-3.3540507564660946
202409,103.0,38.0,51.0,12.581353422461023,11.092869425057021,1415.162,-6.222724495932864
202311,450.0,121.0,203.0,15.096325785280373,14.593423429180108,3891.687,7.5277511487728255
202407,498.0,17.0,11.0,12.48983705394785,12.220192489690856,2125.331,-1.5474956729306122
202403,275.0,90.0,76.0,13.673200171061112,13.5351906514727,1283.319,-4.795373575023463
202410,64.0,1.0,2.0,10.435115303931381,10.435144685882051,111.308,-6.2867327161806745
202207,130.0,36.0,12.0,9.665991494997519,9.666054896487474,165.109,-5.255559743171732
202303,572.0,131.0,274.0,14.482468781969406,14.333492712565944,4135.034,19.131526467754497
202404,204.0,15.0,22.0,12.46636938953407,11.872716548698314,590.156,-6.2918148135823255
202312,526.0,159.0,188.0,13.114867352277383,13.106374229543627,1800.78,-4.053854132642224
202210,238.0,82.0,42.0,11.325028393843088,11.323772628023256,414.994,-5.914105868137046
202309,376.0,14.0,25.0,11.15043363570993,11.149599883056156,240.312,-6.2918148135823255
202311,82.0,9.0,23.0,11.425623136567431,11.032936144246145,161.566,-6.271039005393656
202207,375.0,126.0,142.0,12.900606364401453,12.16343650644431,1276.547,9.427032952002968
202407,149.0,26.0,12.0,13.201198587114774,12.813027204737688,3215.555,-6.22494873551995
202308,58.0,1.0,7.0,12.006798197083556,0.6931471805599453,548.3,-6.163963505379513
202303,175.0,4.0,11.0,12.093413336141115,11.297638469933798,234.376,-6.2918148135823255
202307,236.0,84.0,43.0,11.319862424444183,11.318308630082122,585.165,-5.914105868137046
202401,30.0,1.0,10.0,12.093396547241936,11.786488328861125,362.751,-6.276933343152721
202409,60.0,14.0,18.0,11.494547622186369,11.494557807612043,546.587,-6.203629483425998
202210,716.0,291.0,152.0,12.076977114195222,12.069353319699212,2686.663,40.81900491177231
202403,68.0,11.0,35.0,11.458353116144508,11.41751528016557,587.773,-5.299521829441883
202312,156.0,14.0,35.0,15.181900126569296,14.073341485446539,15425.094,3.019648708279318
202403,88.0,26.0,9.0,9.892072649720829,9.892123222457078,120.327,1.0334876178795147
202212,537.0,179.0,87.0,14.248621961025602,13.970473764744941,1314.504,-2.8411015996828617
202303,473.0,182.0,90.0,11.557066744563603,11.552665274139088,824.088,11.848983662786301
202207,22.0,6.0,7.0,12.475504185563112,11.526887539986284,1483.111,-6.2918148135823255
202407,515.0,230.0,97.0,10.674104903862972,10.42753537647124,1778.968,20.72089709003928
202310,62.0,8.0,24.0,13.081845503301437,11.718010946362735,773.651,-6.2918148135823255
202303,71.0,14.0,11.0,10.70447966004682,10.632846115058646,208.459,-6.2918148135823255
202210,82.0,9.0,23.0,11.12558510672061,10.725093908749692,191.436,-6.271039005393656
202312,61.0,4.0,26.0,14.111975943935652,13.889353780789271,2729.741,1.7541048009794729
202303,38.0,12.0,6.0,11.684228203615053,11.138711900365669,487.479,-6.2918148135823255
202303,171.0,9.0,27.0,13.771010976068297,12.893151450688512,1052.621,-6.243500304121533
202309,104.0,23.0,16.0,9.36314729221994,9.285726098882073,200.443,-6.258381774551138
202210,266.0,24.0,98.0,13.850620912077149,13.741545344850765,3659.806,44.10258541412122
202401,18.0,6.0,3.0,13.15627966230481,12.943851355110692,1157.558,-1.4301677320363888
202301,27.0,13.0,8.0,11.109787646621156,11.109802611640422,182.64,-6.2918148135823255
202403,1162.0,408.0,243.0,13.220215777571834,13.148052566418146,2368.732,38.01490885562248
202406,113.0,28.0,30.0,12.172122816827107,12.16285194307561,849.315,-6.258381774551138
202301,314.0,97.0,87.0,12.758971640517895,12.748164351170162,890.443,17.382996047448003
202301,176.0,21.0,26.0,13.539369629559031,13.144390978589684,2067.705,-6.227889159480919
202207,128.0,38.0,32.0,12.3489688015571,11.14656087048398,1407.476,2.492582972231549
202402,35.0,12.0,7.0,14.204316333445384,13.798989839309561,832.846,-2.33857149424417
202212,528.0,188.0,95.0,13.049480807984057,12.76648240390192,1331.102,13.453410942262527
202311,264.0,36.0,56.0,12.216606964245074,11.927092600372294,405.554,3.055355345493501
202408,256.0,130.0,69.0,12.124927663909194,11.937814043536383,2648.903,-5.0637827808675135
202403,136.0,60.0,34.0,11.851495499673588,11.85150262753676,403.559,-1.8983821014776519
202402,335.0,73.0,78.0,12.897908967290018,12.859894107423951,617.066,-0.3139344081716535
202403,95.0,14.0,57.0,13.274225726713574,13.274227444925158,610.053,-6.271039005393656
202410,213.0,16.0,23.0,11.268749780827587,10.461158593533623,331.956,-3.3540507564660946
202405,20.0,1.0,10.0,13.167885349705077,13.167887260700466,3345.087,-5.999738734184544
202402,166.0,17.0,7.0,13.73840162589282,12.897080038376421,2759.157,-6.271039005393656
202410,39.0,11.0,5.0,11.5712792751503,11.317226832734596,325.829,-0.2377436193439424
202208,127.0,26.0,26.0,10.899236205744998,10.80754374674194,424.688,-6.201948687744196
202311,157.0,29.0,78.0,10.951946247987701,10.95196377171044,269.665,-4.021584014101947
202407,35.0,2.0,14.0,13.309808453196966,12.626386956488544,2635.587,-6.143187697190844
202401,47.0,18.0,8.0,13.396797583102604,12.108316476732282,737.695,-4.216292139959348
202307,110.0,22.0,22.0,12.453221744191184,12.22970616088965,1164.16,-6.256157534964052
202301,57.0,4.0,4.0,10.419927387086586,9.994378892724196,84.674,-6.2918148135823255
202208,63.0,4.0,52.0,11.537305833695607,11.460715961517623,355.053,-6.271039005393656
202309,25.0,8.0,9.0,9.643550340392906,9.276408971945887,87.009,-6.2263945941048435
202409,7.0,0.0,2.0,12.288334427697206,10.077692928727824,917.181,-6.275982941585651
202311,84.0,14.0,17.0,14.07895423965133,13.523284845462621,2123.167,5.294931646016421
202407,302.0,71.0,98.0,14.321890112596595,14.188229997830176,4312.575,22.12757091995183
202308,178.0,3.0,7.0,9.7881328161731,8.854950316500325,159.529,-6.276933343152721
202303,250.0,13.0,25.0,12.60906803973741,12.481713765802137,766.134,4.48851022810881
202410,51.0,4.0,9.0,15.45006694351679,14.784338330452883,8621.543,-5.2406782727421275
202207,46.0,18.0,2.0,8.639410824140487,8.639587799629844,159.795,-6.227889159480919
202210,391.0,69.0,80.0,12.859118925685666,12.393236625511651,1579.798,-1.8771256978167346
202306,11.0,0.0,0.0,14.507130573000342,12.256656438280954,4334.266,-6.227889159480919
202308,50.0,2.0,12.0,10.899771760102714,10.899790222379668,176.899,-4.981256199568617
202207,371.0,215.0,54.0,12.572408769611146,12.113858667542235,1069.116,-2.73774490463188
202307,43.0,15.0,21.0,12.36288834247116,12.280256686219182,1001.69,-6.258381774551138
202409,212.0,26.0,72.0,12.373843012063759,11.7328558596211,1700.538,20.889215269844385
202212,548.0,27.0,59.0,12.788832809829024,12.558790771579723,649.66,-6.203717982782034
202308,286.0,54.0,54.0,12.70410478049719,12.679623102339919,602.996,-4.347155980963951
202207,116.0,13.0,14.0,13.415734237973577,13.311673788495844,1487.823,-6.171456072673977
202212,115.0,2.0,3.0,8.522777569710138,8.522976436171964,53.941,-6.256157534964052
202410,395.0,23.0,31.0,11.957835620041322,11.95370623553906,413.054,12.5919052850869
202303,28.0,12.0,8.0,12.588886472778576,12.42644034773759,336.743,-5.265276550053281
202303,123.0,18.0,34.0,13.408888781172728,12.417499827462782,842.718,12.686559143160155
202210,188.0,18.0,49.0,12.630630979041689,12.603697095859177,703.075,-6.256157534964052
202212,383.0,80.0,96.0,13.693793669846515,13.160964667985823,1997.502,32.12883872481879
202403,187.0,33.0,99.0,14.146123519653825,14.043538162847765,3747.861,-5.623970452537256
202301,14.0,5.0,6.0,11.572156174565789,11.456619628759134,560.182,-6.291742704741504
202410,18.0,2.0,4.0,5.303304908059076,5.308267697401205,52.435,-6.271039005393656
202307,13.0,3.0,6.0,12.063696539203958,12.063702304238447,1443.357,-6.163963505379513
202301,181.0,31.0,90.0,12.399878010265414,12.399882129348095,915.299,-3.0338369711504742
202410,227.0,22.0,19.0,8.173857454773621,8.17413934342947,124.586,-6.241276064534448
202408,399.0,132.0,52.0,10.701467609576829,10.698581930003753,848.771,-3.0119990896390876
202310,72.0,24.0,5.0,10.982237212107986,10.916414856894058,240.514,-4.283230326862545
202210,504.0,194.0,118.0,12.977686677369322,12.7140672657846,1745.592,11.39797499387837
202405,319.0,24.0,105.0,14.964403011310639,13.974851743778515,7758.881,-1.0619548661165972
202308,71.0,4.0,17.0,11.51744523540189,11.479596163321366,488.973,10.496395096489957
202210,181.0,31.0,90.0,11.654069061117726,11.654077744726113,695.891,-3.0338369711504742
202303,151.0,64.0,26.0,11.719142568814718,11.719150705345708,383.635,-4.009656457470438
202303,61.0,10.0,11.0,12.143888683574591,11.931287054813414,560.514,-3.119074589653231
202303,109.0,16.0,42.0,13.232098112201117,12.586548096934733,1844.77,-6.271039005393656
202404,8.0,1.0,2.0,13.563844067716825,13.019634950315803,3402.366,-6.227889159480919
202312,103.0,44.0,12.0,12.302018986577382,12.202681903456064,367.395,-6.227889159480919
202210,119.0,16.0,76.0,12.169963486467664,12.114313652790472,454.988,-6.255207133396982
202312,171.0,14.0,69.0,13.901646051479942,13.618239410817457,2325.918,12.740767990380013
202404,468.0,9.0,2.0,12.754225845442024,12.292461328686233,819.151,-6.204172927331281
202301,70.0,22.0,33.0,14.106012899715259,13.380855539565562,1392.212,-4.165095825541282
202301,174.0,4.0,3.0,13.143138081100725,13.040675984644112,1546.9,-6.115648995918721
202306,36.0,18.0,10.0,13.701158629322325,13.44871456860147,4355.189,-6.00779446309766
202402,331.0,101.0,66.0,12.85244263453119,12.837107692226002,748.74,-1.0324952187598528
202406,84.0,13.0,18.0,10.87899014404213,10.879008994005844,137.611,-5.851625420815807
202409,142.0,30.0,19.0,9.960765403687601,9.960812619155398,181.374,-6.271039005393656
202407,170.0,32.0,109.0,14.421900874597938,13.722915987552769,3695.547,-0.017648922960683322
202210,97.0,9.0,51.0,12.079204716921186,11.863941427032282,566.293,-6.2918148135823255
202407,526.0,187.0,98.0,12.40688469463779,12.303838897627228,1161.69,13.453410942262527
202408,74.0,9.0,26.0,11.475379348896258,10.839894587995108,722.408,-1.3020236664292817
202407,353.0,150.0,66.0,11.936983318435706,11.569305798406337,1085.658,6.739604466393166
202306,28.0,7.0,14.0,12.61231744959643,12.605201052420501,992.407,-6.036112197176701
202308,480.0,166.0,150.0,13.151718275363661,12.693983725005037,3334.024,20.157130348055446
202407,29.0,5.0,15.0,11.726301468725387,11.726309547216001,647.128,0.734585796965245
202405,131.0,24.0,15.0,10.584663361314853,10.584688662077673,157.949,-6.250263197204988
202406,201.0,88.0,30.0,8.074337694089515,8.074649075066652,252.266,-5.2860523582419505
202208,124.0,17.0,25.0,11.315400926273638,11.25630268658185,459.576,-1.3633016539740135
202211,196.0,81.0,108.0,11.872569995319472,11.871746105255204,650.101,-6.2918148135823255
202308,136.0,29.0,17.0,8.506738733512378,8.407601514786142,78.672,2.5007015495776983
202211,181.0,121.0,20.0,11.538310520693338,11.292590465978058,902.604,-5.972186543075295
202403,32.0,12.0,12.0,13.812129849804796,13.641582080532578,3184.799,-6.161023081418544
202210,87.0,8.0,41.0,10.876442131527824,10.832339066455141,244.496,-6.186337543103582
202410,1.0,0.0,0.0,7.723120092266331,0.6931471805599453,184.751,-6.2918148135823255
202408,105.0,21.0,14.0,11.14534845170463,11.145362893910532,230.726,-6.2918148135823255
202212,170.0,48.0,68.0,12.740968249066555,12.546241612245671,1006.083,7.184917505250491
202208,171.0,25.0,81.0,14.663158785537155,12.548463049486612,3246.989,-6.2918148135823255
202408,525.0,95.0,64.0,11.858619337024724,11.786708897243923,927.1,-6.124010118537575
202406,178.0,50.0,49.0,10.527150669565488,10.516346161867236,436.463,-4.5469611445611635
202301,153.0,35.0,30.0,12.081393385485947,12.081399049395234,572.065,4.795823905987676
202307,188.0,0.0,7.0,10.000750370156338,9.90817654202226,80.831,-6.2918148135823255
202309,5.0,4.0,1.0,9.09121894106832,8.969287400118406,178.583,-6.2918148135823255
202301,23.0,8.0,3.0,11.318612295323895,11.318624440015755,144.672,-6.2918148135823255
202211,203.0,83.0,40.0,11.990537576169404,11.766062675418327,366.042,-3.0700304059814294
202301,64.0,17.0,29.0,12.751980623550002,12.674014776347423,1759.907,-5.958220325357702
202311,63.0,10.0,32.0,13.729157146286168,13.644966572493443,2861.668,-6.097097427317138
202303,40.0,10.0,10.0,12.485902721584404,12.218727237363412,1121.41,-5.260056291441973
202208,211.0,45.0,81.0,13.492893296369338,13.218017134542837,2810.586,23.01108364744416
202210,53.0,8.0,16.0,11.296049729793,10.263362371409995,207.422,-6.237605966362469
202406,64.0,3.0,9.0,13.212586092523642,12.70244126864462,1629.117,10.711407695471562
202303,331.0,100.0,67.0,12.260717068608484,12.232583117008524,667.085,-1.0324952187598528
202410,2.0,0.0,1.0,10.619936134498339,10.61996055839957,68.534,-6.291742704741504
202310,284.0,101.0,26.0,11.115160633488252,11.060871767447471,216.535,-3.2935744731806067
202409,7.0,0.0,2.0,10.43587895421668,6.706862336602747,122.544,-6.275982941585651
202210,74.0,20.0,41.0,12.228548168045343,12.147330625506411,845.877,-1.8933000040760009
202303,75.0,18.0,23.0,13.78476368024047,12.623660640273936,1851.183,-5.142369178042463
202408,54.0,21.0,13.0,9.496646498248033,9.496721598694915,266.277,-5.030349741836326
202310,229.0,19.0,57.0,12.417839729541885,11.85584118341755,1098.445,-4.296617231916073
202303,350.0,158.0,60.0,13.07187397033908,13.022585030190882,1431.753,20.607095087914622
202310,481.0,104.0,37.0,13.07832162167829,12.946675767246415,1007.95,-6.2127869616952545
202312,265.0,54.0,41.0,14.046477030284349,13.040500180311712,3191.264,20.03089373869583
202312,27.0,17.0,5.0,10.215374313684727,10.054447432887068,104.124,-5.787699766714401
202408,39.0,4.0,10.0,13.231721691207436,12.266847844244632,905.604,0.5303229725786602
202401,168.0,27.0,84.0,14.633187739909927,14.102886333511947,11181.65,-4.3856767973271635
202309,251.0,107.0,64.0,13.007298145172122,12.53975886194157,1825.862,3.7794253540956184
202301,46.0,17.0,20.0,12.973417794194084,12.904005854761497,2278.803,-4.1062854763920225
202310,52.0,9.0,32.0,11.796546803791832,11.575674886623338,584.326,-6.232523868960818
202403,68.0,22.0,18.0,12.666518241963802,12.567105081794367,720.917,10.69797143182213
202211,114.0,12.0,15.0,9.111624399037025,9.11173476822206,236.157,7.320797014746297
202312,191.0,48.0,51.0,13.685123929666672,13.47892531495808,1201.361,17.815260599823134
202301,279.0,105.0,54.0,11.662413864668943,11.39589714444472,708.415,-3.3020254496384642
202409,89.0,33.0,28.0,13.717767621405411,13.637844547278476,2308.399,-1.109368332606227
202303,95.0,14.0,57.0,12.814826836312628,12.811982969136338,511.162,-6.271039005393656
202402,65.0,0.0,4.0,9.98966524877718,0.6931471805599453,522.571,-6.2918148135823255
202406,258.0,86.0,78.0,14.074574767851894,13.983713751379785,2991.685,39.01954468446784
202306,52.0,18.0,14.0,11.652008916352857,11.652017617869095,220.976,-5.319485397273138
202210,628.0,195.0,224.0,13.514712174896875,13.48252842384376,1376.701,25.408809831027632
202404,133.0,22.0,42.0,12.78961699117416,11.839376225350357,592.381,-6.19622541548757
202301,9.0,3.0,3.0,13.283515773620667,13.09455837635402,1187.858,-6.227889159480919
202212,29.0,11.0,13.0,12.27304881817968,12.273053494256171,1024.597,-6.20711335129225
202210,2.0,0.0,0.0,13.125789501532486,12.485630556166633,1205.219,-6.163963505379513
202312,352.0,101.0,77.0,13.018657048380634,12.539629923498753,910.217,1.6012849200404569
202404,1.0,0.0,0.0,15.415296640989217,15.415296842928909,7090.231,-6.0717201171990665
202404,581.0,123.0,261.0,14.383592690758723,14.327458951188675,2605.653,35.35737684388795
202407,102.0,2.0,2.0,11.924266608650546,11.558118691718981,508.383,-6.2918148135823255
202410,124.0,16.0,30.0,13.308411315939097,12.188056321843296,1287.456,-3.320545608594086
202401,150.0,15.0,21.0,13.235792057711665,13.235793843245803,1573.612,-5.224846400745453
202402,33.0,0.0,4.0,13.328012387740653,12.059160702714113,3593.973,-2.33857149424417
202406,181.0,24.0,38.0,12.81465817334708,12.660978499784209,910.374,-3.9502639488928804
202210,646.0,106.0,148.0,13.345825278040016,13.276616337715046,1537.444,-4.284828556397944
202208,250.0,82.0,42.0,10.064287505439836,10.058309435627498,359.625,-3.831843771579251
202308,39.0,1.0,14.0,12.125540234638253,10.201107579526868,111.466,-6.271039005393656
202408,76.0,9.0,7.0,12.567279305714358,12.374734667538164,1348.465,-6.2425499025544635
202409,26.0,2.0,6.0,10.649677745833284,6.0844994130751715,338.816,-6.163963505379513
202301,163.0,45.0,71.0,13.602775153481582,12.900301740609478,979.453,-5.2050209941238545
202212,97.0,18.0,28.0,16.078072816191494,12.684056845141848,10192.629,-6.2918148135823255
202308,38.0,4.0,12.0,9.65617937422262,9.656243400857722,93.947,-6.2918148135823255
202312,307.0,178.0,93.0,13.263451396672489,13.057015995894055,1905.681,-3.4172609968953265
202409,56.0,3.0,4.0,12.802675885515876,11.941182192934622,1948.849,-6.1971758170546405
202405,125.0,27.0,58.0,13.153263027879781,12.992325304598353,914.207,-6.2867327161806745
202310,152.0,34.0,30.0,11.58897868675563,11.588987954381494,446.969,4.951992948269529
202210,102.0,20.0,31.0,12.018066964667874,12.018072998851524,544.654,-1.7422130591957998
202306,47.0,18.0,8.0,12.009151024608384,11.445171111916876,777.547,-4.216292139959348
202401,20.0,9.0,1.0,13.027344755092987,12.837035864134537,2206.96,-5.122626337567269
202303,418.0,190.0,96.0,12.597158194888076,12.501227973514675,667.667,-1.734922873252474
202406,81.0,34.0,8.0,9.737669067841187,9.729431740159207,86.274,-5.996362363483974
202212,156.0,28.0,78.0,11.475233981948293,11.47524436600254,338.366,-4.021584014101947
202211,95.0,17.0,14.0,11.122560769584661,11.093630159049829,470.261,-6.2918148135823255
202306,22.0,6.0,7.0,12.266057062459184,11.444582382324773,1181.341,-6.2918148135823255
202303,170.0,14.0,69.0,13.328391695142916,12.99069767187422,2092.804,12.740767990380013
202307,339.0,15.0,41.0,13.31910381405324,11.706310594120163,1126.067,-6.092648948142966
202303,158.0,36.0,64.0,12.719485918442457,12.205667563495524,752.557,-3.278197545733179
202303,290.0,108.0,125.0,14.39360877438571,14.04256485234464,4488.916,-5.9039151188966015
202303,68.0,11.0,22.0,14.108865757754936,13.010233333439682,3000.648,-5.138237482207883
202212,33.0,15.0,14.0,13.656741061138737,13.542414917707413,1723.092,-6.00779446309766
202410,125.0,9.0,21.0,12.537492856418428,12.419594052132252,830.944,9.349345069297334
202410,26.0,4.0,8.0,8.63497622707262,8.635153989049803,56.219,-6.222724495932864
202207,84.0,31.0,21.0,14.130937895989737,13.889746593346121,8537.228,0.6118497937145797
202301,157.0,39.0,60.0,13.729900380653884,13.367747366452488,1770.499,-6.276933343152721
202407,30.0,8.0,10.0,10.414753079530504,10.414783065886715,121.372,-6.2918148135823255
202211,941.0,142.0,197.0,14.160242163328691,13.91802833687203,3470.28,80.4863232418864
202308,18.0,1.0,4.0,9.46792399660393,8.226305988015508,80.119,-3.3748265646547635
202303,48.0,6.0,22.0,12.882422029764186,11.983397734387003,1962.098,-6.179574650020127
202312,250.0,82.0,48.0,12.876646965237727,12.746083215254389,892.001,35.56444816749319
202303,342.0,165.0,50.0,11.462231990654645,11.337345134962609,466.572,0.46426345494332466
202410,49.0,5.0,17.0,11.897582240229877,11.61037880111894,544.388,-6.213655517019644
202212,170.0,35.0,67.0,15.81626664756568,14.12988105492623,7073.472,-2.053654744498136
202312,131.0,12.0,24.0,14.658561125645816,10.797941589801109,833.347,-6.2918148135823255
202404,55.0,17.0,34.0,12.723746764724998,12.541079523323083,767.776,-6.2918148135823255
202212,239.0,93.0,71.0,14.783591140921295,14.628223628395563,1825.287,2.894436407232133
202310,295.0,30.0,113.0,14.022397076925209,13.9157974244039,2663.777,13.384995358681413
202307,27.0,0.0,0.0,13.811464383228465,0.6931471805599453,14569.412,-6.2918148135823255
202306,35.0,1.0,13.0,11.930911853632065,11.757078757862187,1084.114,-2.60771871543789
202208,349.0,78.0,90.0,12.419375939932857,11.802238706342346,1478.274,3.6664555163224097
202210,6.0,2.0,2.0,9.416215681723873,9.416297071867572,354.612,-6.2918148135823255
202408,115.0,2.0,4.0,13.290114296145301,9.639001037687535,1128.905,-6.20711335129225
202303,74.0,10.0,26.0,12.433913148874707,11.056793182210109,459.896,-1.3020236664292817
202303,99.0,47.0,28.0,10.05638029863927,9.48402493478411,168.536,-4.387617461125155
202303,650.0,99.0,169.0,13.952934116275323,13.824180862011774,1847.522,125.81904109846782
202309,34.0,2.0,0.0,10.268790170825218,9.60965326059915,90.59,-6.256157534964052
202210,233.0,123.0,16.0,10.806611987878524,10.804705254912761,253.203,-1.332809038903795
202308,179.0,1.0,0.0,10.899716371226633,6.967909201801884,615.509,-6.250263197204988
202211,23.0,5.0,14.0,12.001867377486212,11.6471765985191,456.372,-6.2918148135823255
202301,79.0,21.0,27.0,14.044718881313598,12.14991490731791,827.552,-2.3817213401569073
202208,217.0,34.0,53.0,11.721564330081556,11.649325239850223,1382.497,20.496786406535207
202409,129.0,26.0,14.0,12.141219408207993,11.141339908295741,828.737,-4.123544209163944
202210,258.0,56.0,144.0,11.293562259137364,11.293574711894715,832.114,-6.271039005393656
202405,45.0,10.0,12.0,12.226482931301796,11.961437291065202,541.998,1.5507461709925794
202212,115.0,22.0,45.0,14.92573779783667,14.013150027536058,8705.336,-5.083558828893205
202212,334.0,153.0,80.0,13.770535158319474,13.06712124397277,2147.261,6.824557668630288
202311,16.0,6.0,4.0,13.104250321977402,12.836112280618329,1553.479,-6.258381774551138
202406,137.0,53.0,58.0,13.428354314986066,13.39445250938163,3658.47,-4.1700397617332765
202303,13.0,5.0,0.0,12.454747482040792,11.585739028309636,721.76,-6.258381774551138
202310,35.0,5.0,14.0,12.420913827356662,11.981258950301738,936.98,-4.313722941932763
202403,357.0,49.0,37.0,14.54891493357528,14.43288569025584,2393.833,-6.057721343735703
202403,501.0,111.0,175.0,14.05947269090648,13.842104775990563,3981.201,30.009938502751872
202310,391.0,113.0,156.0,13.973767367519148,13.098982154566418,3705.527,2.725789844006572
202408,71.0,13.0,11.0,12.411703745093085,12.411707815751575,682.059,8.108932412098886
202210,235.0,29.0,55.0,11.667901518368703,11.273233236517111,555.733,-1.1951915652235252
202410,166.0,32.0,56.0,12.446961807971922,12.117181320727305,852.742,14.667825655963876
202210,82.0,9.0,14.0,12.227227299602571,11.680404074894408,2110.629,-2.1616266437736487
202301,51.0,9.0,35.0,12.747550648122088,12.721751473426133,1042.618,-6.266769148349419
202208,190.0,12.0,13.0,12.350960558078247,11.741311251726383,1865.734,-6.227889159480919
202402,8.0,2.0,1.0,14.071404705525671,0.6931471805599453,1582.103,-6.2918148135823255
202208,34.0,10.0,7.0,8.411610428841172,6.949856455000773,60.602,-6.2918148135823255
202401,295.0,30.0,113.0,14.18336863689722,13.97449524939379,2900.633,13.384995358681413
202308,43.0,6.0,3.0,11.851352931739726,11.423646063410747,901.004,-6.2918148135823255
202410,275.0,22.0,39.0,11.210873978551145,10.482625816484205,502.743,-4.237091350197655
202406,297.0,100.0,75.0,13.274797728038074,13.255762511283049,1680.796,-3.2603621615054794
202310,102.0,10.0,50.0,12.509180132184692,12.498622849378815,880.881,20.75215524807929
202301,139.0,40.0,62.0,13.260259231893938,13.208469511451842,701.615,-6.0666380197974155
202311,110.0,49.0,40.0,13.215197767696747,13.215199590383916,601.023,-6.2918148135823255
202210,275.0,74.0,94.0,14.56999739875739,14.139814777912497,4388.419,19.831265623789143
202212,105.0,36.0,45.0,11.656142301883422,11.656150967507326,687.457,-5.099390700889879
202409,71.0,4.0,2.0,10.014223594130794,8.82864061741828,95.479,-6.2918148135823255
202406,61.0,25.0,26.0,11.781692266308855,11.316253430861812,1128.982,-6.2918148135823255
202410,60.0,19.0,27.0,12.381877179252262,12.381881373153071,657.975,-6.2918148135823255
202212,84.0,7.0,10.0,12.939353583829764,12.082282226625908,1430.371,-6.2867327161806745
202303,180.0,39.0,81.0,13.80925302034947,13.708737934640443,1615.79,23.917530529825406
202303,488.0,186.0,113.0,12.690185642850876,12.471129435740856,1084.594,7.561896056581039
202402,51.0,20.0,9.0,12.105423237380244,11.313022252695275,500.026,-4.216364248800169
202301,18.0,3.0,0.0,13.905481052444022,12.934422863798643,2046.221,-6.0682030417823185
202303,244.0,72.0,73.0,12.761863986726091,12.175902056185057,738.085,6.825899863055858
202404,122.0,10.0,13.0,12.255657731760566,12.038375626956562,433.914,-6.2918148135823255
202301,169.0,10.0,17.0,11.574340362671695,11.574349766957228,255.417,-6.276933343152721
202407,63.0,10.0,32.0,13.41079267061713,13.171020199350748,4377.46,-6.097097427317138
202406,30.0,11.0,13.0,12.04857637545182,12.04858222831665,892.72,-6.20711335129225
202312,119.0,31.0,30.0,12.421587169679892,12.412013067922762,683.802,-3.038106073968169
202410,184.0,17.0,12.0,10.66550759738245,10.410124415680665,131.127,-6.271039005393656
202312,113.0,16.0,56.0,13.35894582092472,13.160312128110096,938.874,-6.2918148135823255
202307,41.0,8.0,21.0,12.749004310006345,12.621507886275648,1019.428,-3.3748265646547635
202303,110.0,23.0,47.0,11.861185099307614,11.861192158438422,394.237,-2.7145424755049867
202409,155.0,8.0,35.0,12.459384522026937,12.258105166622325,856.103,-4.296617231916073
202408,313.0,40.0,59.0,12.926095420095473,11.53956739591665,1192.203,-3.3242878156068856
202303,68.0,19.0,25.0,13.406544829829203,13.399766299947881,1027.726,-4.021680070085478
202309,523.0,26.0,30.0,11.840818145083402,11.518111991657529,690.44,-6.171456072673977
202405,224.0,41.0,148.0,11.529635078533175,11.529644912776996,598.167,-6.250125035995331
202207,50.0,18.0,19.0,15.719984535836215,15.463329407961897,6981.85,-3.1042424778195348
202401,323.0,104.0,53.0,13.76096989130308,13.75642805896498,1318.692,-0.3320715124624112
202410,74.0,1.0,2.0,3.871201010907891,3.8918202981106265,17.958,-6.2918148135823255
202210,110.0,27.0,61.0,11.912338965649958,11.891313954335587,693.064,-1.9261143207481028
202405,144.0,18.0,62.0,12.488024582065927,11.884247612955692,1777.861,-2.3817213401569073
202404,171.0,35.0,69.0,14.890330711823507,13.7557764769986,7316.072,-2.053654744498136
202211,1170.0,546.0,184.0,12.996387370832856,12.8820151711394,3137.813,34.580634525961734
202303,54.0,22.0,12.0,13.102676863366744,12.740370625481306,1156.159,-5.035244319432413
202303,65.0,14.0,33.0,13.090383426546488,13.064367671957102,1500.296,4.409216828175177
202211,18.0,6.0,3.0,13.032611521457435,12.827962786164385,815.388,-1.4301677320363888
202312,117.0,44.0,19.0,13.920958269820401,12.688986330230728,1863.052,-3.244034832490982
202212,582.0,281.0,97.0,12.355345734944407,12.239018907728791,1044.182,29.348991490363325
202401,83.0,9.0,15.0,13.061933736577865,12.38561116660362,3054.975,-2.1616266437736487
202303,257.0,39.0,16.0,13.192435932489786,12.592106857241665,1869.086,-6.256157534964052
202211,153.0,38.0,44.0,13.541396028734031,13.538581134686249,1598.688,10.74701561549393
202211,63.0,4.0,52.0,11.942217770654786,11.880937896027742,230.001,-6.271039005393656
202301,17.0,7.0,5.0,12.256333156780775,11.810062696192764,862.83,-6.163963505379513
202207,68.0,11.0,27.0,11.330383883972724,11.330395886541273,479.11,6.026219188993528
202410,188.0,11.0,9.0,12.199601754399861,9.315690887584008,520.338,-6.2918148135823255
202401,11.0,0.0,0.0,15.518945606720099,12.863027722066727,4545.763,-6.227889159480919
202211,546.0,141.0,148.0,11.411269191240297,9.702227794721923,922.328,22.802683447292623
202303,114.0,10.0,46.0,9.427868184504756,9.427948631791715,555.728,-6.227889159480919
202308,42.0,8.0,16.0,12.531216673889558,11.210495170169539,643.736,-6.2918148135823255
202301,265.0,54.0,41.0,14.494892429888392,14.141492246412643,3124.409,20.03089373869583
202307,84.0,19.0,38.0,12.12576240207213,12.10422816359713,455.794,-6.2918148135823255
202303,81.0,26.0,35.0,12.86784525133098,12.808805392539002,1556.921,-6.213007689051315
202210,139.0,40.0,62.0,12.949981854380825,12.915383487432457,661.855,-6.0666380197974155
202312,281.0,40.0,159.0,14.034425179948448,13.924162251748884,1483.721,-5.252164374661515
202303,47.0,17.0,20.0,13.375550273744441,13.226829693384763,2866.467,-2.901204132857058
202408,88.0,29.0,11.0,13.271076443024453,12.768399042158567,5365.164,-4.934760343741571
202311,168.0,62.0,35.0,14.738491261988742,14.622572858987365,991.331,-3.149395835963297
202207,230.0,20.0,53.0,12.710169683045937,12.21407553679877,1532.48,-4.295666830349003
202303,41.0,6.0,28.0,13.163914066362292,13.137041130230319,1145.936,-5.2860523582419505
202310,52.0,12.0,17.0,13.888116760168645,12.45434578711683,2819.101,-5.298709589084469
202307,99.0,32.0,42.0,10.993748398115178,10.857131870951632,909.914,3.5751625297090346
202408,22.0,0.0,0.0,13.652039410544997,10.061431030602083,24591.741,-5.319485397273138
202303,89.0,9.0,31.0,12.77916859502229,11.813911150625403,234.227,-6.2263945941048435
202409,4.0,0.0,0.0,12.624016239148986,0.6931471805599453,697.821,-6.2918148135823255
202301,60.0,14.0,18.0,11.54505377872175,10.93478413391937,306.675,-5.0659576618586915
202407,59.0,8.0,3.0,10.166851317336702,10.1668897397139,34.978,-6.275982941585651
202303,264.0,116.0,70.0,13.731472211681325,12.953873717341166,1380.411,-1.0182960733489113
202405,35.0,0.0,8.0,13.145478160510327,11.695055336727114,913.178,-0.3888305642241443
202406,132.0,36.0,26.0,10.812592528595557,10.708600883430892,324.574,2.899339325966878
202301,28.0,12.0,5.0,12.120335002451524,12.067947862278375,1025.799,-2.1438873155294784
202403,201.0,40.0,56.0,14.074155607024247,13.483667589726723,1115.323,-3.3748265646547635
202303,78.0,18.0,42.0,13.37182163962994,13.357022766199762,627.652,-6.163963505379513
202404,541.0,176.0,92.0,13.223078921867204,13.027175390134191,1109.726,-2.8203257914941924
202405,88.0,5.0,6.0,9.760021257510846,9.760078969240771,240.418,-6.2918148135823255
202301,258.0,81.0,27.0,13.19145651053158,13.068814910446655,888.902,23.23707268158649
202403,203.0,82.0,42.0,12.190105852008095,12.190110932469908,316.522,-3.0700304059814294
202210,7.0,1.0,3.0,13.861286660600857,13.712536082336445,2510.728,-6.227889159480919
202403,29.0,4.0,11.0,14.031212085990031,13.711409249172611,1506.346,-4.029702591448098
202308,147.0,32.0,20.0,10.441938070914238,10.112572746599298,205.484,-6.271039005393656
202406,68.0,22.0,18.0,11.773757787382696,11.729431033544254,656.806,10.69797143182213
202404,2.0,0.0,0.0,13.637619969913018,13.637621164606905,605.878,-6.163963505379513
202410,90.0,4.0,3.0,8.702842538302868,0.6931471805599453,22.634,-6.2918148135823255
202210,121.0,27.0,47.0,11.383886821957825,11.383898199233991,430.959,-6.276933343152721
202301,95.0,22.0,24.0,12.342245546298148,12.242042889319405,405.498,-4.1062854763920225
202310,114.0,13.0,14.0,8.92771217382708,8.927844826211702,262.861,7.320797014746297
202307,161.0,37.0,56.0,12.481372119061541,12.436843038406487,513.582,-5.2860523582419505
202301,439.0,11.0,17.0,11.711350003345581,11.510913442209274,267.32,-6.271039005393656
202212,339.0,15.0,41.0,14.37920145990362,12.259997225048652,1052.214,-6.092648948142966
202310,4.0,1.0,3.0,11.332002929089981,11.33201491224167,306.675,-6.2918148135823255
202401,127.0,10.0,42.0,14.174593799624667,14.100332293550094,1822.024,-1.3023164238335765
202405,105.0,14.0,59.0,13.81563255052288,13.679365466889607,3218.489,6.266714370014755
202407,418.0,69.0,152.0,13.177504758400532,13.112288798832733,2165.882,-5.214820367151807
202208,225.0,77.0,38.0,10.246545200515675,10.246580679751457,450.64,2.7850645382767176
202409,18.0,3.0,4.0,6.7912214627261855,6.792344427470809,5.634,-6.2918148135823255
202311,113.0,16.0,57.0,12.78666963767576,12.62143527781673,702.362,-6.2918148135823255
202401,534.0,90.0,174.0,13.909497134919969,13.796152391880575,1502.396,25.642210439757427
202401,259.0,57.0,144.0,12.535811549776747,12.535815145327613,954.744,-6.271039005393656
202303,31.0,5.0,9.0,13.467842076661498,12.945456733471834,1480.991,-2.3815831789472504
202308,174.0,26.0,33.0,11.266321354276293,11.001182754141754,288.935,-6.196823581602277
202408,57.0,8.0,12.0,14.017460707303396,12.947421722025622,6019.988,1.5507461709925794
202210,112.0,28.0,30.0,12.349085818661234,12.08964556515078,832.89,-6.258381774551138
202211,45.0,16.0,14.0,7.67693714581808,7.677400430514807,197.865,-5.319485397273138
202303,57.0,15.0,22.0,13.875943161346349,13.698070713411086,4298.698,-4.204423202331534
202401,113.0,14.0,43.0,12.599937395572017,12.580752032372706,449.235,-6.2918148135823255
202311,194.0,63.0,53.0,12.464015611986666,12.327621913355436,557.706,0.38078647207735816
202404,285.0,51.0,97.0,13.304568260725532,12.757618818671034,862.759,20.513508983094447
202401,12.0,4.0,6.0,11.968861863046195,11.841077469975723,423.517,-6.2918148135823255
202211,344.0,30.0,113.0,13.519941464570671,13.487085654525389,976.031,-3.184647831885944
202307,629.0,240.0,146.0,13.375662057976148,13.113336759796692,4378.254,27.44971592485998
202312,54.0,28.0,13.0,12.4658296679402,11.77013802060581,637.785,-3.2774678715221697
202405,40.0,4.0,20.0,13.894061075953259,13.7221225296426,2044.913,-5.094275395937732
202403,147.0,66.0,20.0,11.936217393544002,11.935300130592145,120.579,-2.635735350973976
202310,68.0,19.0,25.0,13.355054802359042,13.354668037326656,1072.453,-4.021680070085478
202308,335.0,101.0,165.0,15.187183799560978,14.352420216088136,6787.502,7.871457276037175
202406,56.0,20.0,15.0,13.287759164775341,13.043662102940157,1837.748,-1.8983821014776519
202405,143.0,13.0,78.0,13.368601386891394,13.314574207081842,1410.213,-6.097838814997305
202210,161.0,33.0,59.0,12.796392211040603,12.73942365710173,1014.372,29.78743310275093
202403,472.0,196.0,93.0,12.795851768612973,12.406119510086645,1451.224,11.213438237401467
202410,90.0,34.0,22.0,11.709429309335544,11.479027361564464,549.357,-6.256157534964052
202405,345.0,30.0,113.0,13.04728200857682,13.045389456185253,955.507,-3.184647831885944
202210,454.0,122.0,204.0,14.497706491921965,14.234397850848675,3396.953,8.279985868698754
202210,67.0,25.0,21.0,14.262931737284559,11.976300926363226,4338.231,-4.3263801727752815
202211,43.0,23.0,17.0,7.754052639035757,7.754481547470383,420.865,-6.2918148135823255
202410,26.0,0.0,2.0,8.48590890137647,2.6390573296152584,10.861,-6.2918148135823255
202307,89.0,30.0,11.0,13.453267282460034,12.859160561450794,4928.535,-4.934760343741571
202212,144.0,37.0,52.0,13.298613205168301,13.247622398114856,1055.059,-4.2505269620423665
202405,82.0,21.0,31.0,10.98600433403935,10.5767125986592,133.204,-6.271039005393656
202401,45.0,7.0,36.0,11.104099716229817,11.104114766610968,269.249,-6.2918148135823255
202406,236.0,84.0,42.0,11.411955297613694,11.41015049280112,579.085,-5.914105868137046
202309,13.0,2.0,0.0,7.627544390488503,0.6931471805599453,6.235,-6.2918148135823255
202405,95.0,47.0,17.0,12.019502074446804,12.019508099976976,538.744,-6.177278301592221
202303,126.0,13.0,51.0,14.435424998627594,13.631129682227842,2712.763,16.601872875196882
202408,36.0,5.0,15.0,12.737033194316515,12.293598057048081,1412.432,-4.313722941932763
202404,90.0,9.0,45.0,12.59578431729222,12.332802208067019,720.901,-5.2860523582419505
202309,42.0,6.0,15.0,12.707399296565592,9.796125034207629,1008.133,-4.249797287831357
202303,177.0,8.0,8.0,14.408215663040293,12.364873923115697,887.114,7.320797014746297
202404,209.0,35.0,57.0,13.162627776497143,13.054677508560044,1007.202,1.743522893459776
202212,14.0,1.0,1.0,14.164890558386254,13.31076806107442,1636.629,-5.319485397273138
202210,293.0,36.0,111.0,14.409648124242667,14.058994631099148,5464.194,55.022079025676256
202403,426.0,105.0,101.0,13.40886625487891,12.270858011199127,1049.189,8.692327369063316
202410,346.0,51.0,82.0,13.418268051420457,12.379794833510665,1654.02,-6.044520668987901
202303,91.0,17.0,10.0,11.195457497826698,11.140817760516061,108.165,-6.2918148135823255
202405,84.0,22.0,16.0,12.434772730677441,12.207930917872138,334.031,-6.2918148135823255
202312,83.0,37.0,25.0,14.480603883281642,13.32619362168567,2837.618,-6.204172927331281
202410,24.0,4.0,17.0,12.195031920413195,10.808697114399466,271.825,-6.2918148135823255
202401,39.0,5.0,8.0,14.991066603668525,14.553268227627765,2661.406,-3.341393525623576
202408,685.0,215.0,214.0,14.54289055199332,14.248703667206332,6587.233,11.70451291996942
202210,92.0,12.0,28.0,11.259400022769933,10.917231620558995,325.075,-5.180575087763207
202303,479.0,172.0,107.0,12.642344967228563,11.90337845295789,977.318,7.411127266748876
202303,11.0,4.0,1.0,12.550406753634107,11.132352949455102,1621.192,-6.2918148135823255
202301,176.0,21.0,63.0,14.529222820176228,13.78864283152797,1992.708,21.201818048918973
202312,442.0,174.0,107.0,13.037271611327627,13.032799655041584,1379.734,29.513462811795208
202306,21.0,7.0,5.0,12.12574614759199,11.690226104696187,772.902,-6.227889159480919
202303,127.0,26.0,26.0,11.677931299554496,11.476997724027738,294.487,-6.201948687744196
202301,88.0,5.0,6.0,10.505560568696678,10.505587952077706,273.67,-6.2918148135823255
202404,47.0,16.0,17.0,10.895219652910134,10.895238199420143,355.696,-4.347155980963951
202404,85.0,15.0,21.0,12.783143770214435,11.455137441202835,967.651,0.578416754683392
202311,131.0,12.0,24.0,13.897259194329061,10.120693511183584,778.554,-6.2918148135823255
202301,4.0,0.0,1.0,11.854193327033185,10.964190268131018,1531.6,-6.227889159480919
202401,360.0,61.0,127.0,12.221527600085034,12.159834970985665,1036.635,-3.269349294176019
202210,123.0,17.0,24.0,11.496460660938983,11.439741681007623,305.505,-1.3633016539740135
202404,84.0,13.0,18.0,11.110610390293171,11.110625343005221,136.679,-5.851625420815807
202311,173.0,37.0,46.0,12.212412506076353,12.212417474464981,496.059,4.493918290465253
202207,503.0,229.0,78.0,13.176307854299717,13.172242472282978,1859.231,26.031755845877335
202208,113.0,55.0,46.0,12.93405111209553,12.80685231239386,2062.67,-4.292947133744094
202311,54.0,8.0,5.0,12.399078587126105,11.895572202997712,804.085,-6.194456120449732
202402,67.0,5.0,16.0,14.570431347061353,14.046360339862714,2528.026,13.636451673312243
202407,129.0,27.0,53.0,12.584604967064186,12.202777221580376,861.968,-6.174409986472073
202312,172.0,17.0,32.0,13.402144317959852,13.081857999422434,2194.086,-3.290854776575698
202211,341.0,153.0,57.0,12.659587961567983,12.641274533568422,642.812,2.918688273380301
202310,263.0,43.0,106.0,12.248423071403906,12.136620740131846,847.047,11.697191721435113
202301,111.0,28.0,61.0,12.82149879623571,12.767458294907865,1099.399,-1.9261143207481028
202306,66.0,20.0,23.0,14.734361210443943,14.393067297374731,8681.499,-5.158201050039138
202307,6.0,3.0,2.0,9.88674822853183,9.886799071249893,504.7,-6.2918148135823255
202407,282.0,40.0,160.0,13.62125568149377,13.528023133234063,1736.996,-5.252164374661515
202310,250.0,82.0,48.0,12.144617366313385,11.997448180315168,710.165,35.56444816749319
202405,54.0,23.0,19.0,10.648040521155973,10.62842405558548,127.382,-6.2918148135823255
202307,644.0,60.0,221.0,13.635524671367792,12.941541495535589,2759.603,32.537189771194676
202402,1526.0,222.0,871.0,15.97849938985726,15.716806561135426,14281.199,-1.1795127159820815
202309,673.0,223.0,86.0,9.12543586488574,9.125544720271467,967.266,0.8558004568965405
202407,247.0,97.0,61.0,6.045005314036012,6.0473721790462776,403.472,-3.119074589653231
202207,195.0,44.0,29.0,11.975633798136583,11.762025220450516,557.834,5.537422529361923
202409,14.0,1.0,5.0,9.028338763993148,9.028458718410613,40.38,-6.2918148135823255
202404,54.0,22.0,10.0,11.407042590684664,11.407053707539484,265.607,-6.237605966362469
202403,67.0,7.0,20.0,15.014148859094927,13.761119839930117,2496.406,6.412393252538516
202401,528.0,336.0,79.0,13.435239400170355,13.43000688807058,1165.53,-1.834163689971951
202406,103.0,44.0,12.0,11.509088111738974,11.394884896155027,365.045,-6.227889159480919
202309,128.0,14.0,19.0,14.725370657572622,11.887951983937826,352.058,-2.3519583992976982
202408,450.0,228.0,84.0,12.169657592828125,12.12026418111466,2338.309,18.526015812212542
202406,52.0,10.0,30.0,12.224752093276683,12.120770715693752,457.206,-5.319485397273138
202303,125.0,45.0,15.0,12.796541820394236,12.430043854241488,562.084,-2.0396696733299002
202409,119.0,9.0,16.0,11.841106279701888,9.709295823171686,77.877,-6.2918148135823255
202211,14.0,5.0,2.0,10.122422259076282,0.6931471805599453,293.556,-4.155379018659732
202406,7.0,0.0,0.0,14.296127046067776,14.075421045150387,1867.796,-5.319485397273138
202306,35.0,2.0,17.0,13.365116596222704,13.131194270039083,2488.2,-4.072852437360835
202410,128.0,31.0,58.0,13.880687625187893,13.327458633681248,3817.213,-3.1547318682715044
202406,127.0,16.0,51.0,12.21402097371267,11.576059875806141,453.069,10.053884002121558
202402,193.0,45.0,22.0,12.187557289344907,10.849705950651972,227.105,-3.2849604388166336
202303,296.0,30.0,113.0,13.720491935652932,13.590159572058056,2283.953,14.357324774990603
202310,27.0,17.0,5.0,8.806873266530692,8.708804795117285,95.855,-5.787699766714401
202306,27.0,10.0,3.0,12.814775152297804,12.214313595431753,1422.182,-6.258381774551138
202303,249.0,13.0,65.0,11.796140073147356,11.768706569450478,468.844,-6.2918148135823255
202408,48.0,7.0,12.0,11.21766810568071,11.046451598774738,399.538,3.431479349509548
202405,46.0,17.0,3.0,9.411647228681218,9.396985900250192,105.245,-6.227889159480919
202312,139.0,59.0,32.0,10.916451171670543,10.28322451207156,436.185,-2.9776156490408296
202309,241.0,37.0,28.0,9.674703121331833,8.919319398258887,352.741,12.175194927806158
202308,24.0,0.0,1.0,8.423980809694058,4.882801922586371,0.753,-6.271039005393656
202303,78.0,18.0,42.0,13.583760073034616,13.565763757455494,594.041,-6.163963505379513
202405,22.0,6.0,7.0,12.975882211521961,12.613129818962845,1080.154,-5.158201050039138
202211,379.0,25.0,76.0,13.935970895336707,13.768410564651028,2326.959,31.615290969072568
202410,71.0,4.0,2.0,10.635470756881272,9.422625179955517,65.236,-6.2918148135823255
202409,81.0,3.0,15.0,12.438786257384159,11.110924350303225,1736.516,-4.347155980963951
202303,91.0,35.0,31.0,11.226202932013146,9.926471388926503,1633.179,-0.63400981332118
202210,14.0,5.0,2.0,11.054897836295,10.526668173442902,367.386,-3.296019440123753
202303,61.0,25.0,26.0,11.679981088093749,11.233991681076148,954.675,-6.2918148135823255
202407,222.0,41.0,52.0,11.612318208848263,11.610850405125433,528.67,1.238768548433999
202301,294.0,43.0,67.0,12.549389262990019,12.549392810051545,555.427,-6.2918148135823255
202312,46.0,9.0,30.0,13.288912873245504,13.288914566405897,899.367,-1.4093919238477195
202408,249.0,78.0,45.0,10.032584125870539,10.031572892299346,368.316,-3.831843771579251
202301,766.0,72.0,172.0,12.78824636506369,12.782169022286547,807.989,-4.182696992575795
202406,25.0,13.0,11.0,12.598219457552151,12.589472769140903,1154.794,-6.2918148135823255
202312,64.0,18.0,29.0,12.675804362811201,12.609739471030288,1384.408,-6.1783150217409615
202210,59.0,4.0,12.0,14.86805412597399,12.236698839071934,7285.877,-5.319485397273138
202405,480.0,103.0,37.0,12.94316254607728,12.826105975018864,882.306,-6.2127869616952545
202403,106.0,24.0,24.0,13.991689118466343,13.024435173563798,1144.004,11.291862228475027
202404,11.0,4.0,1.0,12.495355935348927,11.117821494411714,1522.169,-6.2918148135823255
202406,31.0,4.0,11.0,13.08685639979075,12.64998252480084,1731.321,-2.3815831789472504
202309,20.0,7.0,9.0,14.017252315997709,14.017253133303338,1708.551,-5.222126704140544
202210,194.0,80.0,108.0,11.670911637027011,11.670313755218972,650.532,-6.2918148135823255
202403,36.0,7.0,17.0,12.210487884003584,12.089673651645953,429.118,-6.234431325208313
202303,69.0,23.0,19.0,10.260917211605735,8.966483779064431,564.279,-6.0851563808485025
202303,25.0,13.0,11.0,13.050435488679344,13.0415220175597,1152.338,-6.2918148135823255
202405,189.0,1.0,0.0,7.2115567333138015,7.212294468500341,1.396,-6.250263197204988
202408,369.0,62.0,88.0,13.465900598147659,12.706535763510578,2649.153,-3.1128033205812407
202308,237.0,21.0,17.0,12.567317630903592,10.953819547029006,485.063,-6.235381726775383
202303,52.0,13.0,14.0,10.018377518410084,9.839748711569122,172.046,-6.258381774551138
202409,7.0,0.0,0.0,13.971079089307707,13.034122153553891,7671.655,-6.227889159480919
202301,522.0,189.0,167.0,14.673885271441549,14.361390149119805,4496.263,22.66765500065197
202210,302.0,103.0,50.0,10.302263672493496,10.145413603149704,642.293,2.1954191155017426
202312,25.0,1.0,7.0,11.771760431864289,10.78566291677415,478.047,-6.276933343152721
202311,683.0,215.0,210.0,14.845401723932671,14.388308788723961,4083.874,12.676842336278606
202309,164.0,2.0,5.0,9.364433907313582,8.989194823324645,447.796,-6.00779446309766
202210,36.0,24.0,7.0,10.823869902313536,10.823889820449997,566.923,-6.2918148135823255
202308,56.0,4.0,5.0,9.11063052782717,9.110741006753427,34.52,-6.271039005393656
202207,301.0,88.0,98.0,13.68319670954618,13.206542748046877,1459.55,7.366944453122665
202410,55.0,9.0,18.0,11.492192004583316,9.65059330557001,1042.017,-6.2918148135823255
202308,92.0,3.0,15.0,14.647595428253,14.14379148004134,12431.216,-6.079262043089438
202210,204.0,16.0,13.0,9.935131557870589,9.687505794249539,241.523,-6.265956907992005
202405,24.0,3.0,3.0,13.273340455251315,11.946654038351252,1300.815,-4.347155980963951
202303,81.0,26.0,35.0,13.56030212932391,13.509722897430358,1594.603,-6.213007689051315
202408,68.0,11.0,35.0,10.377389822197522,10.351884428027805,752.241,-5.299521829441883
202407,67.0,5.0,16.0,13.449725672803208,12.956171829740061,2299.592,13.636451673312243
202212,88.0,26.0,25.0,11.886968703070053,11.886975582518046,1597.433,-2.2878945839866356
202210,101.0,10.0,17.0,12.877518547495756,12.632124387246726,567.459,7.335678485175901
202211,31.0,12.0,12.0,13.739517887805587,13.590597942778906,2626.207,-6.161023081418544
202303,205.0,16.0,13.0,10.604454082148205,10.187650941676283,238.394,-6.265956907992005
202407,18.0,3.0,0.0,13.355737616307687,12.739285788173794,2054.372,-6.0682030417823185
202408,152.0,33.0,32.0,12.292433811178217,11.882804845353384,1025.017,-6.256157534964052
202208,191.0,42.0,37.0,10.825660947568439,10.805679360030782,506.355,-4.255065615538735
202211,38.0,9.0,15.0,13.216942380873466,13.001992997457606,1493.183,-5.153036386491083
202310,125.0,46.0,15.0,12.282667879026103,11.973509872299472,620.099,-2.0396696733299002
202402,248.0,45.0,110.0,13.241010040027565,13.109529372757574,1228.604,-6.276933343152721
202210,229.0,10.0,66.0,13.978260160854896,12.368097953216747,2617.561,-3.4028515413295093
202303,160.0,38.0,59.0,14.791580001032159,12.86272439597719,2106.78,18.7357274186638
202403,171.0,14.0,69.0,14.240313479477024,13.99135115865854,2094.424,12.740767990380013
202301,200.0,87.0,30.0,9.969368921649641,9.969415732650235,358.771,-5.265276550053281
202212,552.0,87.0,162.0,15.0097775125491,14.814723049062804,4694.939,-3.197489618068028
202307,32.0,8.0,7.0,3.8501476017100584,3.871201010907891,25.249,-6.2918148135823255
202403,13.0,0.0,1.0,15.688434720589031,13.579006906635696,3882.397,-4.2193046727611385
202405,95.0,11.0,34.0,12.243190187029178,11.67768538157962,518.764,-6.276933343152721
202210,941.0,142.0,197.0,13.928239956592025,13.657894881965351,3707.009,80.4863232418864
202408,159.0,25.0,27.0,11.379828263785244,11.379839687330314,617.955,-6.1833971191426125
202303,6.0,2.0,2.0,10.675746238104187,10.675769336259801,430.803,-6.2918148135823255
202401,906.0,393.0,172.0,13.668871925259609,13.161280198233168,2543.989,21.00997528848415
202406,116.0,3.0,2.0,10.11151746604029,10.111558074352816,71.235,-6.271039005393656
202408,85.0,14.0,17.0,13.262417451018045,12.839207048308943,3632.036,5.294931646016421
202408,753.0,144.0,332.0,13.50555969974581,13.502834727582416,4052.917,-6.064380572659834
202211,359.0,81.0,79.0,13.711877438387294,12.984693145875944,1789.352,10.683089961392524
202210,56.0,19.0,28.0,13.149369409535959,13.149118252313139,1499.436,-6.19812621862171
202307,37.0,5.0,11.0,12.299617631933282,8.97233695775495,573.919,-6.2425499025544635
202402,104.0,32.0,33.0,12.939711366016269,12.836021739501948,842.729,-1.3551830766278634
202405,336.0,44.0,65.0,12.182676067723778,11.718304151339547,598.153,-5.0525165420414595
202406,88.0,5.0,6.0,9.521274996238114,9.52134826973146,271.777,-6.2918148135823255
202210,20.0,9.0,4.0,12.544072286503807,11.986024299123267,636.061,-6.2918148135823255
202306,318.0,24.0,104.0,14.87113531458294,13.927860192729096,9265.951,-1.0619548661165972
202408,172.0,37.0,44.0,11.485513157359891,11.475285901141273,744.928,4.493918290465253
202303,1162.0,408.0,244.0,12.35438488622138,12.278797876423388,1804.798,34.13824842122825
202407,121.0,17.0,44.0,12.678195901778569,12.44535329074453,892.727,-5.319485397273138
202210,439.0,233.0,46.0,11.50207683076339,11.443832588482943,514.69,4.045223918935175
202210,907.0,395.0,172.0,11.672310990481126,11.074653033885946,1779.602,21.00997528848415
202303,126.0,28.0,58.0,13.388408551312537,13.203664984638877,907.797,-6.2867327161806745
202210,74.0,2.0,13.0,13.686657348414496,12.646328798486536,2537.269,1.5536865949535485
202307,216.0,41.0,73.0,11.60957111627176,11.542824015316091,772.666,-6.2425499025544635
202312,103.0,42.0,25.0,10.237957786486668,10.237993571703798,188.353,-5.319485397273138
202303,251.0,46.0,110.0,12.873201772991436,12.74268589190028,846.534,-6.276933343152721
202406,75.0,10.0,40.0,13.003377118164689,12.914987362561831,1153.684,-5.155260626078169
202407,146.0,0.0,10.0,6.97354301952014,6.92951677076365,72.219,-6.256157534964052
202408,286.0,88.0,105.0,13.061920988982381,12.822794941196541,2903.397,7.814416221925754
202402,53.0,8.0,16.0,12.26163979397863,11.014505900161963,277.987,-6.237605966362469
202211,109.0,36.0,23.0,11.301278078794445,11.301290435838887,223.252,-6.20711335129225
202208,305.0,143.0,77.0,12.030253899557092,11.374180505292818,836.329,-3.2144555934356545
202401,210.0,28.0,48.0,13.523993139968674,13.482333087634641,2899.033,-6.076321619128469
202301,68.0,10.0,36.0,11.157763661371307,10.744666731915155,713.528,-6.27185124575107
202410,174.0,8.0,7.0,9.5410100922274,9.54108193388841,40.792,-6.2918148135823255
202210,761.0,147.0,330.0,13.44864241082413,13.426439332802515,2815.739,-6.12830622676124
202405,210.0,28.0,48.0,13.122931216153386,13.067860728015654,2429.305,-6.076321619128469
202306,482.0,11.0,19.0,9.860110212566559,9.551160286590816,103.9,-6.241276064534448
202308,28.0,9.0,10.0,12.261020005680358,11.896765085381238,3010.272,-3.906966588197433
202311,335.0,153.0,83.0,13.48828761444747,13.121543041020427,1765.376,6.888483322731693
202408,27.0,2.0,3.0,15.50044232463088,10.34425545234668,16991.902,-6.2918148135823255
202301,336.0,76.0,78.0,12.971384661576002,12.914785549194209,655.694,-0.3778600622730597
202308,112.0,9.0,24.0,13.06194435944997,11.005759802035724,1254.332,-6.222724495932864
202210,879.0,408.0,166.0,12.865249306518965,12.858194685937187,2115.221,17.273846156439312
202401,123.0,18.0,34.0,13.629647136165246,12.551685125424813,1052.623,12.686559143160155
202309,191.0,29.0,22.0,9.165865881874353,9.165970424240243,112.892,-3.33916928603649
202212,173.0,17.0,32.0,13.556594740761916,13.171985576289238,2514.395,-3.2269291224742918
202208,116.0,3.0,2.0,9.849928535441565,9.849981285012987,133.297,-6.271039005393656
202409,47.0,2.0,10.0,11.097440323579738,11.097455474520991,185.967,-4.981256199568617
202408,232.0,57.0,78.0,12.241594217597251,12.2329336371938,1265.998,-6.260874810590354
202301,187.0,45.0,19.0,13.379619231517974,12.136620740131846,696.981,-3.2950690385566825
202310,237.0,85.0,43.0,11.255539786749798,11.25464684288769,483.675,-5.914105868137046
202402,92.0,8.0,38.0,13.06748471589434,11.882252038462388,411.621,-6.271039005393656
202212,72.0,11.0,42.0,13.347707705232382,13.274103726144661,2016.787,2.07103552411977
202409,507.0,123.0,72.0,11.02856324274558,11.02281708279296,717.289,-4.7618684271514535
202208,58.0,11.0,29.0,12.432179801028092,12.139318338016778,1036.397,-5.2860523582419505
202309,21.0,0.0,0.0,10.02937102422638,0.6931471805599453,52.529,-6.2918148135823255
202406,32.0,5.0,2.0,14.353634177847292,13.711110691845999,14509.067,-4.155379018659732
202207,106.0,23.0,28.0,10.949173635394832,10.787172444661369,485.922,-4.80048887997561
202303,163.0,5.0,5.0,8.647519453091812,7.999342952713282,110.28,-6.2620518727231165
202402,118.0,19.0,58.0,12.214611089050228,12.214556555178484,701.481,-6.2867327161806745
202408,263.0,38.0,133.0,13.620673811878095,13.0971337706584,3628.576,-5.2860523582419505
202210,275.0,91.0,73.0,13.133164831098185,12.849562035641839,1160.64,-4.795373575023463
202307,34.0,15.0,9.0,8.703838719690246,8.704004653483045,82.699,-6.194456120449732
202311,146.0,53.0,42.0,9.15978364835903,9.159888828480085,188.055,-2.8707115177868396
202303,106.0,23.0,28.0,11.970761619815512,11.435882420471916,446.109,-4.80048887997561
202303,248.0,43.0,73.0,11.532718288296781,11.52310349267078,284.253,-6.251075437562401
202311,208.0,41.0,55.0,14.07214691076052,13.59272569231467,1967.763,0.6771874470456583
202406,62.0,8.0,24.0,11.843156839287632,11.4955554764077,869.279,-6.2918148135823255
202403,36.0,12.0,11.0,13.844597404191903,13.375331326754358,2612.668,-6.067334486457929
202404,131.0,12.0,24.0,14.561588366748845,10.750685407922997,771.884,-6.2918148135823255
202312,115.0,2.0,4.0,14.026390416666189,10.486987263791542,1011.684,-6.20711335129225
202303,201.0,41.0,55.0,13.99117584419301,13.385113721179765,1004.028,-3.3748265646547635
202207,58.0,6.0,33.0,12.913103007198714,12.894094212547575,2790.974,-1.332809038903795
202307,126.0,16.0,49.0,12.330288280917095,11.9319252316232,558.828,10.273978698504814
202402,34.0,10.0,7.0,9.355306142226368,9.355392643675321,42.385,-6.2918148135823255
202208,107.0,16.0,41.0,14.470320155296886,13.66649533573944,2808.113,-6.271039005393656
202212,563.0,247.0,213.0,15.111534692352693,14.820364395607324,3911.607,-0.0641371561697408
202301,256.0,50.0,93.0,14.282196188736064,14.148454434379971,3153.586,-5.1969984727612335
202309,93.0,6.0,6.0,7.294377299288821,6.628041376179533,15.967,-6.276933343152721
202208,137.0,54.0,31.0,12.361386933816734,12.009601453131777,1570.013,-2.2509296079931254
202303,197.0,59.0,38.0,13.200982302749905,13.002437297067187,842.593,26.201830624361108
202407,6.0,1.0,0.0,12.383373285256132,12.382682085872057,3324.1,-6.163963505379513
202403,76.0,18.0,27.0,13.413038466310368,12.544731774871698,501.608,-6.213007689051315
202303,78.0,28.0,24.0,13.763920377405121,13.342149298180642,3326.436,-2.108279395507113
202210,334.0,43.0,64.0,11.822187995205333,11.35700822569525,707.041,-5.0525165420414595
202403,45.0,8.0,31.0,13.853163696961087,13.853164660007549,858.762,-2.3817213401569073
202409,554.0,66.0,76.0,11.964956042225714,11.6097980599317,561.863,-3.2344216897687557
202303,200.0,87.0,30.0,9.19136140537838,9.191463316206494,219.9,-5.265276550053281
202405,118.0,25.0,55.0,13.75726790949551,13.327021928969792,1772.007,-6.11447786699559
202401,62.0,9.0,4.0,11.97679783641072,11.689413372404832,500.699,-6.2918148135823255
202307,181.0,25.0,37.0,12.933874843838934,12.807353957828784,1075.941,-3.9502639488928804
202211,16.0,4.0,2.0,12.197783384336624,11.688423796416057,723.286,-1.4152862616067843
202212,376.0,111.0,73.0,10.188666494769791,10.188704088048116,913.327,2.6501433395606853
202410,274.0,130.0,70.0,9.756378687497916,9.756436609824092,895.402,-1.8037431049499668
202403,29.0,5.0,15.0,12.661210068281143,12.661213240080045,723.957,0.734585796965245
202407,17.0,1.0,1.0,8.139148678884066,6.556778356158042,114.872,-6.2918148135823255
202303,1164.0,409.0,246.0,12.881715006809896,12.776023414518095,2199.99,32.945824308535805
202309,113.0,63.0,18.0,12.033735082389125,11.70825373322959,1063.622,-5.1758022170736515
202405,135.0,55.0,29.0,12.67730364624729,12.31472523635719,945.079,-2.2509296079931254
202208,176.0,22.0,62.0,12.665792325778396,12.319919053938298,2096.741,21.201818048918973
202401,100.0,13.0,32.0,13.514132454943477,13.451166279720635,1327.364,19.649034099606318
202402,47.0,18.0,8.0,13.373747581028656,12.21777885966021,709.934,-4.216292139959348
202303,6.0,3.0,1.0,11.554643058322096,11.5546526496822,160.307,-6.27185124575107
202403,61.0,25.0,26.0,11.984321873847962,11.681165000554872,1068.729,-6.2918148135823255
202410,18.0,4.0,0.0,13.20718970223862,12.782242091092103,1791.306,-6.143187697190844
202212,134.0,22.0,42.0,12.868139291601139,12.431912558392126,892.352,-6.19622541548757
202311,264.0,25.0,93.0,13.250276265752666,13.18089828788239,710.927,-5.283828118654865
202306,135.0,1.0,2.0,8.593413217327646,7.579678823090456,22.997,-6.2918148135823255
202306,55.0,16.0,2.0,10.571803985965566,10.571829614177101,161.188,2.492582972231549
202312,344.0,156.0,60.0,13.000803468332448,12.979058666830358,758.615,2.918688273380301
202408,106.0,22.0,29.0,11.261202381772703,11.046419711019633,688.51,-4.80048887997561
202306,325.0,77.0,125.0,13.502319206207288,13.452856345201209,1820.637,9.570472733394066
202404,383.0,78.0,102.0,13.634608393356459,13.207849091161451,1812.587,29.211850475891232
202403,36.0,10.0,6.0,12.433052827555377,11.680640869374821,417.929,-6.2918148135823255
202311,79.0,30.0,20.0,13.46351891594129,12.527801009182365,804.023,-4.347155980963951
202303,36.0,18.0,10.0,13.868241518414544,13.703079549624713,4020.823,-6.00779446309766
202212,60.0,14.0,18.0,11.090660018183717,10.781847938375149,254.254,-5.0659576618586915
202306,245.0,54.0,24.0,11.980701615225612,11.69227594581923,435.109,-6.256157534964052
202303,144.0,18.0,62.0,12.37135824426661,11.879400233387107,1766.936,-2.3817213401569073
202207,375.0,56.0,84.0,13.091254474377088,12.752484501101046,1246.858,-6.000710953668257
202410,38.0,8.0,4.0,11.686197868062214,10.169843838273156,553.921,-6.256157534964052
202409,91.0,2.0,1.0,10.793085172154122,6.742880635791903,120.997,-6.2918148135823255
202208,335.0,126.0,16.0,13.169895607849645,10.45975488349865,1589.158,-2.684315090218941
202311,38.0,14.0,9.0,11.646161814073691,11.556770086746646,223.565,-6.271039005393656
202301,331.0,100.0,67.0,12.837924041594393,12.813503973183014,836.859,-1.0324952187598528
202303,163.0,45.0,71.0,12.6834087017089,12.331532803194472,690.571,-5.2050209941238545
202402,32.0,12.0,9.0,8.38160253710989,8.381831553485561,112.68,-6.0717201171990665
202303,189.0,1.0,0.0,9.886493976159556,9.494466128225186,1.777,-6.250263197204988
202410,25.0,0.0,0.0,9.590214130417438,6.733401891837359,111.919,-6.276933343152721
202406,45.0,10.0,12.0,11.963497772977158,11.61515709075342,638.95,1.5507461709925794
202401,153.0,5.0,35.0,11.90504863054044,11.905055386726573,438.371,-6.2918148135823255
202408,98.0,17.0,27.0,14.989779642548632,11.921911035638436,12550.0,-6.2918148135823255
202210,47.0,17.0,20.0,12.95537329069325,12.784137203534057,2715.06,-2.901204132857058
202303,131.0,24.0,15.0,10.648135505958477,10.648159250749464,150.789,-6.250263197204988
202307,516.0,232.0,96.0,10.773608683563433,10.38303920399699,2117.71,20.656971435937876
202311,5.0,1.0,0.0,13.443582735194864,13.443584185722095,2806.993,-6.100037851278107
202212,99.0,0.0,11.0,9.984053200375696,9.984099329028517,76.427,-6.2620518727231165
202303,39.0,6.0,17.0,12.840130431459128,12.627529206056384,681.032,-0.14038492621134857
202405,233.0,46.0,73.0,12.442041598638133,12.43430323589294,649.963,-6.101636080813506
202303,532.0,161.0,90.0,12.068326669728192,11.994962649688738,549.807,-4.156756520839071
202306,65.0,14.0,33.0,12.932115288494343,12.89949478828455,1661.211,4.409216828175177
202301,204.0,14.0,81.0,15.937645262436591,14.418687625151398,9106.786,1.1747751897317622
202211,38.0,3.0,3.0,13.963974527633333,13.479493617679951,5254.279,-5.969246119114326
202402,906.0,393.0,172.0,13.666830719092134,13.162293454284274,2539.229,21.00997528848415
202407,131.0,37.0,12.0,9.831400613641227,9.831454349636296,147.295,-5.255559743171732
202405,120.0,33.0,30.0,11.765977272023102,11.748771990779117,586.825,-3.0715391129993566
202307,122.0,7.0,75.0,12.586961550938739,12.479003958486043,1318.222,-6.2918148135823255
202306,255.0,26.0,92.0,14.40406803682408,13.46934307395334,5175.913,-5.319485397273138
202308,135.0,8.0,17.0,10.056680631152522,9.857338896510148,90.268,-6.276933343152721
202211,55.0,8.0,6.0,12.664187128133491,12.188107229527313,809.823,-6.194456120449732
202401,29.0,5.0,15.0,12.826130181418769,12.826132870982589,895.636,0.734585796965245
202308,320.0,37.0,15.0,11.28158591805648,10.291806501809322,289.734,-6.271039005393656
202408,2.0,0.0,0.0,13.968636713145344,13.883578468473349,1158.324,-6.2867327161806745
202309,92.0,8.0,7.0,10.748840665985405,8.916103530553727,174.791,-6.2918148135823255
202301,81.0,26.0,35.0,13.852580883768002,13.811815740525303,2114.79,-6.213007689051315
202301,101.0,49.0,28.0,10.465158370307687,10.006405086542815,244.745,-4.387617461125155
202308,47.0,14.0,20.0,15.019104290451558,12.415019904641625,3086.847,-3.296019440123753
202306,168.0,16.0,73.0,13.32510338490819,13.216995145321157,2173.655,-6.163963505379513
202211,69.0,23.0,19.0,11.558271610070438,9.10719961305667,574.132,-6.0851563808485025
202303,79.0,21.0,27.0,13.218204325417194,11.606033221219354,647.642,-2.3817213401569073
202402,526.0,37.0,133.0,16.115280993523896,14.517349356738826,10048.738,-2.090312086537102
202211,173.0,37.0,45.0,12.528884140515583,12.38782320600342,617.233,4.493918290465253
202303,52.0,15.0,16.0,12.585679628768997,11.436562644864214,511.186,-6.2918148135823255
202308,163.0,31.0,54.0,12.214963008875621,10.66391947990167,980.804,-6.2918148135823255
202208,142.0,30.0,64.0,12.47727847712298,11.739869784206459,554.021,-6.276933343152721
202210,265.0,110.0,116.0,12.126563961907076,12.08344162737394,969.855,0.36590500164775364
202210,368.0,73.0,105.0,10.13547190851582,10.10483529147988,338.002,1.2966284960161865
202211,17.0,6.0,1.0,14.261382214306835,13.90188364795876,2444.023,-4.2193046727611385
202207,57.0,8.0,36.0,13.645171720767152,13.604980866366702,2930.663,-2.113361492908764
202306,159.0,23.0,29.0,11.369101282860273,11.32804062577311,427.24,-6.1833971191426125
202405,28.0,2.0,7.0,15.365315444288377,15.297913643603136,6991.119,-4.075621492561652
202308,219.0,8.0,9.0,10.03289168974739,9.647304147143718,59.259,-6.214605918586714
202405,371.0,63.0,89.0,13.881913277903001,12.512670923110297,1753.216,-3.1128033205812407
202409,352.0,114.0,103.0,13.888251596289493,13.81505145259153,2539.809,-0.37808078962912095
202402,1090.0,197.0,166.0,14.576640633489879,14.367378695934267,4087.68,95.63263835039362
202303,300.0,87.0,99.0,13.446625660718798,12.977050859043965,1107.302,7.366944453122665
202303,22.0,0.0,0.0,13.682577843239226,9.907728546793383,25626.769,-5.319485397273138
202210,166.0,29.0,81.0,14.066792874618496,13.57856595879344,7781.851,-4.3856767973271635
202311,269.0,45.0,36.0,11.6141002325947,11.30475672933072,505.23,-4.221715142653951
202310,1.0,0.0,0.0,13.294339942143294,13.294341626139687,8333.284,-6.227889159480919
202410,154.0,30.0,22.0,12.02997965090724,11.654242718960116,442.899,-5.2828777170877945
202306,6.0,1.0,0.0,12.523463994338595,12.51873875151975,2883.421,-6.163963505379513
202212,84.0,9.0,13.0,12.426219711864109,12.345578033258873,373.901,-5.319485397273138
202406,205.0,49.0,40.0,12.458743930642143,11.886762297620216,732.04,11.497075454428684
202402,205.0,81.0,50.0,12.151215112045454,11.941722911321472,790.818,6.5495342670106105
202303,122.0,7.0,75.0,12.950167185649116,12.783556417436396,991.957,-6.2918148135823255
202403,363.0,70.0,105.0,11.321316917264511,11.283474564081352,396.473,1.2817470255865828
202303,147.0,23.0,40.0,13.828421847384483,13.166535274729581,1253.569,25.353318183128998
202403,343.0,59.0,38.0,12.469317291578818,12.417341976502094,230.506,-4.296617231916073
202207,14.0,5.0,6.0,11.380422115157135,11.229899204054641,582.268,-6.291742704741504
202312,331.0,87.0,101.0,13.618094449472547,13.379149033407428,2171.086,24.997051219845638
202303,188.0,18.0,49.0,12.624983618153992,12.597881598024172,617.026,-6.256157534964052
202408,9.0,1.0,1.0,11.161849105384281,10.007081508746234,970.04,-6.276933343152721
202410,75.0,22.0,22.0,12.140247964309872,12.027699284344232,695.809,1.4868205168911732
202303,78.0,30.0,20.0,13.886432101699956,12.53570727317758,760.003,-4.347155980963951
202311,70.0,23.0,19.0,12.142083306897614,8.97727273946428,631.179,-6.0851563808485025
202311,101.0,48.0,28.0,10.073778699946109,9.49046898877305,174.41,-4.387617461125155
202212,395.0,136.0,119.0,14.607990272350643,14.462138294317734,2988.535,3.5400494148997677
202303,305.0,143.0,76.0,12.140018309458739,11.958540341705442,576.754,-3.2144555934356545
202303,25.0,8.0,14.0,13.485794645893378,13.391061387444264,2404.346,-6.275982941585651
202307,582.0,98.0,87.0,12.468275358487384,12.270914245734645,949.692,13.286158569480543
202308,635.0,181.0,107.0,12.260125129849756,10.027561867638054,1427.743,14.433465761800841
202312,81.0,21.0,31.0,11.996381947436433,11.512045077542922,174.234,-6.271039005393656
202303,121.0,25.0,57.0,13.824300810245829,13.389664665459318,1940.933,-6.11447786699559
202407,62.0,8.0,18.0,12.01785574529767,12.017861780755986,287.991,16.189896262850247
202212,456.0,130.0,71.0,11.394310833633986,11.323083702176397,747.446,0.5145814766351418
202307,353.0,101.0,77.0,11.836269039476072,11.531747219210816,990.268,1.6220607282291262
202210,145.0,53.0,41.0,8.920121751872404,8.85552084853691,193.33,-2.8707115177868396
202208,106.0,19.0,46.0,10.799555168721248,10.783114300038692,495.304,-6.250263197204988
202308,1.0,0.0,0.0,11.979385322467598,0.6931471805599453,377.851,-6.2918148135823255
202407,761.0,136.0,208.0,13.994595214979348,13.328593499666626,4519.435,37.7531977012003
202212,162.0,17.0,19.0,11.285171301098336,11.020054356564353,90.764,-6.276933343152721
202207,334.0,43.0,64.0,11.95766897687523,11.535586747513307,771.072,-5.0525165420414595
202405,209.0,41.0,55.0,13.792017750320003,13.49235742694292,1858.837,0.6771874470456583
202401,96.0,11.0,34.0,13.370235443103457,12.841609251217246,897.064,-6.276933343152721
202303,215.0,34.0,54.0,12.758735748037743,12.425758224945092,1063.805,19.52445699022602
202404,94.0,8.0,47.0,11.92006250794935,11.920069163456947,350.599,-5.567605070331143
202403,57.0,8.0,36.0,14.022405208011326,13.968029049353534,2165.273,-2.113361492908764
202401,383.0,78.0,102.0,14.022015654703676,13.446139645929176,2307.041,29.211850475891232
202407,952.0,254.0,197.0,13.385089114994077,13.289410538966607,2693.576,35.07399220728432
202207,41.0,8.0,21.0,12.648441682554267,12.504664983989516,1023.718,-3.3748265646547635
202406,131.0,12.0,24.0,13.467861897144552,9.845169643211612,779.861,-6.2918148135823255
202303,169.0,10.0,17.0,11.325969184417731,11.32598124009083,201.849,-6.276933343152721
202406,132.0,22.0,42.0,11.696654364326243,10.556489592791646,683.357,-6.19622541548757
202310,36.0,9.0,15.0,13.047077172945917,12.908665078917803,1510.226,-3.5560801596503926
202311,156.0,14.0,35.0,14.635384658141907,13.662136742966045,13579.137,3.019648708279318
202309,63.0,2.0,3.0,10.288375733655462,10.101067111719063,54.694,-3.3540507564660946
202211,616.0,200.0,75.0,11.117227502621036,0.6931471805599453,1056.075,5.172246158155062
202208,93.0,9.0,38.0,11.313083315058284,10.83645839466148,342.428,-6.2918148135823255
202210,36.0,6.0,8.0,13.162245410299036,12.682673217023945,864.333,7.5408917111295555
202211,23.0,6.0,7.0,13.359741139946362,9.902587147292964,1829.682,-6.2918148135823255
202301,14.0,5.0,3.0,12.26894415297218,11.881083228267878,909.944,-6.163963505379513
202312,105.0,14.0,52.0,13.061940110314671,12.917874736187285,1826.482,-5.718692015211344
202301,105.0,31.0,36.0,14.398874680046863,14.10934814629582,2399.463,-4.150296921258081
202303,4.0,0.0,0.0,15.772758900371361,15.75489316317057,18005.896,-5.239727871175058
202310,416.0,215.0,121.0,15.275398258837347,15.129749416096892,7714.854,22.05844958971138
202212,153.0,61.0,18.0,11.611213026154173,11.611222089995339,442.813,6.4282251245351905
202208,32.0,8.0,8.0,11.722189134850398,11.499201723750419,373.806,-6.1422507854609
202212,500.0,230.0,79.0,13.678402490944615,13.634602401848822,1814.16,24.087097013258962
202408,413.0,177.0,153.0,13.016169180997926,12.499734304566951,3500.654,7.6185153736937075
202210,67.0,28.0,14.0,10.129506964595802,10.129546848931234,173.94,-3.906966588197433
202212,255.0,79.0,68.0,12.322445798880532,12.316978755913599,742.228,6.942692169951551
202406,191.0,48.0,51.0,12.8502396438684,12.594113495777973,1063.712,17.815260599823134
202212,160.0,15.0,33.0,13.51504715114776,13.423319459086647,2632.014,72.65139570128
202409,108.0,19.0,14.0,10.342484143853085,10.342516377482433,206.053,-4.3263801727752815
202312,261.0,58.0,95.0,14.515005548480355,14.148880129150355,2028.994,-0.45783831572720146
202407,58.0,6.0,19.0,13.755987703978697,13.017451649914914,2510.346,-5.319485397273138
202301,152.0,16.0,33.0,15.156362370392278,14.098156972747452,3719.005,13.01530144295439
202301,104.0,25.0,39.0,12.492810522369536,12.492814275904898,602.278,-1.2682573747507027
202306,50.0,18.0,19.0,15.443347171474699,15.187905011410681,6017.737,-3.1042424778195348
202311,321.0,16.0,13.0,13.792125240491153,13.583781506491613,3361.23,-4.091453364558326
202207,94.0,34.0,20.0,10.005953884080618,9.972873680021136,241.581,-4.02752771045692
202401,547.0,140.0,149.0,12.340083298291209,10.587593988443924,1214.179,22.802683447292623
202409,190.0,68.0,65.0,12.897150185861538,12.513402921590705,964.374,-1.8776062932889834
202303,14.0,5.0,3.0,12.06851028230617,11.741279418532317,720.542,-6.163963505379513
202409,71.0,24.0,11.0,12.759520881730543,12.759523756545297,899.034,-1.0822217274503174
202309,182.0,19.0,46.0,6.840546529288687,6.841615476477592,570.153,4.39655959733266
202401,85.0,4.0,22.0,12.703244479095462,12.106014712963189,955.416,-5.595873445814275
202303,95.0,34.0,20.0,12.037186428992468,10.670280098263682,221.439,-4.02752771045692
202408,59.0,7.0,5.0,7.4318919168078,7.432483807917119,49.551,-6.276933343152721
202408,110.0,23.0,32.0,12.416860174634799,12.416864224357292,793.735,-6.235381726775383
202405,257.0,36.0,15.0,12.97142652768818,12.366646935441441,1822.308,-6.256157534964052
202402,129.0,4.0,14.0,12.383913344927011,12.371909066064266,745.771,-6.276933343152721
202405,323.0,78.0,125.0,13.696634675368148,13.64068205797126,1493.885,9.570472733394066
202208,65.0,16.0,32.0,12.702069869989563,12.657157818984878,2278.857,4.189122131791917
202405,264.0,113.0,70.0,13.498976233605465,12.648981247446823,1442.564,-1.0822217274503174
202309,7.0,0.0,2.0,12.413594815941426,12.23387748329047,698.113,-6.163963505379513
202212,252.0,46.0,110.0,12.925645083126275,12.788603858036337,1113.892,-6.276933343152721
202301,296.0,125.0,96.0,13.209441585494044,13.166343898523566,655.646,-6.241276064534448
202408,139.0,39.0,64.0,12.786666839850788,12.765282636855574,1053.949,-6.0666380197974155
202306,74.0,26.0,20.0,9.729848196125007,9.720705889909716,132.326,-5.319485397273138
202312,152.0,34.0,30.0,12.097579450373992,12.097585023345083,477.525,4.951992948269529
202404,88.0,5.0,6.0,9.97119292889014,9.971239654586947,237.371,-6.2918148135823255
202403,16.0,6.0,4.0,13.198001321411134,12.937846612904064,1677.542,-6.258381774551138
202211,76.0,40.0,19.0,14.096454983363312,13.901093582010017,4598.762,-5.183611567707706
202401,233.0,46.0,73.0,13.095892083898512,13.082755229207782,798.133,-6.101636080813506
202401,41.0,8.0,21.0,13.685964356762403,13.295052019629903,1041.062,-3.3748265646547635
202407,248.0,60.0,69.0,13.016073541172984,12.57298401800609,1788.827,12.599773175932059
202409,2.0,1.0,0.0,7.069023426578259,0.6931471805599453,208.863,-6.2918148135823255
202402,451.0,231.0,83.0,13.09343701513046,12.914972597111015,2165.604,18.526015812212542
202407,17.0,4.0,7.0,12.61365550960934,12.363157587624771,1698.421,-6.275982941585651
202312,671.0,265.0,60.0,7.180069874302796,0.6931471805599453,727.542,10.48406383060223
202212,43.0,9.0,19.0,12.810863909248116,12.764150107992316,2658.153,-3.2950690385566825
202210,48.0,10.0,8.0,13.312616727524475,11.68692919099068,1570.769,-5.304603926843534
202309,28.0,9.0,10.0,12.554642834492379,11.893701627147966,2807.412,-3.906966588197433
202312,337.0,20.0,36.0,14.58246055698043,13.223026477460524,3976.556,-2.799396960550293
202403,215.0,28.0,82.0,15.511737355971958,14.42679562673834,7988.488,7.781762215701484
202307,556.0,212.0,153.0,12.598283637959922,12.3564992567568,2190.481,12.996205058739077
202309,14.0,1.0,3.0,13.262540885593966,12.744418101045575,1886.997,-6.148131633382839
202210,65.0,4.0,4.0,12.766816368536173,12.762345709928086,1518.964,-6.227817050640098
202211,126.0,14.0,50.0,14.50479930433153,13.652949274628412,2634.194,16.601872875196882
202303,22.0,5.0,9.0,12.715783648336956,12.243426232071522,984.363,-6.163963505379513
202403,313.0,40.0,59.0,13.739645196352047,12.4173136416407,836.638,-3.3242878156068856
202407,231.0,22.0,29.0,13.905417987342995,13.886849342311343,2679.289,5.724084186713993
202309,47.0,9.0,9.0,10.736787903279478,10.674313109478335,147.367,-6.243500304121533
202403,181.0,59.0,61.0,13.955249021802944,12.474331043873944,1849.982,-1.1951194563827041
202312,284.0,88.0,103.0,13.987233648910946,13.612509037126781,2349.333,7.814416221925754
202407,119.0,27.0,45.0,11.542532809722886,11.542542517942351,571.824,-6.276933343152721
202207,184.0,43.0,25.0,11.046419711019633,10.77978927619392,397.044,-0.8384107989174199
202310,28.0,7.0,14.0,12.40300773593625,12.39469100246815,791.155,-6.036112197176701
202401,27.0,2.0,10.0,13.906484988340397,13.870215575799072,3427.383,-6.077133859485882
202312,18.0,6.0,1.0,14.54694484292352,13.841490146923222,3120.286,-4.2193046727611385
202301,22.0,5.0,9.0,13.179820635474782,12.647210513575933,1448.487,-6.163963505379513
202210,264.0,35.0,133.0,13.610694281442884,13.291641909226328,2187.802,-5.2860523582419505
202301,239.0,65.0,126.0,13.967629747139572,13.794299178843042,2909.614,-5.262101908899125
202210,191.0,42.0,37.0,11.43871902643039,11.019301048524012,403.868,-4.255065615538735
202207,252.0,83.0,49.0,12.436398343372595,12.321586441742514,926.118,35.56444816749319
202312,65.0,30.0,18.0,14.70899642433181,14.338963125277349,7133.103,-5.078443523941058
202407,310.0,17.0,31.0,13.363199095264166,13.28964912753867,3185.16,-2.2504654818286776
202311,325.0,36.0,94.0,13.023634159344342,12.480867027308292,1243.842,1.7233822769379934
202308,65.0,8.0,25.0,11.035873051311158,10.910039375355025,252.429,-6.2918148135823255
202406,191.0,52.0,102.0,11.075923249063857,11.073955278304666,639.758,-6.2918148135823255
202402,15.0,1.0,1.0,13.804828709617414,13.025312683784232,1537.758,-5.319485397273138
202207,453.0,231.0,80.0,12.226237952148296,12.058233671580593,2260.86,20.486506516827596
202404,436.0,237.0,97.0,12.081823751190178,12.038168654344211,936.978,-3.303245858364916
202211,375.0,56.0,84.0,13.651764994105141,12.92956957758474,1022.952,-6.000710953668257
202308,48.0,9.0,9.0,10.031000872835088,9.491752831414368,88.127,-6.2918148135823255
202402,522.0,57.0,36.0,11.87445261787988,11.860471870292036,372.224,-6.250263197204988
202308,32.0,4.0,15.0,12.617731863801666,11.903872358645478,924.677,-4.042359822290617
202410,529.0,165.0,51.0,9.919213252997611,7.133295954896068,334.391,-2.0478919148353736
202303,78.0,28.0,24.0,13.75265701645088,13.354790106381431,3330.135,-2.108279395507113
202301,522.0,119.0,138.0,15.397506561955264,14.336779856215983,4915.496,54.1812757726037
202406,23.0,5.0,15.0,11.860422419723168,11.598313858968517,549.819,-6.2918148135823255
202210,6.0,1.0,2.0,12.472064936129224,12.472068768347063,1482.408,-6.148131633382839
202310,22.0,5.0,14.0,11.848325698630106,11.593869304963588,495.865,-6.2918148135823255
202406,18.0,7.0,5.0,11.467352619675472,11.259412908288544,742.173,-6.163963505379513
202308,475.0,122.0,89.0,10.776223392258185,10.353926026287024,1234.706,3.829964103143496
202402,253.0,149.0,44.0,11.72923773613142,11.729245790936313,385.576,-2.0023458087706736
202410,1.0,0.0,0.0,11.097076632107324,0.6931471805599453,365.144,-6.2918148135823255
202303,124.0,17.0,24.0,12.083232469065777,11.993263014855499,298.785,-1.3298686149428258
202311,109.0,13.0,9.0,9.55824698622306,9.054855469135788,314.842,-3.3646623698514615
202307,207.0,51.0,66.0,13.146159978940563,12.640277450277928,2534.937,3.751156978612485
202404,25.0,1.0,7.0,11.67741395361239,10.498498062527567,458.45,-6.276933343152721
202407,293.0,119.0,45.0,11.136018658770025,11.136033236348252,652.897,12.17526703664698
202410,29.0,4.0,9.0,13.31880642165657,12.986094527073343,1210.607,0.5813571786443612
202401,62.0,8.0,24.0,13.228108019276233,11.644856828230198,1230.347,-6.2918148135823255
202210,118.0,28.0,31.0,13.855928630919196,13.138094984232184,2004.533,1.3204483923251482
202405,77.0,18.0,14.0,12.374569919064353,12.199722526131373,1338.795,6.390019214814448
202301,1.0,0.0,0.0,15.33757673757929,15.337576955839722,8855.739,-6.227889159480919
202210,119.0,25.0,20.0,11.262269391354895,11.082404053144092,268.767,0.7680188359964326
202410,366.0,102.0,186.0,14.176547175958072,13.89713478360949,3902.625,-5.778879866539942
202210,135.0,39.0,47.0,11.74938003034411,11.647106646436248,497.442,-5.319485397273138
202408,37.0,7.0,7.0,9.471858124407284,9.471935109664646,71.867,-6.2918148135823255
202210,339.0,102.0,71.0,11.279112699468135,11.162147386011746,575.154,2.891360483269791
202301,399.0,129.0,53.0,11.923106104131937,11.87237455739831,871.457,-3.026880560068692
202402,60.0,10.0,31.0,13.518836175610673,12.751032993784952,1045.675,-5.2860523582419505
202301,262.0,101.0,49.0,12.046426057495422,12.004256294054718,476.573,-3.9969992266279197
202312,233.0,46.0,73.0,12.760902714444171,12.749489362696352,726.107,-6.101636080813506
202301,479.0,172.0,106.0,13.51459733866335,12.732518633698605,1546.362,7.411127266748876
202307,36.0,24.0,8.0,10.828559615417621,10.828579440363352,755.57,-6.2918148135823255
202301,84.0,11.0,24.0,12.721103415263379,12.334703299126213,459.713,-5.158201050039138
202210,39.0,26.0,7.0,12.326656200513485,12.253199522442053,1123.357,-6.227889159480919
202311,94.0,17.0,14.0,11.00314929033981,11.003165939386236,432.914,-6.2918148135823255
202210,93.0,0.0,16.0,11.88457867255634,9.227689010310796,82.887,-6.2918148135823255
202303,67.0,32.0,6.0,12.550034621044288,12.54199830423346,226.646,-6.100037851278107
202311,32.0,12.0,9.0,8.249836485425702,8.250097752572845,92.308,-6.0717201171990665
202405,95.0,18.0,14.0,10.967525649563905,10.967542902395527,412.477,-6.2918148135823255
202310,118.0,19.0,58.0,11.927574934083886,11.927581539779979,701.801,-6.2867327161806745
202207,352.0,126.0,88.0,13.819982543713705,12.869111072653133,3680.597,13.744617309542521
202301,514.0,230.0,97.0,12.100111949800315,11.886266750650119,2982.294,20.656971435937876
202408,20.0,2.0,4.0,12.481835212075595,12.441757228338695,954.515,-6.20711335129225
202310,83.0,11.0,32.0,12.549534682196606,12.302436815146585,592.47,-5.319485397273138
202311,68.0,19.0,25.0,12.825963414332826,12.824391209719332,1112.093,-4.021680070085478
202407,99.0,0.0,11.0,9.386476169683052,9.386560016578668,51.786,-6.2620518727231165
202405,370.0,76.0,204.0,13.934080839217065,13.663131807342818,2940.827,25.815540787119218
202410,24.0,1.0,6.0,9.3868953338758,9.386979145634639,38.855,-3.3748265646547635
202409,223.0,26.0,58.0,9.88690074893173,9.839322295060342,198.555,-6.120917323626099
202210,484.0,123.0,80.0,10.780413560888006,9.07280095795412,1494.012,81.36093507649727
202408,335.0,73.0,78.0,11.782876263391694,11.77429692908219,607.742,0.6583950081375338
202402,117.0,44.0,19.0,14.107128126183675,12.836264051747758,2003.152,-3.244034832490982
202210,20.0,9.0,1.0,13.031952775043314,12.198630017759669,1757.108,-5.122626337567269
202307,170.0,48.0,68.0,11.706788495319067,11.587865947633748,1135.668,7.184917505250491
202207,203.0,17.0,46.0,13.820043269687766,11.165804733836307,1860.524,-4.26834885643294
202306,43.0,15.0,8.0,9.351839934249883,9.351926736038054,368.748,-6.20711335129225
202402,91.0,39.0,17.0,13.530843934472951,11.480298962143134,755.37,-6.023405607738274
202402,896.0,360.0,147.0,12.207851063207585,11.753405860937713,2215.144,56.24591504310905
202405,25.0,4.0,11.0,13.243761205153742,13.037885515625735,2004.629,-5.319485397273138
202311,105.0,35.0,13.0,11.561772770364213,11.561782293584203,189.312,13.884065353254256
202212,137.0,54.0,31.0,14.041400733849446,13.365861560494952,1412.395,-2.2509296079931254
202303,937.0,455.0,206.0,14.00392518093835,13.644139623644177,2957.379,30.91923306882817
202210,11.0,0.0,0.0,14.6387408175434,12.668614127076028,3903.254,-6.227889159480919
202309,22.0,1.0,3.0,12.31882973893822,10.917848288756646,850.604,-4.347155980963951
202211,110.0,3.0,21.0,11.739829935154662,11.739837905092058,169.801,-6.2918148135823255
202211,143.0,9.0,30.0,13.39498866322188,13.219867512364361,1924.649,-4.313722941932763
202410,18.0,3.0,4.0,7.730174795246222,7.7306140660637395,4.685,-6.2918148135823255
202307,428.0,144.0,75.0,8.754002933494261,8.653296274408579,251.905,-0.1664290621073956
202407,11.0,4.0,1.0,12.806685041311486,11.858675953750735,2490.039,-6.2918148135823255
202301,166.0,29.0,72.0,14.438527077142624,14.331258049443036,3178.461,30.897573510738717
202408,280.0,7.0,5.0,10.17450656409137,10.174544693464336,141.341,-6.2768612343119
202309,11.0,5.0,4.0,5.958424693029782,5.961005339623274,41.087,-6.2918148135823255
202301,68.0,18.0,45.0,12.117722190557496,12.117727652396988,716.836,-5.319485397273138
202212,716.0,291.0,152.0,12.560149717920865,12.53522530212248,3182.009,40.81900491177231
202406,349.0,204.0,49.0,12.795294391322066,12.174509736407325,991.373,-2.73774490463188
202303,1435.0,530.0,168.0,13.76932839001433,13.508627996894427,2039.668,56.016015174907125
202308,90.0,4.0,3.0,8.700014623251842,0.6931471805599453,32.255,-6.2918148135823255
202207,302.0,122.0,44.0,6.920671504248683,6.921658184151129,665.684,13.147524344115345
202210,45.0,1.0,10.0,12.229076027295136,12.229080913579093,448.0,-2.3275124929370503
202310,14.0,5.0,6.0,11.47618886385422,11.379908225860417,516.933,-6.291742704741504
202210,211.0,45.0,81.0,13.70863222433665,13.349780981926477,1928.403,23.01108364744416
202303,44.0,11.0,21.0,12.34722058349129,12.347224925286058,2619.333,-5.0637827808675135
202303,228.0,27.0,93.0,13.76813798853246,13.72955716656501,1808.238,8.823099383513728
202312,271.0,39.0,94.0,15.035712553638968,14.222673557172541,6882.618,-1.3967346930052011
202410,29.0,6.0,1.0,8.11552088154677,8.115819701211327,49.755,-6.250263197204988
202309,165.0,42.0,33.0,12.172795037092454,10.569982702098647,389.961,-5.199856330575799
202410,465.0,123.0,138.0,13.336504932054325,13.136920900611312,1721.828,2.695076501580294
202405,174.0,33.0,46.0,11.712677556827067,10.800248819801778,445.345,-6.258381774551138
202408,16.0,4.0,2.0,11.694646841692151,10.919388297576349,1224.317,-1.4152862616067843
202303,176.0,21.0,26.0,13.391672699798056,13.082946645040538,1374.092,-6.227889159480919
202306,26.0,2.0,10.0,13.223870678958457,12.958122967008213,2525.899,-6.1410595135872885
202410,36.0,4.0,11.0,12.488375274687442,11.405351390085748,2045.892,-3.2135422174207635
202210,517.0,249.0,88.0,10.652873279543263,10.652896912104206,1039.394,3.9417094614925983
202403,40.0,6.0,20.0,13.032239525321904,12.446037915054186,802.591,-0.3939126616257953
202207,58.0,7.0,3.0,10.091874013892333,10.091915427761844,35.106,-6.275982941585651
202211,6.0,1.0,0.0,12.698372726180729,12.562340506621926,2290.724,-6.163963505379513
202404,311.0,48.0,112.0,12.529861211984663,12.468459986654473,1305.282,11.029000819636481
202210,177.0,10.0,7.0,9.423110302862831,9.423191133804961,84.193,-6.2918148135823255
202407,1.0,0.0,0.0,5.117993812416755,5.123963979403259,99.333,-6.227889159480919
202210,105.0,13.0,52.0,12.802827310771972,12.668620423869072,1665.972,-5.718692015211344
202410,5.0,1.0,0.0,6.3835066348840055,6.385194398997726,0.695,-6.2918148135823255
202212,123.0,18.0,34.0,13.131093161713322,12.264393439100528,956.556,12.686559143160155
202212,268.0,46.0,35.0,12.204801838396728,11.908697075907298,542.434,-4.221715142653951
202207,190.0,40.0,32.0,12.701603904496078,12.25414350344183,929.46,-1.3633016539740135
202303,255.0,30.0,97.0,13.700077259511902,13.050362414715567,1910.559,-4.274891022160334
202401,235.0,36.0,99.0,14.799192986796008,14.431754015745362,4036.182,20.611088403583103
202308,49.0,10.0,12.0,12.228807244902185,11.422617751938695,627.588,-3.0908062141700983
202410,76.0,3.0,4.0,12.294152201813114,9.669662152875057,456.528,-6.271039005393656
202301,334.0,153.0,80.0,14.257547360852143,13.593591256949757,3009.658,6.824557668630288
202303,84.0,9.0,13.0,11.601513099013726,11.431726255472853,297.333,-5.319485397273138
202404,131.0,20.0,44.0,15.110762793166,14.442115611508278,5153.327,9.46017323362986
202309,7.0,0.0,0.0,13.726308783805335,13.02240380590987,7152.486,-6.227889159480919
202207,4.0,1.0,3.0,11.309805104861486,11.309817356985697,325.375,-6.2918148135823255
202401,95.0,23.0,44.0,13.793775043845338,13.122405376522353,2135.0,-4.3420738835623
202404,7.0,0.0,0.0,13.554408097087697,13.462265439728734,1354.663,-5.319485397273138
202207,53.0,13.0,19.0,11.445941288988696,11.445951981717107,371.745,-6.227668432124859
202408,12.0,0.0,0.0,14.078484636457391,0.6931471805599453,6245.935,-6.2918148135823255
202303,78.0,18.0,16.0,12.741064889918475,12.244095526183848,1329.592,6.369243406625779
202310,34.0,10.0,7.0,8.335191583433202,8.335431477880796,28.753,-6.2918148135823255
202308,40.0,10.0,7.0,11.520377628495268,11.26511773816131,390.424,-0.2377436193439424
202405,261.0,57.0,145.0,11.96064514097523,11.960651531792902,691.561,-6.271039005393656
202301,56.0,18.0,10.0,12.746511438991812,12.68713366587901,1001.84,-6.1222737277925185
202306,498.0,13.0,17.0,12.49131549549613,12.03642839108981,1000.005,-5.084509230460275
202402,300.0,47.0,59.0,13.038379413172706,12.65989607854687,611.814,-4.296617231916073
202402,88.0,7.0,15.0,12.76936737214993,12.410661111044606,561.936,-6.2918148135823255
202309,187.0,9.0,10.0,12.323446708679812,9.67852985665631,618.885,-6.2918148135823255
202311,98.0,30.0,34.0,13.28268810139291,13.022094322678074,1579.127,0.07898009596090105
202309,5.0,0.0,1.0,12.410718158202247,0.6931471805599453,514.491,-6.276933343152721
202409,225.0,50.0,82.0,11.050524859350896,11.050540738037729,897.142,-5.956078651917021
202303,191.0,38.0,34.0,12.99254394406957,12.814745228752459,827.502,-1.3633016539740135
202303,230.0,19.0,31.0,12.086241263443892,11.652426503747787,296.187,-6.271039005393656
202208,250.0,90.0,33.0,12.836503643484587,12.238926982401122,1875.5,-1.4374169005224653
202409,87.0,23.0,37.0,11.303943661062112,11.140716200112923,702.581,-0.8767877741406025
202310,161.0,13.0,35.0,11.899527104634446,11.716445732905177,549.671,0.5144911005819859
202309,50.0,4.0,31.0,12.762056130346869,12.335630529213805,1600.337,-6.27185124575107
202301,209.0,28.0,47.0,13.422627957056031,13.35319410651225,3053.918,-6.076321619128469
202312,54.0,14.0,25.0,11.429087230054272,11.21389929081779,393.573,-6.00779446309766
202407,44.0,11.0,8.0,9.668840589963489,9.668903811079362,120.933,-5.943868808996254
202210,116.0,34.0,26.0,12.987196362163838,12.882188106281525,798.471,-5.255559743171732
202307,275.0,9.0,1.0,10.741665380134448,9.270023374137356,373.683,-6.256157534964052
202303,24.0,9.0,12.0,11.932523563544306,11.795929110630093,642.844,-6.2918148135823255
202406,94.0,15.0,28.0,13.091634030342426,11.929409639560825,1831.853,15.483328385828434
202409,69.0,0.0,4.0,7.488852955733459,4.672828834461906,10.321,-6.2918148135823255
202308,42.0,6.0,15.0,12.608195507885625,10.635759287780123,1185.949,-4.185871633729951
202312,212.0,40.0,17.0,12.379466972924137,12.044141778383953,408.139,1.3029192553388693
202301,51.0,18.0,16.0,13.538197210674738,12.230570117130561,1006.475,-6.2918148135823255
202310,97.0,9.0,52.0,11.982854091403324,11.71486989434336,598.999,-6.2918148135823255
202404,171.0,31.0,53.0,13.094410305287862,13.06895838125903,789.932,-3.3540507564660946
202409,7.0,0.0,2.0,12.525841874638047,8.462948176563842,766.417,-6.2918148135823255
202212,150.0,15.0,21.0,12.76223963605183,12.737715088008676,1425.165,-5.224846400745453
202212,68.0,18.0,45.0,11.962649853357583,11.962656231376378,589.279,-5.319485397273138
202405,177.0,68.0,35.0,13.437617814416651,13.320823996081316,1555.681,-2.2077797620803885
202311,204.0,50.0,51.0,11.805206943916906,10.63732071836749,387.156,-2.620853880544372
202208,172.0,35.0,69.0,15.419828184077133,13.06163625033441,7415.152,-2.053654744498136
202402,645.0,106.0,149.0,14.589915553809242,14.533629336584768,1888.4,-4.284828556397944
202410,65.0,10.0,13.0,11.885977568139513,10.238065138296543,327.006,-6.2918148135823255
202301,327.0,105.0,51.0,13.796507131222237,13.750270991151597,1430.538,-0.39599716656381734
202303,50.0,8.0,31.0,12.106219160527246,11.893093277704232,442.784,-6.232523868960818
202210,332.0,119.0,130.0,12.826759342235814,12.651873229827741,2157.955,12.821970723258266
202306,373.0,66.0,156.0,14.79635456086722,14.658019110762226,5395.448,-3.261415272169434
202405,89.0,28.0,23.0,11.249688820089574,11.052650359802138,1483.024,-2.2878945839866356
202312,815.0,390.0,199.0,14.082494902636938,14.019486784135148,2318.684,15.768547392856354
202208,196.0,46.0,92.0,12.483821799477191,12.287606548511436,1704.222,-5.265276550053281
202404,461.0,58.0,158.0,14.255136806274326,14.161825623196565,2114.078,-6.2867327161806745
202402,51.0,10.0,34.0,12.694655727828803,12.556028567310046,943.468,-6.266769148349419
202404,486.0,138.0,93.0,12.718599820835916,12.586561767568162,761.735,38.44912294820756
202208,522.0,36.0,129.0,15.354565275717034,13.695424372092438,12581.108,-2.090312086537102
202409,1.0,0.0,0.0,10.651477968978583,0.6931471805599453,467.174,-6.2918148135823255
202310,131.0,12.0,24.0,13.114179984596309,9.627140989748092,765.023,-6.2918148135823255
202210,86.0,4.0,22.0,11.637123436413674,11.225470033500107,848.175,-5.595873445814275
202403,78.0,28.0,24.0,13.924671642302812,13.564231129070881,3530.534,-2.108279395507113
202403,91.0,39.0,17.0,13.386983556919402,11.29767567577512,668.193,-6.023405607738274
202301,36.0,24.0,7.0,11.00909200561469,11.009108556014796,732.916,-6.2918148135823255
202303,56.0,20.0,16.0,13.403689795405207,13.155608580396997,1563.448,-2.118476797860911
202407,274.0,42.0,188.0,12.81739407139929,12.720768769238061,2083.738,7.264747061396806
202301,538.0,179.0,87.0,14.21198739229392,13.91603891753812,1619.125,-2.8411015996828617
202306,14.0,5.0,2.0,11.62786891726756,11.12483356491941,423.141,-3.296019440123753
202303,336.0,76.0,78.0,12.32207632128648,12.294879908949984,446.123,-0.3778600622730597
202401,170.0,32.0,109.0,14.530156964997428,14.094250014147947,3594.961,-0.017648922960683322
202303,110.0,21.0,37.0,13.419224195985617,12.898064158563574,1743.184,-6.2918148135823255
202404,27.0,17.0,5.0,9.490695669041504,9.268420583052707,89.976,-5.787699766714401
202207,246.0,90.0,26.0,12.357874855574046,11.145045117189335,487.311,-4.2534673860033365
202308,285.0,16.0,72.0,10.764054135637922,10.758626023416777,269.224,-6.1539029747355345
202311,116.0,23.0,70.0,13.056306904761088,12.850738364267213,437.108,-6.2918148135823255
202308,2.0,0.0,0.0,12.975178049758032,9.954275719368233,869.643,-5.319485397273138
202207,56.0,19.0,17.0,13.480627857361059,13.216545648631584,2264.537,-2.118476797860911
202404,200.0,62.0,73.0,13.34468258904393,13.222583302839759,1944.951,8.630543388402591
202306,746.0,465.0,133.0,12.789965628771702,12.785395818131102,1820.568,15.17021126845781
202207,5.0,0.0,0.0,11.699164339048227,0.6931471805599453,1038.794,-6.2918148135823255
202303,505.0,109.0,181.0,13.825240072360074,13.475175670904758,3719.666,32.26664266252966
202407,275.0,9.0,1.0,10.796325403035505,9.404178688897805,371.288,-6.256157534964052
202210,176.0,5.0,14.0,12.882388978678646,12.74174111450349,1352.664,-6.163963505379513
202402,10.0,4.0,3.0,13.010533088939868,12.61812931482106,1402.141,-6.2918148135823255
202401,118.0,25.0,20.0,12.563309931325083,12.223996057225865,353.842,0.7680188359964326
202402,118.0,25.0,20.0,12.686258633164053,12.357990835204717,360.582,0.7680188359964326
202311,35.0,10.0,12.0,12.900616350495817,12.69907232707017,1270.353,-5.160920746644047
202303,4.0,1.0,3.0,11.51188492379498,11.511894934155704,257.689,-6.2918148135823255
202306,28.0,0.0,0.0,15.042182965766417,14.540894989352584,11945.486,-6.100037851278107
202312,123.0,18.0,34.0,13.282490448688515,12.368055431328598,931.684,12.686559143160155
202210,23.0,5.0,14.0,11.885081949034651,11.61642925798489,492.189,-6.2918148135823255
202212,207.0,51.0,66.0,14.597563819428217,14.037608763094495,2424.569,3.751156978612485
202211,197.0,21.0,79.0,14.494424930943412,14.234414952938945,2839.956,17.187116713874886
202211,35.0,3.0,16.0,13.410944045997637,13.137068721873995,2343.166,-4.072852437360835
202406,176.0,8.0,8.0,13.446075983640235,11.933495910853996,858.988,7.320797014746297
202210,43.0,9.0,19.0,12.028105594101255,11.95975641968429,2347.8,-3.2950690385566825
202312,262.0,101.0,50.0,11.654919696541562,11.654928372766536,369.246,-3.9969992266279197
202405,230.0,113.0,39.0,13.010363089386827,12.887387600583482,1002.665,4.736143625764191
202207,254.0,57.0,29.0,12.37802394998294,12.275617364721167,636.587,26.84236999633857
202208,110.0,49.0,40.0,12.691678918003317,12.691681994618733,913.834,-6.2918148135823255
202403,81.0,17.0,26.0,14.260286118788748,12.971610252677971,3602.23,-3.3109009105533573
202402,14.0,5.0,2.0,11.688356671059429,0.6931471805599453,384.089,-4.155379018659732
202211,293.0,36.0,111.0,14.813272146452386,14.431032897121435,5067.953,55.022079025676256
202407,56.0,1.0,1.0,10.684874521945481,10.684897410216388,2150.803,-5.780409580771076
202212,410.0,117.0,63.0,12.16651547578172,12.128700119745849,669.144,2.034891970098874
202406,163.0,38.0,57.0,12.675676194754569,12.672087078502381,446.909,-5.2860523582419505
202404,22.0,7.0,11.0,11.685272440616979,11.595131983761206,185.244,-3.3748265646547635
202208,28.0,7.0,14.0,13.438046729108594,13.435550902733995,1270.297,-6.036112197176701
202402,8.0,1.0,2.0,13.628352926187647,12.954029929250039,3644.807,-6.227889159480919
202210,248.0,43.0,73.0,11.270841164835856,11.263643256046324,341.98,-6.251075437562401
202404,35.0,5.0,10.0,14.438773219637847,14.196853723952028,1644.113,-5.20629483214387
202309,38.0,4.0,12.0,9.784647708654596,9.784704016546161,92.137,-6.2918148135823255
202405,185.0,26.0,70.0,13.800481180563608,13.068589113217936,2261.388,16.15646322381906
202409,57.0,8.0,29.0,11.03172336627031,11.031739546321923,156.674,-6.258381774551138
202210,41.0,2.0,6.0,14.12333343581769,11.344494978955712,3634.216,-5.319485397273138
202310,51.0,18.0,16.0,12.420328820854474,11.669647122713899,478.505,-6.2918148135823255
202301,49.0,7.0,25.0,13.583574717507686,12.58800638321189,1661.626,-5.109886540578346
202312,102.0,12.0,43.0,14.699787885524565,14.604199255204469,4999.307,10.632384699752288
202207,66.0,20.0,23.0,14.893439751838432,14.603195347245071,10437.809,-5.158201050039138
202407,89.0,29.0,24.0,11.955493661029895,11.86463108223203,383.229,-6.2918148135823255
202312,76.0,42.0,18.0,14.149163825021688,13.948779291096812,5334.87,-5.183611567707706
202402,61.0,25.0,26.0,12.204050602578535,11.791738321952945,1219.193,-6.2918148135823255
202309,525.0,69.0,98.0,12.818649479239511,11.909659232288188,3245.808,24.690314397374316
202208,17.0,8.0,1.0,11.773426456160173,11.773434162784403,373.156,-6.1171916303908676
202303,301.0,103.0,50.0,10.984801076625908,10.688507192523186,607.337,2.1954191155017426
202408,200.0,12.0,21.0,12.70302852757726,10.349166470257595,443.017,-6.271039005393656
202207,154.0,4.0,8.0,9.909767790493278,9.909817476230998,101.722,-6.2918148135823255
202310,88.0,5.0,6.0,9.889388628156626,9.889439336810069,230.664,-6.2918148135823255
202402,333.0,113.0,74.0,14.056738398331662,14.020457551561815,2478.985,-2.6820414920359474
202212,182.0,24.0,63.0,13.861210237215264,12.963165984315419,2300.513,17.128792640128246
202312,3.0,0.0,0.0,13.269492895029275,12.670956943330959,1157.732,-6.227889159480919
202307,53.0,10.0,35.0,12.66086428187535,12.538052664375861,723.893,-6.258381774551138
202406,156.0,73.0,36.0,12.266127693405457,12.20946189552817,749.635,-1.4679095155926838
202303,273.0,74.0,92.0,15.235761560909022,14.634544296221259,4238.649,19.76733996968774
202404,195.0,62.0,54.0,12.688347548769464,12.542705583523944,563.285,1.3531158883865455
202301,29.0,11.0,7.0,11.784005482824389,11.756342121123994,269.044,-3.0908062141700983
202407,43.0,20.0,7.0,12.803650112609843,12.01993581984506,3573.81,-6.179574650020127
202406,31.0,5.0,14.0,10.593580072366844,10.572393268723038,187.896,-1.1942411636564554
202402,11.0,1.0,0.0,8.129764445794171,8.130059039992796,0.65,-6.2918148135823255
202208,187.0,73.0,53.0,12.638513935759779,12.540922137641994,1047.248,-5.319485397273138
202303,338.0,116.0,54.0,11.757290244733166,11.655630897112745,555.631,0.910225478562376
202402,204.0,32.0,52.0,13.941118895921925,13.893934417548495,1411.307,17.20537552507217
202408,225.0,86.0,76.0,13.095505923234446,12.742413957700833,2654.364,10.257255902989138
202311,13.0,3.0,6.0,12.268648304012654,12.26865300071158,990.958,-6.163963505379513
202407,350.0,128.0,91.0,13.698133689810701,12.605573335138306,3592.99,12.298665461435627
202401,135.0,1.0,2.0,9.281171552736774,9.28126471031288,29.12,-6.2918148135823255
202309,52.0,5.0,6.0,11.766559423282438,9.16502914926618,434.129,-6.2918148135823255
202401,336.0,74.0,78.0,13.017527168718022,12.984109996577795,615.343,-0.3139344081716535
202211,439.0,234.0,45.0,12.007633901853927,11.957463839464499,550.461,4.045223918935175
202207,97.0,26.0,35.0,12.621356062575677,11.761136192863301,572.761,-4.265408432471971
202212,293.0,36.0,111.0,15.530566252960233,15.067343379721542,6473.209,55.022079025676256
202407,324.0,21.0,22.0,11.004679843467624,11.004696467051504,236.007,-6.2918148135823255
202306,181.0,25.0,64.0,13.616476522443268,12.875585216117543,2363.428,17.128792640128246
202407,213.0,44.0,129.0,12.629871983104485,12.565755560983211,1132.922,-5.255559743171732
202301,33.0,14.0,15.0,13.947000117465583,13.859568590859839,2514.573,-6.00779446309766
202207,22.0,5.0,10.0,12.343998120021302,11.935922650770435,1426.872,-6.227889159480919
202311,11.0,4.0,1.0,12.581047617840303,11.151754715741239,1647.554,-6.2918148135823255
202403,54.0,23.0,19.0,10.818917914398128,10.785580137030307,145.102,-6.2918148135823255
202308,5.0,1.0,0.0,6.406879986069314,6.408528791059498,1.534,-6.2918148135823255
202312,76.0,9.0,7.0,13.256427378167952,12.858772761274937,1097.58,-6.2425499025544635
202208,343.0,59.0,35.0,11.277241105411683,11.25465978979888,281.264,-4.296617231916073
202212,363.0,63.0,129.0,12.234281021793763,12.214472269708505,910.466,-3.771586642210416
202403,11.0,4.0,1.0,12.652164529104594,9.23863624113103,463.95,-6.227889159480919
202407,96.0,17.0,30.0,12.739576170791596,12.491307977151369,1054.614,-5.265276550053281
202301,171.0,47.0,29.0,11.435850017289921,11.152959396933282,708.617,-0.31870727886120864
202207,345.0,184.0,41.0,11.724838185941621,11.044504582519703,668.693,-0.9845702769134288
202402,74.0,26.0,20.0,11.204686881123047,11.204700491287118,174.576,-5.319485397273138
202207,72.0,8.0,46.0,11.698707693393164,11.698715997902928,904.156,4.403808765818736
202312,697.0,214.0,113.0,11.601467336821527,11.601476489427503,1923.817,11.541046640105423
202408,1159.0,405.0,243.0,12.085615412392922,12.050114499886945,2849.689,38.987238271931666
202405,461.0,58.0,158.0,14.069173226968541,13.998135402095308,2223.744,-6.2867327161806745
202306,103.0,15.0,16.0,10.095222992690658,10.006856085513162,128.987,-5.271170887812346
202309,5.0,0.0,3.0,10.543128465572932,10.53691126761627,516.262,-5.319485397273138
202406,110.0,23.0,47.0,11.357241944275772,11.357253628771032,488.808,-2.7145424755049867
202301,233.0,47.0,72.0,13.22386525809627,13.210068347136225,826.061,-6.101636080813506
202303,203.0,83.0,40.0,12.06683931341599,11.848189829550481,381.42,-3.0700304059814294
202406,461.0,176.0,88.0,10.812129103878668,10.812149257245792,853.175,9.904324830167928
202210,236.0,111.0,44.0,13.08504150032023,12.894378123944003,1204.101,7.653131874691754
202303,396.0,212.0,64.0,12.857757001281989,12.836240089416542,835.146,3.1075501443841613
202309,190.0,83.0,73.0,12.967177495273345,12.941232311694572,2353.442,3.8433510081970237
202306,110.0,22.0,22.0,12.706611541868012,12.442116627316894,986.368,-6.256157534964052
202408,122.0,10.0,13.0,12.023717088158206,11.884247612955692,696.552,-6.2918148135823255
202409,69.0,3.0,3.0,9.657075374282565,9.657139343577324,24.749,-6.240325662967377
202307,8.0,0.0,2.0,10.221904919357126,10.221941283654663,1081.412,-6.163963505379513
202208,702.0,386.0,117.0,13.986102760714633,13.823334868059812,6342.391,43.238939762512466
202407,258.0,81.0,29.0,12.752357107771072,12.599060232127226,850.915,23.989307401512413
202306,287.0,53.0,143.0,13.517586885577938,13.460646829926148,2562.697,-5.051076191429087
202409,173.0,16.0,44.0,6.778784897685177,6.779921907472252,578.903,4.39655959733266
202408,27.0,16.0,8.0,10.09950653645368,10.099547635440596,179.839,-4.347155980963951
202303,391.0,72.0,144.0,14.677437602404181,14.510771502949314,3419.217,16.171416803089485
202208,374.0,37.0,179.0,14.616003831617826,13.686466226265246,5902.177,-3.33916928603649
202401,70.0,18.0,45.0,12.976921333753971,12.780616454049833,1695.652,-6.2918148135823255
202405,61.0,4.0,26.0,13.8509838737713,13.55207351827916,2369.639,1.7541048009794729
202310,139.0,51.0,65.0,14.290374855001277,14.201463196676384,3692.176,-6.149082034949909
202406,72.0,11.0,42.0,12.657412561171242,12.650393015407012,1719.728,2.07103552411977
202408,106.0,12.0,22.0,12.636057993649834,12.633093744854001,570.067,9.329381501466077
202303,600.0,201.0,117.0,13.011416174116603,12.910065795343407,875.24,0.9141469831390658
202301,35.0,2.0,17.0,13.927820867760058,13.637364272580795,3552.939,-4.072852437360835
202307,256.0,30.0,97.0,13.751570257856816,12.838691918346727,2744.369,-4.274891022160334
202208,359.0,81.0,79.0,13.796874989390059,12.847984424763576,2517.059,10.683089961392524
202311,344.0,156.0,60.0,12.479715376005885,12.464000159081326,613.322,2.918688273380301
202303,34.0,11.0,10.0,12.250634836786144,12.125567330870524,916.326,0.8370265874994898
202312,7.0,1.0,0.0,12.104787149025487,10.196791293755963,1527.162,-6.227889159480919
202310,405.0,33.0,170.0,13.644934551335757,13.582883429350506,2982.179,-6.165341007558852
202401,182.0,121.0,20.0,12.26021986360062,11.481341914308347,1103.355,-5.908260888973889
202408,162.0,28.0,39.0,12.839666193060399,12.717092250480597,462.777,-4.311360541136021
202303,375.0,56.0,84.0,14.131989977775858,13.07368560691849,1017.74,-6.000710953668257
202301,97.0,15.0,31.0,13.841623624646523,13.269151016454998,960.091,-4.072852437360835
202404,1433.0,529.0,171.0,13.90902731236039,13.679201597180555,2051.381,56.768249894833055
202401,266.0,60.0,66.0,10.87197217314098,10.48321404355681,436.704,-4.574499845833286
202311,367.0,76.0,202.0,14.303110952006863,13.889836649185446,3013.978,24.84321137081003
202307,146.0,22.0,61.0,12.190512207412118,11.39241746998219,1057.451,0.04627673114072284
202310,9.0,0.0,0.0,13.614917081742863,12.822165980647805,3771.765,-6.163963505379513
202405,31.0,5.0,14.0,10.783342489769069,10.742875641568942,166.095,-1.1942411636564554
202310,215.0,63.0,56.0,9.259796980688776,9.259892150805431,505.756,3.1907485795866837
202303,99.0,14.0,26.0,12.165057924105948,12.1130249044801,1071.685,-6.2918148135823255
202207,25.0,4.0,11.0,12.652586922352581,12.315200555637198,2658.037,-6.097097427317138
202404,32.0,12.0,12.0,13.689498254575575,13.532475007025441,2661.816,-6.161023081418544
202309,23.0,1.0,1.0,14.375511985816779,14.124006510929183,2704.118,-6.194456120449732
202407,241.0,68.0,126.0,12.809995092341696,12.604573559836705,2279.507,-5.262101908899125
202309,28.0,2.0,1.0,11.988283483852886,11.081711686839286,1207.687,-6.143187697190844
202309,1.0,0.0,0.0,7.109062135687172,0.6931471805599453,17.128,-6.2918148135823255
202312,183.0,35.0,96.0,12.339273983692715,11.588839662059984,1866.432,16.664095550055492
202408,49.0,16.0,22.0,12.38544402148366,11.959142165120452,1367.097,-4.292947133744094
202301,133.0,36.0,26.0,12.935831369086685,11.8260267152682,446.497,2.899339325966878
202303,45.0,17.0,16.0,11.390983794164987,11.181556186084919,370.624,-4.347155980963951
202210,214.0,72.0,22.0,10.834785116516805,10.707706408986764,528.799,-3.1131802518941663
202405,313.0,40.0,59.0,13.321841907974772,11.912084062109443,769.836,-3.3242878156068856
202404,99.0,15.0,25.0,12.064843126791436,12.064848885219616,1010.952,-6.2918148135823255
202405,322.0,103.0,53.0,12.539751699130882,12.535293655437194,804.419,-0.3320715124624112
202303,234.0,81.0,50.0,13.254491035254034,13.099379254513913,593.526,-5.298709589084469
202407,21.0,7.0,5.0,12.353250500188548,12.147813037362953,908.594,-6.227889159480919
202208,73.0,14.0,40.0,13.2688988492841,12.554716929867272,1372.141,-6.275982941585651
202212,344.0,185.0,41.0,12.364242380979809,11.606279186703437,668.578,-1.2046649732966879
202208,543.0,26.0,56.0,11.848368600820269,11.838315087089876,877.715,-6.203717982782034
202406,205.0,59.0,40.0,12.543883271822509,11.815412402566684,859.591,2.899339325966878
202312,26.0,6.0,8.0,13.495003595407987,12.892444424809842,1052.747,-4.313722941932763
202409,94.0,14.0,6.0,10.794891152902334,10.70634079318413,281.555,-6.2918148135823255
202401,59.0,4.0,11.0,15.974633972994003,13.024684394199234,9187.886,-5.319485397273138
202210,98.0,21.0,46.0,13.276710609342526,12.497775374299673,1259.494,-6.271039005393656
202408,95.0,11.0,34.0,12.24079286200836,11.55789883061296,918.195,-6.276933343152721
202309,134.0,29.0,16.0,10.389856535868129,10.069764412161227,147.519,-5.304603926843534
202301,196.0,47.0,74.0,12.960735815226522,12.571684040182632,1397.223,-1.1291443806319181
202308,97.0,1.0,4.0,8.619027497297505,8.164225652265827,23.39,-6.2918148135823255
202407,143.0,68.0,29.0,12.016883561158275,12.016889602487005,1057.917,0.255875587835515
202212,478.0,61.0,59.0,13.117111610988964,13.02472188219481,754.88,-4.718011657272621
202308,93.0,13.0,15.0,13.026851977356568,9.979197811770604,1354.613,-6.209116863523276
202303,170.0,30.0,51.0,13.009174522320624,12.906503237536377,785.961,-3.3540507564660946
202405,311.0,75.0,121.0,13.877627712458288,13.802585386657713,2398.33,46.90986567628593
202303,80.0,21.0,30.0,11.500792153146955,11.105768927201085,152.98,-6.271039005393656
202210,176.0,66.0,35.0,13.31842181638175,13.23634185155283,1634.129,-1.2354503457712012
202303,62.0,8.0,24.0,13.488918550729277,11.5416586837931,902.441,-6.2918148135823255
202405,120.0,1.0,15.0,10.513388984492806,10.51341615434514,61.774,-6.2918148135823255
202303,290.0,108.0,125.0,14.167558011565763,13.847230130854713,3920.552,-5.9039151188966015
202212,171.0,46.0,46.0,11.876394278226202,11.770849115257734,345.351,-4.375180957638697
202402,341.0,184.0,41.0,12.441725626646422,11.712808577643187,797.4,-1.2380980123278755
202301,447.0,217.0,62.0,11.556798799414198,11.556808370120182,1722.946,19.492656677780566
202210,87.0,26.0,8.0,7.718685495198466,7.719129840906732,93.17,1.0334876178795147
202210,904.0,19.0,72.0,11.335280953727237,11.279289560935535,515.226,-5.184245185935185
202307,49.0,20.0,11.0,12.323553413285996,12.315173656803708,908.977,-6.148131633382839
202405,53.0,13.0,14.0,10.048885755225484,9.911108439667489,148.404,-6.258381774551138
202212,453.0,122.0,205.0,15.752726882146332,15.05141943367436,4913.187,8.279985868698754
202312,43.0,21.0,6.0,13.62567846758978,12.226962916421677,3088.398,-6.179574650020127
202401,149.0,32.0,89.0,14.607071279735512,14.23056949774376,3901.716,8.610579820571337
202404,301.0,103.0,50.0,11.327559277990048,10.84320179935387,641.361,2.1954191155017426
202210,173.0,17.0,32.0,12.81533537335501,12.441417457799062,2364.601,-3.2269291224742918
202301,195.0,63.0,53.0,13.287679491132103,13.084663587061359,811.47,0.38078647207735816
202406,97.0,9.0,52.0,12.257806093036127,11.67910917096375,531.105,-6.2918148135823255
202212,25.0,4.0,11.0,12.90832821845411,12.65189243898667,2341.715,-6.097097427317138
202303,41.0,4.0,18.0,13.432883172469529,13.23384929442775,1385.744,0.5479241396131735
202401,276.0,71.0,58.0,10.495487551091115,10.495515211695501,570.295,3.623549069218061
202405,102.0,8.0,33.0,13.55368204995366,12.474017463548924,2550.554,-6.276933343152721
202401,331.0,87.0,101.0,13.93914665322126,13.693321454833052,2530.569,24.997051219845638
202409,29.0,0.0,0.0,10.870718516478668,5.8664680569332965,229.882,-6.275982941585651
202310,367.0,76.0,202.0,13.94214849522728,13.719824207416606,3695.288,24.84321137081003
202407,97.0,9.0,52.0,12.368561324570408,11.710217732694005,678.865,-6.2918148135823255
202301,5.0,1.0,0.0,14.225766836728527,14.2257675002085,3352.01,-6.100037851278107
202311,52.0,15.0,16.0,11.764345443236094,11.080695348341909,353.571,-6.2918148135823255
202208,36.0,18.0,10.0,13.734616070963035,13.497339037020701,3307.056,-6.00779446309766
202306,62.0,16.0,20.0,11.91988944920213,11.919896105861618,562.689,-5.2777956196861435
202309,76.0,11.0,7.0,11.749316874609944,11.282001726337056,102.614,-6.256157534964052
202403,310.0,17.0,31.0,13.752573953073476,13.679402133357668,2389.797,-2.2504654818286776
202307,28.0,3.0,6.0,14.132391416403214,13.760638234908738,4130.821,-5.828503362875808
202403,35.0,11.0,18.0,11.22448310357204,10.842967328182981,120.196,-4.347155980963951
202404,343.0,168.0,50.0,11.365550114010745,11.276785322660233,483.423,-0.4441403072644565
202308,131.0,9.0,3.0,11.648627001128958,8.234299635696253,263.945,-6.2918148135823255
202402,121.0,59.0,42.0,12.899784666537714,12.899787165122891,1042.523,-2.423231939076997
202303,72.0,15.0,20.0,12.081319751745802,11.566200793829088,414.946,-6.222586334723208
202311,72.0,17.0,16.0,11.662878776731453,11.662887384176033,246.916,-4.347155980963951
202303,43.0,23.0,17.0,6.18826412308259,6.1903154058531475,403.907,-6.2918148135823255
202405,89.0,16.0,10.0,12.431126371298975,12.001597500094778,594.676,-6.22494873551995
202407,427.0,17.0,26.0,11.526877678588233,11.309412957605167,1042.146,6.568562294820367
202212,115.0,15.0,62.0,14.270450040561041,14.215081663849997,1711.492,4.752514633444225
202208,46.0,5.0,15.0,14.21645948345434,13.54735787286766,2650.092,-4.313722941932763
202207,528.0,18.0,76.0,12.556342118170388,12.446533385052996,657.144,-6.204668384349104
202307,88.0,32.0,19.0,9.711418644287294,9.71147923015263,390.706,1.8350592788815394
202410,1.0,0.0,0.0,11.040679323171712,0.6931471805599453,158.72,-6.2918148135823255
202311,78.0,28.0,24.0,13.828226368282353,13.420240305266157,3430.0,-2.108279395507113
202210,17.0,7.0,9.0,10.348429751186492,10.033726029459856,264.29,-6.2918148135823255
202301,20.0,2.0,3.0,15.195532287198088,12.675522996745844,1687.306,-6.031766427099414
202301,36.0,12.0,9.0,13.073416801003141,12.916135938466432,1301.984,-6.276933343152721
202408,202.0,7.0,35.0,11.918043846308947,11.833522352433151,275.669,-6.256157534964052
202410,217.0,15.0,15.0,11.48687918658759,11.281384251788262,286.89,-4.3263801727752815
202309,390.0,182.0,86.0,13.468742096675525,12.66629105529111,2995.3,5.213567012025454
202312,129.0,15.0,64.0,12.567749558736562,12.474059534913437,802.218,6.356636056593318
202207,324.0,81.0,92.0,14.064717878964148,13.966468718549343,2045.57,13.786739867672155
202309,163.0,51.0,23.0,10.589937355648342,9.912001208301334,633.365,4.127420717277598
202210,255.0,79.0,68.0,11.646966727588952,11.64267220482288,585.218,6.942692169951551
202210,195.0,44.0,29.0,11.958508319674282,11.768598159972285,413.599,5.537422529361923
202408,63.0,10.0,32.0,13.245637089448595,13.168513870228622,4879.926,-6.097097427317138
202408,10.0,4.0,3.0,12.431964417025503,11.910801851429717,1924.427,-6.2918148135823255
202409,128.0,19.0,7.0,11.873609362306066,11.405173202475998,246.139,-6.2620518727231165
202307,1092.0,201.0,163.0,13.527549780011055,13.405302218498914,3957.35,95.85273304677688
202405,699.0,216.0,113.0,10.683523185864164,10.68354610508537,1548.179,11.541046640105423
202309,43.0,3.0,4.0,11.832999700543699,9.661352295040318,459.067,-6.275982941585651
202405,88.0,32.0,19.0,10.422281345951296,10.422311107413181,318.41,1.8350592788815394
202301,81.0,34.0,8.0,11.042505749172488,11.003548790969342,142.234,-5.996362363483974
202309,41.0,11.0,7.0,11.46412380073467,11.204727711059563,394.774,-0.2377436193439424
202208,174.0,33.0,28.0,11.55844361526924,11.517793596367088,666.731,-6.2918148135823255
202207,96.0,28.0,33.0,12.836122931975446,12.656791513364043,2220.779,0.07898009596090105
202405,152.0,56.0,22.0,10.895256745586188,10.886501916453192,317.753,5.297421433650069
202309,285.0,18.0,18.0,9.915712522158698,9.675268643355135,168.519,-6.256157534964052
202406,165.0,73.0,33.0,10.801329140741753,10.790802512173709,189.547,-2.934637171888246
202301,1515.0,222.0,852.0,15.989105815547216,15.696080340680536,13749.538,-0.20718329967289417
202312,110.0,23.0,47.0,11.83707928331697,11.83708651468084,476.186,-2.7145424755049867
202301,112.0,28.0,30.0,12.801317539678317,12.535897839429593,1118.321,-6.258381774551138
202208,52.0,3.0,3.0,15.004000417716133,13.066235256160052,9779.387,-1.4301677320363888
202408,17.0,8.0,1.0,10.08380710665941,10.083848855954896,303.325,-6.1171916303908676
202207,646.0,211.0,116.0,9.895505782794471,9.817984128922188,1137.258,0.03655992425917365
202212,702.0,388.0,116.0,15.137861154377251,14.64829532534146,5336.055,43.175014108411055
202303,195.0,1.0,3.0,10.67533038004441,10.428304834928856,76.308,-6.208711580827649
202406,147.0,53.0,43.0,9.15704507491796,9.157150543462064,188.323,-2.8707115177868396
202401,230.0,75.0,83.0,13.598731708892537,13.505153336473274,1219.093,-0.9125260454658726
202208,13.0,5.0,0.0,11.981046072442735,11.1672611099801,983.444,-6.258381774551138
202403,115.0,15.0,62.0,14.329825287714486,14.166810180715146,1897.881,4.752514633444225
202309,236.0,32.0,80.0,14.815867400452746,13.750290204431817,6227.041,0.9914263347435046
202307,326.0,104.0,52.0,12.309328447831943,12.193777367436022,1130.797,-0.39599716656381734
202303,136.0,59.0,34.0,11.34039184960737,11.339559685218777,383.874,-1.8983821014776519
202303,81.0,17.0,26.0,13.621499747266457,12.810817482154349,3246.528,-4.283230326862545
202408,153.0,3.0,9.0,9.981327836654465,9.9813740911932,136.622,-6.2918148135823255
202303,503.0,192.0,119.0,13.493542032185466,12.928674253952808,1797.988,11.364541954847182
202402,111.0,21.0,43.0,12.315684610954449,11.92566405704489,547.682,-6.140109112020218
202207,161.0,33.0,59.0,12.938469384981204,12.906582653826685,1182.882,29.78743310275093
202307,181.0,50.0,50.0,10.298329770340379,10.281444421227691,510.945,-4.5469611445611635
202405,157.0,29.0,78.0,10.815910815383793,10.81593089268139,243.968,-4.021584014101947
202211,74.0,15.0,12.0,13.134361115837946,11.602391327244831,1456.645,-3.2135422174207635
202409,10.0,0.0,1.0,5.111987788356544,0.6931471805599453,0.0,-6.2918148135823255
202401,49.0,16.0,22.0,13.809367729366025,12.792302543744041,1254.392,-4.292947133744094
202410,25.0,1.0,4.0,11.645365011747952,7.590852123688581,15.838,-6.2918148135823255
202408,172.0,49.0,29.0,9.563669725663818,9.369222697036374,595.681,-0.3521403178923963
202301,302.0,58.0,61.0,11.831946307977686,11.812355756056418,734.804,3.2472853305529483
202211,24.0,3.0,3.0,13.401086941983877,12.20330381585668,1454.631,-4.347155980963951
202210,20.0,5.0,4.0,8.762646029650282,8.76280248744611,222.172,-0.45783831572720146
202211,63.0,9.0,26.0,13.753659622031954,13.220830387354773,1328.133,0.5942486266800664
202404,77.0,19.0,24.0,14.121692203223015,12.955349655562937,2262.237,-5.142369178042463
202301,335.0,103.0,71.0,12.355806442418384,12.259670282878965,777.732,2.891360483269791
202210,60.0,14.0,18.0,10.598408159645215,10.109281465515226,261.603,-5.0659576618586915
202407,261.0,57.0,145.0,11.655960306432807,11.65596897363395,985.148,-6.271039005393656
202306,155.0,15.0,34.0,15.048175186873465,14.50594556390145,15848.771,3.019648708279318
202404,336.0,103.0,73.0,11.463892771392917,11.436357546551237,645.885,2.891360483269791
202410,98.0,13.0,5.0,9.233470789365038,9.13830716907635,23.503,-6.036112197176701
202402,29.0,4.0,11.0,14.121033776441472,13.744164920893725,1699.977,-4.029702591448098
202303,284.0,88.0,103.0,13.612965885481286,13.218589501240182,1611.904,7.814416221925754
202404,36.0,12.0,9.0,12.779281344127462,12.625289431067928,855.431,-6.276933343152721
202307,24.0,9.0,12.0,11.821005575661202,11.667884389508286,896.306,-6.2918148135823255
202301,37.0,6.0,8.0,14.217800630978791,13.903167892944778,1257.965,7.5408917111295555
202401,62.0,3.0,34.0,14.424526935966224,13.83515532966466,2598.526,-6.129118467118653
202306,33.0,8.0,6.0,9.703449989936393,9.703511060503452,185.921,-4.134603210471063
202303,37.0,5.0,9.0,13.698042597666436,11.812741126795244,670.37,0.5303229725786602
202407,102.0,18.0,32.0,12.03438237580488,12.034388312337411,709.293,-1.7422130591957998
202207,65.0,4.0,4.0,13.702607222183333,13.701000535152811,2190.546,-6.227817050640098
202301,56.0,6.0,22.0,14.612968203071294,14.118286394278618,2813.038,3.8436437656013194
202410,174.0,1.0,5.0,8.455955881945048,8.394121193826242,9.515,-6.250263197204988
202303,154.0,3.0,9.0,10.546814038112117,10.473591009252495,80.302,-6.2918148135823255
202405,102.0,13.0,32.0,13.144183575877443,13.095121668627138,995.487,20.62136351591551
202310,110.0,23.0,47.0,11.202547784586258,11.202561423894746,468.233,-2.7145424755049867
202403,1108.0,387.0,209.0,13.650954260323134,13.17474328121797,2658.324,55.37226573915721
202210,313.0,43.0,58.0,13.194817983501359,11.52297480082323,876.099,-3.345063623795555
202210,188.0,42.0,21.0,10.312346893712308,10.31238011354455,487.25,-3.190542169645009
202406,88.0,32.0,19.0,10.03214458474439,10.032188547551861,334.321,1.8350592788815394
202303,16.0,2.0,4.0,12.251853524434438,11.687701962591143,595.247,-4.246856863870388
202310,60.0,5.0,14.0,9.900783900961812,9.140775908590273,312.265,-6.2918148135823255
202310,249.0,80.0,43.0,9.980355996792705,9.97878053657156,266.166,-3.831843771579251
202207,125.0,45.0,16.0,12.045862812721348,11.774627972063062,704.876,-2.1035953274313064
202303,82.0,15.0,32.0,12.15763316986234,12.156462144976839,487.546,-5.139428754081495
202207,47.0,10.0,31.0,11.526167402241155,11.524547664798016,769.54,-6.2918148135823255
202312,97.0,26.0,36.0,13.255934019258591,12.616900017635286,559.122,-4.265408432471971
202301,522.0,56.0,37.0,11.727536719545492,11.670245403103019,403.613,-6.250263197204988
202309,78.0,2.0,1.0,10.700544196486584,7.904703913873747,196.64,-6.2918148135823255
202409,63.0,22.0,25.0,13.820872158859611,13.808950085044975,1466.2,-6.260151069588976
202303,244.0,72.0,73.0,12.488869052531374,12.028875934253467,654.161,6.825899863055858
202403,430.0,7.0,31.0,10.427416945679095,10.302263672493496,187.363,-6.271039005393656
202309,2.0,0.0,0.0,10.024952689817304,0.6931471805599453,0.165,-6.2918148135823255
202307,219.0,21.0,106.0,13.070046401338697,12.62968214407432,1697.949,-6.156574602244373
202210,169.0,10.0,17.0,10.94913848971599,10.949156062709815,189.198,-6.276933343152721
202210,106.0,14.0,33.0,12.643788721627718,12.604204262538115,1021.947,23.318257068459815
202308,24.0,1.0,7.0,9.602314889901848,0.6931471805599453,119.461,-6.2918148135823255
202407,9.0,3.0,3.0,12.054749630753907,12.030200248130399,1396.013,-6.227889159480919
202301,62.0,17.0,34.0,13.410180940676813,12.776402263443897,2192.304,-6.22494873551995
202311,21.0,4.0,9.0,12.049044496422825,11.583924323119916,357.011,-5.304603926843534
202307,204.0,14.0,23.0,11.875796175445972,11.38110689034938,677.922,-6.2918148135823255
202308,54.0,10.0,17.0,13.634282403188408,11.596816144310951,1809.182,-5.319485397273138
202303,95.0,34.0,20.0,12.429612118457078,11.062096815110534,243.517,-4.02752771045692
202407,1175.0,551.0,167.0,11.70108826178917,11.650511127922792,2487.107,17.863096643788055
202306,146.0,0.0,10.0,7.425953657077541,7.383989457978509,60.464,-6.256157534964052
202301,105.0,27.0,16.0,12.28012204453995,11.501146362933932,259.441,-3.359945094225159
202301,746.0,466.0,131.0,13.686014441223026,13.678970071124818,2610.163,15.014042226175958
202312,418.0,191.0,96.0,13.482358204427731,13.379108808830516,1084.618,-1.734922873252474
202303,376.0,110.0,74.0,10.398732424335096,10.398762894953803,791.7,2.6501433395606853
202208,173.0,17.0,32.0,12.716348117990684,12.3597246296008,3023.042,-3.2269291224742918
202406,218.0,22.0,105.0,13.175691799513912,12.72939782336456,1425.137,-6.177350410433042
202306,33.0,8.0,14.0,11.832033527421862,11.69096285782513,295.095,-4.3263801727752815
202303,21.0,5.0,7.0,13.29120954763019,12.759974999987291,1051.165,-5.158201050039138
202405,200.0,62.0,73.0,13.244033957867904,13.123662533135949,1847.062,8.630543388402591
202212,143.0,68.0,28.0,13.17216065331406,13.068213374930005,1085.139,0.260957685237166
202306,138.0,25.0,63.0,12.62820147278466,12.562273977332381,613.873,-6.276933343152721
202301,57.0,4.0,4.0,10.413282645487595,10.060063859578225,89.124,-6.2918148135823255
202403,28.0,0.0,0.0,15.80825480968762,15.173135860902955,9777.134,-6.100037851278107
202210,116.0,13.0,14.0,12.729711823941818,12.55152232122835,1324.136,-6.171456072673977
202207,279.0,26.0,27.0,12.645678276758069,12.608660284358248,815.339,-5.947218290822283
202407,482.0,11.0,19.0,9.681967682338016,9.660651367876183,109.84,-6.241276064534448
202308,18.0,1.0,2.0,11.696862383032034,10.864005673985291,435.97,-6.22494873551995
202303,127.0,26.0,26.0,11.382098982204944,11.250703190421692,258.199,-6.201948687744196
202208,91.0,17.0,44.0,12.672190610350283,12.419105253093655,2004.668,-6.19812621862171
202307,97.0,9.0,52.0,12.226536818662527,11.614398433900861,637.974,-6.2918148135823255
202303,28.0,7.0,14.0,12.60131231828073,12.48370059424249,727.448,-6.036112197176701
202307,46.0,10.0,13.0,11.65689593038026,11.436357546551237,754.604,1.5507461709925794
202303,117.0,24.0,45.0,15.32719715344179,14.218966315345376,7389.73,-5.083558828893205
202303,162.0,27.0,40.0,12.621550788796178,12.163478247897753,301.768,-4.311360541136021
202408,294.0,20.0,8.0,10.988000916824737,10.14163793595686,291.344,-6.2918148135823255
202404,31.0,13.0,11.0,11.803211643791865,11.69832561137378,244.695,-2.182402451962317
202303,344.0,59.0,37.0,12.380051162419877,12.300596152352067,218.496,-4.296617231916073
202307,125.0,37.0,42.0,11.867448094340817,11.82614369656595,571.617,-1.351368948644038
202307,177.0,10.0,7.0,9.332115428902103,9.332203959733024,86.259,-6.2918148135823255
202306,391.0,69.0,81.0,12.962037335886878,12.59573352209337,1587.383,-1.9410513519181407
202307,94.0,47.0,17.0,11.890217410394799,11.888584073495728,771.832,-6.177278301592221
202312,476.0,85.0,129.0,15.846290733429866,15.42350603058208,16405.334,119.79033540351794
202401,278.0,6.0,26.0,14.169652195791004,12.61350914250708,987.759,-6.227889159480919
202410,8.0,2.0,2.0,11.890827511354582,11.378250561643627,410.246,-5.271170887812346
202311,74.0,11.0,21.0,11.464669658006551,11.464680152342234,147.584,-6.2918148135823255
202312,52.0,12.0,17.0,15.43043598640382,13.230252293960968,3610.735,-5.298709589084469
202402,215.0,28.0,83.0,15.897013099324425,14.597748618514627,8619.005,7.781762215701484
202406,22.0,5.0,9.0,12.663994204630225,12.137354736237652,1091.114,-6.163963505379513
202309,6.0,2.0,1.0,12.113973803855533,11.161493893354487,1091.779,-6.227889159480919
202410,49.0,1.0,1.0,11.21851413510048,6.432940092739179,246.526,-6.271039005393656
202301,26.0,12.0,8.0,11.120164318733623,11.12017912926984,195.381,-6.2918148135823255
202303,131.0,26.0,28.0,10.346119984985732,10.346152101633399,115.636,-5.298709589084469
202405,109.0,36.0,23.0,11.433514224545942,11.433525050981935,214.721,-6.20711335129225
202307,22.0,6.0,7.0,12.30237778474364,11.451315983338537,1396.441,-6.2918148135823255
202212,335.0,127.0,16.0,13.077213280145486,10.822674087522309,1320.038,-2.684315090218941
202303,484.0,114.0,84.0,9.244065241377804,8.682029433869172,636.746,2.4191832582522537
202308,17.0,0.0,0.0,8.302265794873367,0.6931471805599453,0.231,-6.2918148135823255
202404,15.0,1.0,6.0,12.122533415473915,11.420283721720176,756.808,-6.2918148135823255
202309,2.0,0.0,1.0,10.784938361567576,10.784959070432006,78.927,-6.291742704741504
202403,247.0,59.0,68.0,13.9302427222195,13.038740434998873,1601.772,12.578997367743392
202211,189.0,49.0,50.0,13.163858425373288,12.958071111769172,956.984,17.815260599823134
202408,82.0,18.0,21.0,10.91994935817656,10.75447146820963,433.271,-5.2809702608402995
202311,25.0,4.0,11.0,13.304454907744226,13.1364496977044,2207.518,-5.319485397273138
202309,159.0,29.0,19.0,12.45480206889629,10.105856804633861,267.347,-5.265276550053281
202309,15.0,6.0,6.0,11.033953742318143,11.03321083622929,269.043,-6.2918148135823255
202403,248.0,31.0,92.0,11.213535117386288,11.136018658770025,320.336,-5.807709751409733
202211,53.0,9.0,13.0,14.06814455966953,12.304854066327573,4515.408,-5.005702105929265
202212,405.0,77.0,49.0,13.909319611642331,12.973545453126727,522.659,-4.203081007905964
202301,22.0,0.0,0.0,13.623582203302938,9.944053514282789,24101.884,-5.319485397273138
202312,37.0,7.0,7.0,10.637296714814964,10.63732071836749,68.936,-6.2918148135823255
202405,221.0,7.0,10.0,14.098184108684933,11.981578182145007,1534.519,-4.211282151398518
202309,61.0,4.0,9.0,11.263668917798766,8.546557800046141,193.169,-6.2918148135823255
202211,6.0,3.0,1.0,11.148290351350319,11.148304751131443,148.633,-6.27185124575107
202311,81.0,17.0,26.0,14.18296083887967,12.971238116378759,3568.898,-3.3109009105533573
202210,761.0,147.0,330.0,13.44864241082413,13.426439332802515,2815.739,-6.12830622676124
202402,33.0,8.0,6.0,10.49166303072945,10.491690797323463,170.111,-4.134603210471063
202301,563.0,247.0,213.0,14.56899808464403,14.372768138942673,3795.726,-0.0641371561697408
202309,126.0,6.0,30.0,12.281036322892314,11.960370297171067,672.542,-6.243500304121533
202211,40.0,13.0,15.0,10.504217863629703,10.416490803549893,201.579,-6.2918148135823255
202403,67.0,6.0,40.0,13.840269509817563,13.710367796374088,4514.538,-2.2077797620803885
202410,45.0,22.0,10.0,14.873930514943984,14.871335032264916,6146.962,-2.0387192717628304
202208,9.0,4.0,4.0,13.091955714982904,13.047271228800112,909.782,-6.2918148135823255
202210,71.0,13.0,11.0,11.599653468480053,11.59966263770264,531.622,8.108932412098886
202303,44.0,11.0,21.0,12.448940389692114,12.448944311560648,2649.013,-5.0637827808675135
202301,202.0,7.0,35.0,12.69099259624537,12.553830954168355,176.603,-6.256157534964052
202407,41.0,6.0,27.0,12.868069658297824,12.812512039375934,1664.145,-5.2860523582419505
202405,105.0,12.0,20.0,12.972265805958177,12.20769133474563,673.44,-6.158798841831459
202301,761.0,147.0,332.0,13.88643955395198,13.844473065952878,3364.208,-6.12830622676124
202312,143.0,62.0,68.0,12.149507585033072,12.149512875996372,815.4,-5.967055087077736
202207,76.0,40.0,18.0,14.123006287063175,13.887404151619188,6621.982,-5.183611567707706
202211,139.0,40.0,62.0,13.223648399508903,13.183627794508103,597.503,-6.0666380197974155
202212,85.0,20.0,39.0,14.425613029349808,14.093536156382742,2786.158,1.6866200005580119
202211,195.0,59.0,38.0,13.319939653722505,13.09246895884993,913.848,26.201830624361108
202303,174.0,33.0,46.0,11.737651763079647,10.613270586747499,438.145,-6.258381774551138
202211,60.0,2.0,11.0,10.963549569921238,10.510613774571024,159.708,-6.250263197204988
202308,30.0,6.0,8.0,8.193400231952097,8.193676665955241,112.731,-6.2918148135823255
202207,58.0,5.0,19.0,11.897303120747909,11.661716091055238,686.768,-6.246220000726442
202301,65.0,4.0,4.0,13.922448329100455,13.920408266543424,1707.449,-6.227817050640098
202401,38.0,14.0,9.0,11.938644079105636,11.804676746947516,342.234,-6.271039005393656
202210,8.0,1.0,2.0,13.448330629380393,12.738461111211112,3657.843,-6.227889159480919
202308,93.0,6.0,6.0,7.695757990554761,7.236339342754344,17.633,-6.276933343152721
202303,31.0,0.0,2.0,14.257209229826364,12.638361427237664,2320.619,-3.3748265646547635
202405,108.0,12.0,9.0,9.653422343655654,9.194820560318146,254.501,-3.3646623698514615
202401,12.0,1.0,2.0,13.437258785192777,13.217729919256648,3864.577,-6.194456120449732
202303,251.0,22.0,88.0,14.319971167939745,14.11110201857573,3460.412,41.19067926259531
202403,22.0,5.0,1.0,13.80603278543783,12.785093222531,2087.305,-6.100037851278107
202404,72.0,24.0,5.0,11.441418722068912,11.373284015335528,240.935,-4.283230326862545
202310,67.0,32.0,6.0,12.516156904670341,12.509194902469833,251.419,-6.100037851278107
202212,324.0,81.0,94.0,14.771245824095745,14.44184195973593,1969.54,13.786739867672155
202407,696.0,197.0,133.0,11.60863556479588,11.079045450122525,1284.033,6.421539117667766
202307,324.0,46.0,76.0,12.19683006416324,11.422026541253405,1657.874,-6.194456120449732
202301,48.0,10.0,8.0,15.00171910809929,12.12905660288149,2215.168,-5.304603926843534
202312,166.0,17.0,7.0,13.538771063199839,12.759405882362913,2193.086,-6.271039005393656
202210,267.0,73.0,72.0,13.543049390902501,13.266598777192703,1494.525,-3.0893610073899302
202306,137.0,54.0,31.0,12.448489272187969,12.075371529605523,1204.795,-2.2509296079931254
202301,343.0,74.0,161.0,13.522494283921791,13.315300060527614,1286.675,-6.039817603102448
202409,117.0,14.0,2.0,9.988793309115229,9.085003880664885,91.21,-6.2294873890163185
202310,938.0,457.0,205.0,13.121993308937439,12.926927401304686,2874.508,30.91923306882817
202408,126.0,9.0,42.0,14.157096838400387,14.144786247159297,2710.31,-1.3023164238335765
202303,133.0,36.0,26.0,12.526778384429136,11.483043410488307,365.718,2.899339325966878
202308,77.0,3.0,15.0,13.592434504372042,11.172123870187786,5854.141,-4.347155980963951
202212,355.0,63.0,146.0,13.987529221762331,13.499187555230902,2475.676,4.105204558476556
202308,62.0,7.0,1.0,12.486869821380605,9.969462541459661,268.585,-6.2918148135823255
202310,232.0,57.0,78.0,12.492945640767239,12.484681177635625,810.66,-6.260874810590354
202308,51.0,10.0,26.0,10.447148159395692,10.447177189921291,242.356,-6.276933343152721
202211,469.0,9.0,3.0,12.5984558913214,12.059768600189216,786.651,-6.204172927331281
202212,99.0,32.0,42.0,11.757619135434789,11.472176384458349,921.998,3.5751625297090346
202312,204.0,50.0,51.0,12.491976888579371,11.443114401712803,528.785,-2.620853880544372
202405,108.0,16.0,41.0,13.239057820759058,12.597770079325242,1838.441,-6.271039005393656
202303,316.0,82.0,72.0,13.46600414432048,13.42192856514284,1314.469,58.793278658899546
202401,2.0,0.0,0.0,13.965488831110667,13.880090640738148,1005.689,-6.2867327161806745
202309,2.0,0.0,0.0,9.26416545867109,0.6931471805599453,7.505,-6.2918148135823255
202207,32.0,8.0,8.0,11.8674901839496,11.682609166082562,326.089,-6.1422507854609
202303,88.0,26.0,9.0,8.746716349694486,8.74687531957003,111.621,1.0334876178795147
202210,195.0,59.0,38.0,12.664974249727509,12.493197062521046,944.09,26.201830624361108
202310,299.0,88.0,99.0,12.374700875192126,12.20363968828847,1015.481,7.366944453122665
202307,944.0,142.0,200.0,13.953503980908685,13.721108665542049,4402.179,80.4863232418864
202407,51.0,12.0,9.0,8.899457906353966,8.89959435992585,147.987,-3.3748265646547635
202403,1.0,0.0,0.0,8.579040594742317,8.57922858233569,97.5,-6.227889159480919
202401,176.0,29.0,79.0,11.831655521543732,11.83166279223521,1272.822,-1.32159766664617
202211,25.0,4.0,11.0,12.600490287819314,12.280655861880337,1829.5,-6.097097427317138
202309,159.0,9.0,14.0,10.357869800878907,10.344480666703438,84.567,-6.050944309010398
202307,331.0,101.0,67.0,11.607462618794218,11.599194900122404,661.823,-1.0324952187598528
202207,14.0,7.0,2.0,12.775477506621543,12.497472797350365,1791.871,-6.143187697190844
202410,104.0,15.0,27.0,9.352707613263105,9.352794339771116,214.57,-6.276933343152721
202409,149.0,5.0,8.0,8.809713540508268,8.809862805379057,23.943,-6.2918148135823255
202212,96.0,28.0,34.0,13.522137656752943,13.363136215628344,1717.157,0.07898009596090105
202307,200.0,0.0,0.0,10.623154942905469,9.289428778295147,259.562,-6.20711335129225
202303,120.0,30.0,29.0,12.096932774876624,11.533129972286128,409.415,-3.3540507564660946
202407,363.0,63.0,127.0,12.000406716860736,11.912043808241712,974.649,-3.771586642210416
202210,106.0,23.0,28.0,11.171209504025962,10.864388295328752,477.847,-4.80048887997561
202208,97.0,14.0,32.0,12.512902719292585,12.223072328638098,1154.37,-4.072852437360835
202301,46.0,18.0,2.0,11.079122608830309,10.995394074389191,161.959,-6.227889159480919
202211,133.0,24.0,30.0,12.418547488019538,12.150174026051266,392.828,0.8958701441992449
202211,152.0,16.0,33.0,14.378123564036274,13.583768898631368,2460.633,13.01530144295439
202310,34.0,15.0,9.0,9.18039649560311,9.18049952996516,62.416,-6.194456120449732
202303,546.0,140.0,149.0,12.186298417830722,10.42972382000155,1086.144,22.802683447292623
202303,105.0,35.0,13.0,10.845660433124383,10.845679921932936,191.777,13.884065353254256
202303,556.0,234.0,162.0,14.639545201545172,14.161667885173628,4824.548,16.622141613227726
202303,7.0,1.0,3.0,13.714884373210701,13.151184043212522,2023.465,-6.227889159480919
202402,243.0,93.0,71.0,14.871368778526087,14.580436858147628,2643.452,2.830510753130728
202312,342.0,166.0,50.0,11.879476479579168,11.762196696233879,612.594,-0.4441403072644565
202406,7.0,2.0,2.0,14.478221211194686,14.410187872163695,2726.308,-6.227889159480919
202309,28.0,0.0,13.0,10.200141754786113,9.296884973376368,100.875,-6.240911242759099
202405,215.0,28.0,82.0,14.87485138552478,14.03525313250773,7885.749,7.781762215701484
202306,26.0,6.0,8.0,12.515654409606775,12.233230509572492,823.152,-4.313722941932763
202403,259.0,37.0,35.0,13.095025068042734,13.007782708693075,1733.228,0.17982885910427182
202306,25.0,1.0,7.0,10.868073087813588,9.643161210094203,522.828,-6.276933343152721
202406,132.0,26.0,45.0,12.857431218716815,12.65820503115694,925.431,25.483010597461444
202401,156.0,14.0,35.0,15.476956499302347,14.484834710235802,16535.467,3.019648708279318
202409,127.0,35.0,38.0,11.372927494742688,10.415712197215827,483.886,-3.222087895379182
202408,85.0,24.0,20.0,13.442000408147639,13.425097103245163,1691.848,-5.943868808996254
202210,770.0,71.0,165.0,12.541819619211791,12.533212181953703,602.717,-4.182696992575795
202306,139.0,5.0,44.0,11.815767049179831,11.26163960770974,376.345,-6.123224129359589
202303,31.0,5.0,9.0,13.389370692364926,12.904563025740337,1418.284,-2.3815831789472504
202404,53.0,8.0,16.0,11.694338275646144,10.637128673812564,215.382,-6.237605966362469
202301,253.0,61.0,97.0,13.799913554620963,13.025995638581547,1885.443,13.08523394510152
202405,253.0,149.0,44.0,11.023208804414473,11.023225122819186,276.356,-2.0023458087706736
202210,163.0,42.0,41.0,11.695263688291963,11.634337463523888,942.379,-6.2620518727231165
202308,9.0,3.0,4.0,13.416306806585622,13.354550710166077,1960.929,-6.275982941585651
202303,136.0,59.0,34.0,11.223027606142622,11.222091764686068,364.682,-1.8983821014776519
202406,263.0,38.0,132.0,13.446450664749767,13.218981792005312,2754.63,-5.2860523582419505
202210,114.0,15.0,62.0,13.658370079807579,13.617659439312403,1814.098,4.752514633444225
202303,77.0,58.0,8.0,11.555505912505346,11.555515495593113,204.392,-3.3748265646547635
202408,176.0,8.0,8.0,13.05875455729413,11.5627626998174,1284.023,7.320797014746297
202207,544.0,91.0,172.0,13.22034453243092,12.696212792402939,1457.646,28.528706073614764
202301,189.0,49.0,50.0,13.96496709466355,13.789854231150489,1392.196,17.815260599823134
202312,127.0,26.0,26.0,11.453568164762414,11.435320616634712,296.035,-6.201948687744196
202405,120.0,27.0,46.0,11.766768914800736,11.766776672903104,399.884,-6.276933343152721
202301,147.0,54.0,42.0,10.025970636750676,9.863654652034406,330.363,-2.8707115177868396
202409,87.0,15.0,8.0,8.09101504171053,7.989221408815276,93.627,-6.271039005393656
202207,219.0,34.0,53.0,11.910331519299378,11.832491304739362,1274.288,22.441445239153587
202312,312.0,40.0,59.0,13.617437596578489,12.271766748725536,834.388,-3.3242878156068856
202303,134.0,22.0,42.0,12.31958434980247,11.718181993046679,601.947,-6.19622541548757
202307,221.0,6.0,11.0,13.826824315364547,11.704627883569936,2294.274,-4.211282151398518
202212,142.0,30.0,65.0,13.020171170684195,12.490672472740675,477.3,-6.276933343152721
202409,302.0,26.0,30.0,14.09467899202585,13.362966420859502,2898.056,-2.2224405051539327
202312,47.0,10.0,30.0,12.158986279072735,12.158498741416523,623.05,-6.271039005393656
202301,87.0,26.0,8.0,9.75080246487048,9.750860711077213,178.895,1.0334876178795147
202308,9.0,1.0,3.0,7.280008252884188,5.616771097666572,257.313,-6.256157534964052
202306,45.0,1.0,10.0,13.043841679076055,13.043843842447364,520.216,-2.3275124929370503
202404,343.0,59.0,38.0,12.216181379678462,12.173807684942899,209.223,-4.296617231916073
202208,35.0,3.0,16.0,13.663135301140455,13.494555701638141,3551.153,-4.072852437360835
202306,1.0,0.0,0.0,13.321936925766106,13.321938563924718,9979.733,-6.227889159480919
202307,74.0,11.0,21.0,11.420338573647413,11.420349543671822,231.309,-6.2918148135823255
202409,35.0,5.0,7.0,12.339567162474797,9.708202329350314,690.823,-6.250263197204988
202401,292.0,119.0,45.0,10.77304300751311,10.77306396418519,814.558,12.175194927806158
202303,136.0,48.0,27.0,12.88491804137926,12.400635635968694,651.429,-2.3236900238145655
202301,203.0,83.0,40.0,12.91316710897263,12.638390632797755,583.961,-3.0700304059814294
202409,366.0,21.0,33.0,9.369819686521504,9.099297073182859,137.864,-5.257157972707131
202301,420.0,17.0,23.0,11.763645272054541,11.27135059568527,1104.171,6.568562294820367
202409,38.0,16.0,12.0,12.298081928819583,12.149973082674318,1926.208,-4.283230326862545
202210,899.0,361.0,146.0,10.989858554781884,10.922569502247429,1592.881,56.24591504310905
202406,62.0,23.0,21.0,12.444471244655567,11.639540494602965,883.131,-1.4143358600397145
202406,96.0,35.0,20.0,11.618149971379216,10.321177630266861,220.415,-4.02752771045692
202404,27.0,0.0,0.0,14.17338917719516,0.6931471805599453,10191.899,-6.2918148135823255
202407,98.0,17.0,27.0,14.917382195844828,11.964020192428139,11620.949,-6.2918148135823255
202210,65.0,4.0,4.0,12.766816368536173,12.762345709928086,1518.964,-6.227817050640098
202306,166.0,45.0,25.0,8.933400396056303,8.93353229607628,211.972,-0.685182180596537
202211,502.0,230.0,79.0,13.116785851886949,13.083512355906665,1487.142,24.087097013258962
202403,484.0,114.0,83.0,11.988662626063725,11.988668840312375,745.828,2.4191832582522537
202303,168.0,16.0,73.0,13.351299718069798,13.225685015964133,1838.004,-6.163963505379513
202409,65.0,10.0,13.0,11.69216728423726,9.942756341456828,458.808,-6.2918148135823255
202211,14.0,5.0,3.0,12.046038860794662,11.758550405433422,686.599,-6.163963505379513
202210,104.0,26.0,20.0,13.56868631939051,13.362290100081527,1407.523,11.463642415397496
202307,229.0,112.0,39.0,12.712492578477177,12.628719301847097,1413.436,4.736143625764191
202306,86.0,22.0,34.0,11.30736393998695,11.30737622205697,317.384,-6.276933343152721
202210,498.0,13.0,18.0,12.289360850107172,11.944084310392396,831.63,-5.099390700889879
202401,63.0,10.0,32.0,14.337220927367078,14.168672036907147,3924.247,-6.097097427317138
202404,114.0,4.0,13.0,10.448424705930886,10.448453699421849,95.144,-6.2918148135823255
202303,57.0,15.0,22.0,13.813817124915568,13.664953911853479,3996.14,-4.140497548230128
202311,6.0,1.0,0.0,12.63866642102659,12.566118401891922,2378.843,-6.163963505379513
202408,204.0,18.0,47.0,13.647439774820137,11.433860612373874,2890.474,-4.283230326862545
202212,63.0,33.0,14.0,9.378563004390635,9.37864751738456,418.834,1.4868205168911732
202303,57.0,8.0,36.0,14.00146882722914,13.932132920299907,2043.711,-2.113361492908764
202301,314.0,87.0,56.0,11.915105182086863,11.915111870669786,635.848,-1.287434953403972
202301,124.0,17.0,24.0,12.252598342967106,12.096955080994634,477.97,-1.3298686149428258
202301,225.0,76.0,39.0,10.861821932407963,10.86184110878267,442.701,3.0051592346599776
202310,624.0,240.0,144.0,13.28681962908104,13.082347308039134,3243.046,26.477386508550794
202210,57.0,4.0,4.0,9.17626639164243,9.010302809376448,77.315,-6.2918148135823255
202309,217.0,10.0,29.0,12.19215119018913,10.400406931127549,853.537,-6.250263197204988
202401,22.0,1.0,19.0,13.448772291074722,13.448773734093864,1626.405,-5.319485397273138
202212,14.0,5.0,6.0,11.332230584420795,11.172517493495368,452.561,-6.291742704741504
202211,188.0,86.0,37.0,13.246605508121451,13.16641471198849,846.617,1.8099026961195293
202409,22.0,0.0,14.0,13.232687553691033,12.565734623836525,575.627,-6.258381774551138
202410,59.0,26.0,15.0,9.93556744599954,9.891010031025015,229.609,-5.219186280179575
202410,161.0,50.0,25.0,10.765174252416243,10.006089266196847,469.632,3.15509130096841
202210,38.0,12.0,6.0,11.772516657255483,11.416304426365803,548.648,-6.2918148135823255
202207,28.0,2.0,3.0,15.325571351798265,10.399859219331969,20257.445,-6.2918148135823255
202409,518.0,279.0,146.0,14.449515298982742,14.158672511307447,3965.42,6.912501779933065
202301,18.0,6.0,3.0,13.31600231700866,13.115507932447347,1281.105,-1.4301677320363888
202309,76.0,10.0,6.0,7.0825485693553,7.083387847625295,24.492,-6.271039005393656
202210,432.0,108.0,99.0,12.754170932385275,11.493212433660208,1008.269,8.692327369063316
202409,5.0,0.0,0.0,11.460420910988079,7.784057002639929,1150.299,-6.276933343152721
202303,213.0,45.0,84.0,14.078358551569805,13.654286084414426,1788.34,22.07218727016616
202210,34.0,0.0,4.0,13.403167349865065,12.351237357927774,3195.302,-2.33857149424417
202210,189.0,1.0,0.0,9.181940897454485,8.491465042843506,1.477,-6.250263197204988
202310,269.0,45.0,36.0,11.100526372259134,10.740583550438735,532.362,-4.221715142653951
202207,55.0,8.0,6.0,12.337491182646687,11.893797288888125,1139.219,-6.194456120449732
202310,179.0,27.0,39.0,11.366800823488092,11.301302792730635,255.38,-3.3242878156068856
202212,146.0,0.0,10.0,8.7787879291047,8.771680359010377,66.306,-6.256157534964052
202311,95.0,23.0,44.0,13.05872471793644,12.594310207971713,1480.389,-4.3420738835623
202303,160.0,38.0,59.0,14.432638633626832,12.589298961300369,2015.394,18.7357274186638
202307,217.0,41.0,82.0,13.134453990476024,13.017358354107161,2059.656,4.864773966773923
202406,51.0,7.0,26.0,13.271162620947447,12.937952439372806,997.432,-5.191561980229505
202402,97.0,26.0,36.0,13.174984290116539,12.681349845028569,618.513,-4.265408432471971
202212,35.0,10.0,12.0,13.51364842193866,12.928569868678805,1436.284,-5.160920746644047
202303,30.0,14.0,10.0,11.524616853559813,11.50279431777077,213.253,-2.182402451962317
202306,332.0,76.0,76.0,13.5322029037785,13.335773310381517,2401.541,7.535137108019555
202303,6.0,1.0,0.0,15.207610533842217,15.036720348200276,8569.87,-6.163963505379513
202404,232.0,11.0,30.0,10.722562289693863,10.722584331418851,266.041,-4.715787417685535
202303,431.0,7.0,31.0,10.07807091323496,9.960670966063581,170.115,-6.271039005393656
202308,4.0,2.0,2.0,9.328478899993224,9.328567753340833,34.518,-6.2918148135823255
202310,196.0,55.0,28.0,12.089662417142545,12.05278742441879,552.45,-1.1045957651743858
202303,99.0,32.0,42.0,11.382440854758187,11.223855763539852,815.231,3.5751625297090346
202310,104.0,26.0,21.0,13.502078447378072,13.32268037395876,1299.535,11.430209376366305
202212,334.0,131.0,72.0,11.39510992878571,11.35031241339605,1272.001,6.991631116024623
202303,473.0,182.0,90.0,11.967529882638685,11.959865154617413,884.889,11.848983662786301
202210,62.0,22.0,22.0,13.412579237104296,13.247774136757688,2252.169,-3.023940136107723
202210,469.0,9.0,3.0,12.394678580853713,11.836739350215423,920.138,-6.204172927331281
202303,279.0,105.0,54.0,11.582992426083004,11.288868997074454,490.163,-3.3020254496384642
202210,1.0,0.0,0.0,13.651298431110675,13.651299609574252,8451.423,-6.227889159480919
202408,144.0,81.0,26.0,11.698931890953672,11.6989401936018,662.039,-6.227668432124859
202303,239.0,66.0,125.0,13.202506387739692,13.147042331364837,1804.989,-5.262101908899125
202312,22.0,1.0,19.0,13.096035829034527,13.096037882386778,1358.397,-5.319485397273138
202405,454.0,181.0,130.0,14.326155165347789,13.45627519609419,2699.465,3.833854928671535
202301,68.0,12.0,26.0,12.253180442932967,12.253185212844366,561.655,6.026219188993528
202307,101.0,10.0,17.0,12.338569127819687,12.02731672429557,783.48,7.335678485175901
202310,92.0,8.0,39.0,11.802830065775106,10.906029372453505,434.178,-6.2918148135823255
202312,133.0,36.0,26.0,11.843875338517414,11.598910482099393,376.915,2.899339325966878
202303,63.0,19.0,29.0,12.083011957534675,11.97887087075511,1347.809,-6.258381774551138
202307,132.0,37.0,47.0,11.80074002864466,11.555237548755844,591.199,-5.319485397273138
202403,133.0,36.0,27.0,11.753445172667945,11.497141551814419,368.04,2.899339325966878
202404,95.0,11.0,34.0,13.056623067741464,12.447971216768002,608.609,-6.276933343152721
202308,11.0,3.0,3.0,12.41753625106933,12.113639323599086,862.063,-5.250395079623678
202308,38.0,3.0,15.0,9.790878608153474,9.453757028129948,147.419,-6.2918148135823255
202301,58.0,5.0,19.0,12.593933707689978,12.464730048066338,602.87,-6.246220000726442
202312,153.0,45.0,55.0,12.489275953272045,12.4892345172502,770.609,-4.3313241089672765
202402,6.0,0.0,1.0,11.961207376643447,0.6931471805599453,203.355,-6.2918148135823255
202402,124.0,35.0,52.0,14.759142878596247,12.460028581954532,1829.665,9.747246737318589
202310,1522.0,222.0,862.0,15.283404951958618,15.15909990279068,11460.225,-0.20718329967289417
202306,905.0,394.0,171.0,12.037109466979105,11.42557948655324,1770.534,21.00997528848415
202401,698.0,384.0,119.0,15.155182017204282,14.703497695493743,6070.552,43.16993201100941
202303,83.0,9.0,15.0,12.488379044907605,11.84923340238078,2265.739,-2.1616266437736487
202212,41.0,6.0,28.0,13.369710836546334,13.341770356419135,1623.081,-5.2860523582419505
202306,46.0,18.0,2.0,9.057771773331575,9.057888248784506,128.962,-6.227889159480919
202210,644.0,210.0,116.0,10.425431142035965,10.078658605301241,905.17,0.03655992425917365
202406,26.0,13.0,7.0,12.116891643878931,12.044911617196579,406.836,-5.265276550053281
202403,165.0,73.0,33.0,11.540248760619118,11.50558861599621,256.381,-2.934637171888246
202308,44.0,1.0,12.0,9.318117964149614,9.150165648940114,172.204,-6.276933343152721
202407,132.0,36.0,26.0,10.536752023494696,10.535211354858648,376.976,2.899339325966878
202409,55.0,2.0,11.0,11.717391675615708,11.537871703931298,439.921,-6.195054286564439
202207,506.0,64.0,91.0,11.725509459891072,11.722570317413073,952.673,34.500736961956875
202309,80.0,19.0,0.0,9.969368921649641,9.969415732650235,147.533,-6.261101471156047
202409,54.0,7.0,11.0,10.466639936479886,10.112653875919479,276.95,-5.304603926843534
202310,486.0,114.0,84.0,11.267319000936345,11.267331784818428,648.33,2.4191832582522537
202407,830.0,343.0,139.0,9.054972284742485,9.055089086704891,1259.785,4.945783181653843
202402,321.0,59.0,103.0,14.574520382623922,14.27929425849672,2585.26,32.916404758408206
202208,124.0,26.0,26.0,10.843553403061053,10.57208586017466,348.396,1.0334876178795147
202211,17.0,3.0,7.0,11.503753531087519,11.503763623177843,218.649,-6.213007689051315
202409,54.0,16.0,15.0,13.498576796106974,13.12147698467434,5051.166,-5.0659576618586915
202405,84.0,36.0,26.0,13.89994820909443,13.1406884430555,2433.977,-6.140247273229875
202410,85.0,2.0,26.0,11.668209787695776,11.49758845195999,186.05,-6.235381726775383
202401,107.0,12.0,23.0,12.673710979669623,12.653824275215122,570.438,9.329381501466077
202301,528.0,337.0,79.0,13.46816057257081,13.42732135827324,1240.733,-1.834163689971951
202408,436.0,238.0,96.0,11.632706503289285,11.606679889760517,1331.893,-3.303245858364916
202208,4.0,0.0,1.0,13.319951143702012,13.201037764739045,1801.824,-6.227889159480919
202403,134.0,44.0,40.0,12.90517953171238,11.986809057414401,505.52,-4.283230326862545
202403,89.0,34.0,31.0,13.490930725546423,13.113203554017785,1081.0,-3.341393525623576
202210,112.0,14.0,42.0,11.344589650150889,11.33897675783621,356.464,-6.2918148135823255
202409,132.0,9.0,30.0,11.468189571128837,11.099241675837533,424.493,-6.2918148135823255
202306,689.0,191.0,122.0,13.09024093183559,12.654523804897796,2393.653,63.689784062262795
202303,213.0,45.0,84.0,14.420072942541694,13.920429876308878,1965.81,22.07218727016616
202210,131.0,22.0,43.0,14.550912306421056,13.933729942850928,5018.259,9.46017323362986
202408,934.0,453.0,207.0,13.225908646498569,13.074489493322055,4134.153,32.92781755554795
202409,223.0,58.0,70.0,12.143239336358604,12.124092228376293,726.143,41.0119635243294
202312,230.0,19.0,31.0,12.89867968023761,11.992427590333923,349.8,-6.271039005393656
202310,6.0,3.0,2.0,9.647756241316175,9.64782080951636,319.156,-6.2918148135823255
202402,403.0,152.0,66.0,13.084553508542033,12.478973512219895,2608.526,43.6705958103643
202210,179.0,8.0,35.0,9.766120240743215,9.76617760157152,249.751,-4.604992460903505
202406,94.0,23.0,43.0,13.066112551581748,12.262481333951799,1632.418,-4.3420738835623
202312,345.0,65.0,60.0,13.380104664668368,12.957521752536909,887.386,6.280747002833342
202303,64.0,17.0,29.0,12.718926211630402,12.641617455786673,1195.564,-5.958220325357702
202308,153.0,38.0,19.0,11.63628403949313,11.63034398975615,402.766,-6.1224118890021755
202410,6.0,1.0,2.0,8.926915889777042,8.927048647825695,17.025,-6.2867327161806745
202210,113.0,9.0,13.0,10.972756849007364,10.539032102959615,295.942,-6.250263197204988
202306,353.0,101.0,77.0,11.998931618099705,11.623276507209265,872.893,1.6220607282291262
202211,26.0,3.0,4.0,13.388348769974261,11.422869457794373,530.491,-4.3263801727752815
202409,232.0,24.0,65.0,11.418669729044508,11.382634530670636,501.758,-6.271039005393656
202309,36.0,0.0,0.0,11.593546466937843,0.6931471805599453,254.884,-6.2918148135823255
202409,97.0,9.0,17.0,10.999312627196202,10.649725161670181,250.487,-6.232523868960818
202308,5.0,1.0,2.0,8.53934599605737,0.6931471805599453,74.16,-6.2918148135823255
202303,145.0,98.0,19.0,11.783791944493448,11.761315621733887,374.719,-3.906966588197433
202311,250.0,61.0,97.0,12.753488602955608,12.131041940096702,1249.572,13.08523394510152
202309,100.0,11.0,8.0,12.827191996630981,9.29302573859479,917.628,-6.271039005393656
202407,120.0,1.0,15.0,10.665134149520766,10.665157494098406,88.475,-6.2918148135823255
202406,214.0,35.0,54.0,12.133421304282052,11.962841176228265,1092.029,19.304362293842765
202401,132.0,36.0,53.0,14.573593993055377,14.507640221028828,5436.564,5.881125920584308
202212,206.0,15.0,82.0,15.218270120620332,14.119609385050447,7857.539,1.1747751897317622
202403,109.0,21.0,22.0,13.51712338989605,13.193106982129766,1002.787,-6.256157534964052
202210,91.0,10.0,44.0,12.401125316677858,12.231525944335168,650.058,-5.2860523582419505
202309,26.0,10.0,14.0,10.032100620004105,10.03214458474439,248.86,-6.227889159480919
202306,126.0,28.0,58.0,13.062371305486018,12.845352168239073,1095.568,-6.2867327161806745
202208,224.0,84.0,75.0,13.174655972324743,12.785600298492596,2407.954,9.284926486679952
202312,104.0,15.0,49.0,13.80924899523274,12.799717119916453,1750.275,-5.319485397273138
202410,18.0,1.0,4.0,9.53827627757511,8.0925452638913,57.986,-3.3748265646547635
202301,55.0,15.0,19.0,12.612374070494552,12.546508445417821,850.097,-6.160479637513261
202308,18.0,4.0,0.0,13.323668598785051,12.86279180972651,2267.451,-6.143187697190844
202307,131.0,27.0,47.0,12.790821367218841,12.586052410253256,1187.895,26.45534001377063
202303,893.0,191.0,175.0,14.548357183221112,14.469041787274652,4042.46,6.241062330234923
202410,119.0,9.0,16.0,12.146179318752328,9.837775009170747,61.056,-6.2918148135823255
202210,170.0,48.0,68.0,12.278058367302794,12.094666111705822,1023.267,7.184917505250491
202408,584.0,283.0,96.0,11.076743384200004,11.041929343366853,1228.319,30.32132090667251
202403,234.0,81.0,50.0,13.278701947766898,13.127555873035215,616.979,-5.298709589084469
202407,360.0,61.0,126.0,11.436389933292109,11.293624521373468,1018.784,-3.269349294176019
202402,293.0,91.0,32.0,12.946799734385745,12.85618444633903,556.775,-0.755002172457008
202210,893.0,188.0,175.0,13.51337926313943,13.404411106713987,4041.91,6.241062330234923
202303,45.0,9.0,33.0,13.556820136662996,13.556821431894923,820.752,-5.298709589084469
202212,62.0,23.0,21.0,13.648637456922584,13.45779936301716,2236.372,-3.023940136107723
202303,94.0,36.0,37.0,11.593869304963588,11.522588625881184,605.225,-1.8471271680558905
202401,67.0,25.0,21.0,15.614438439289986,12.714337994588188,4681.05,-4.3263801727752815
202207,316.0,82.0,72.0,12.754665041373809,12.745121228239904,1677.912,58.793278658899546
202405,20.0,2.0,3.0,13.774954153171945,11.060714601464154,1171.349,-6.031766427099414
202210,219.0,41.0,15.0,11.716543630553264,11.630557378097066,390.759,1.3029192553388693
202410,29.0,0.0,0.0,11.12959849003407,5.69035945432406,178.968,-6.275982941585651
202303,323.0,57.0,77.0,12.35808532718156,11.643409719782207,754.824,-6.2918148135823255
202410,1.0,0.0,0.0,10.74481764114354,0.6931471805599453,174.63,-6.2918148135823255
202303,644.0,210.0,117.0,10.929833761468329,10.409943643784176,1112.146,0.03655992425917365
202212,217.0,101.0,56.0,12.154416127290089,12.154421392346174,474.528,-4.971539392687067
202410,299.0,18.0,36.0,11.857394215510118,11.464186799474717,786.713,1.527559892911098
202303,52.0,12.0,9.0,9.320001626185702,9.320091235935301,158.978,-3.3748265646547635
202211,13.0,6.0,4.0,12.849719659928915,12.598891458604015,1003.412,-6.2918148135823255
202303,114.0,62.0,18.0,13.544209579760173,12.668651907239557,1110.609,-1.2657087436482328
202405,353.0,62.0,146.0,13.476866364351212,13.183930613643696,2084.66,4.105204558476556
202404,12.0,4.0,6.0,11.694304911450928,11.560629325039239,330.11,-6.2918148135823255
202408,646.0,96.0,169.0,12.724342492185396,12.644340479603889,2698.485,124.88986152807139
202310,494.0,15.0,11.0,12.616502077632754,12.373052112024858,1629.312,-1.5809287119617998
202210,146.0,42.0,47.0,12.14687450580421,11.57659485852582,886.138,0.6906569182455904
202403,64.0,9.0,22.0,13.683475188595857,13.33785049287533,1213.546,-5.265138388843624
202311,520.0,252.0,89.0,11.452718880763895,11.39589714444472,949.11,3.9417094614925983
202403,33.0,0.0,4.0,12.913480162442008,11.913572317237726,3325.268,-2.33857149424417
202303,5.0,0.0,0.0,12.186068898010678,0.6931471805599453,735.388,-6.2918148135823255
202208,7.0,0.0,0.0,14.353285562974724,14.141529058473722,2027.014,-5.319485397273138
202306,762.0,136.0,210.0,14.15785480624471,13.189762179036764,4043.064,37.973292397583556
202410,5.0,0.0,0.0,11.763567444986249,11.264938352173436,1010.787,-6.227889159480919
202307,532.0,76.0,50.0,14.120970414983487,9.839375607068884,1637.97,9.606859686223348
202210,208.0,14.0,82.0,14.976819359814474,13.913261393307943,6054.185,1.1747751897317622
202403,46.0,25.0,8.0,13.186936897929414,11.397054350427297,586.183,-2.402497148345576
202303,153.0,38.0,44.0,14.137954137224305,14.134854801549766,1659.863,10.74701561549393
202410,132.0,9.0,30.0,11.751643108069283,11.357288681437666,315.28,-6.2918148135823255
202307,210.0,23.0,75.0,13.532067488231792,12.890211876056629,2314.836,-0.17381796524253623
202312,392.0,72.0,145.0,14.998452046465339,14.733772944848617,4790.943,16.171416803089485
202207,179.0,15.0,46.0,12.530421692349076,12.31919148739301,1642.232,-5.972137184479387
202208,90.0,22.0,15.0,12.062109892090405,11.959001345292787,618.587,-2.3690641093143885
202312,585.0,123.0,171.0,14.171856847902196,13.47888891018177,2388.383,6.864439025423993
202207,350.0,158.0,59.0,12.833921016006139,12.792079950532216,1725.711,20.82718978429788
202303,161.0,36.0,56.0,12.94925683167725,12.902257707053568,361.635,-5.2860523582419505
202208,78.0,18.0,42.0,12.862592148113384,12.850011199377448,1116.608,-6.163963505379513
202310,301.0,100.0,74.0,13.415268784461295,13.366955259924408,1476.221,-3.2603621615054794
202210,29.0,8.0,10.0,10.593128593766785,10.593153681259418,93.134,-6.2918148135823255
202410,176.0,17.0,36.0,12.38730193935539,10.724148053395034,407.698,-6.271039005393656
202312,77.0,29.0,28.0,12.505006182191892,12.32139487811496,873.329,-6.153716744429807
202310,60.0,7.0,32.0,13.080784846782791,13.03968369596956,2150.58,-1.2993759998726073
202410,84.0,6.0,32.0,10.929994989669282,10.930012902309336,320.659,3.759618194172992
202309,122.0,32.0,43.0,14.833492883224615,13.053803983381016,8041.185,-2.3559519339226225
202310,116.0,34.0,25.0,12.826560419642927,12.73607717270527,799.938,-5.255559743171732
202312,67.0,25.0,21.0,15.059282081442758,12.360093316906699,4258.268,-4.3263801727752815
202208,74.0,6.0,36.0,12.549928272006646,12.241936770099185,1305.534,11.430209376366305
202212,502.0,169.0,264.0,14.853846164277993,14.614662796420063,8011.675,-4.777110945824491
202408,293.0,112.0,127.0,13.911683093106056,13.576546266109917,6317.504,-5.935578862889951
202409,82.0,11.0,13.0,13.13394010772485,10.16600565132436,1274.662,-6.258381774551138
202208,56.0,19.0,17.0,13.493911761307917,13.207494654780447,2538.414,-2.118476797860911
202301,439.0,233.0,47.0,12.240102022369204,12.187913766539234,790.736,4.045223918935175
202307,88.0,17.0,41.0,12.591936905983276,12.390891082522716,1683.1,-6.19812621862171
202312,321.0,16.0,13.0,13.73483723482793,13.539278681104994,4055.174,-4.091453364558326
202303,166.0,15.0,8.0,13.461034623003483,12.663567110398837,1789.072,-6.20711335129225
202404,391.0,131.0,124.0,14.230830282774196,14.116957952156383,2762.56,2.5677199985905794
202212,203.0,83.0,40.0,12.39438041580887,12.1536418623422,415.455,-3.0700304059814294
202307,15.0,9.0,3.0,12.705574395564721,11.58476228858891,1064.333,-6.2918148135823255
202402,259.0,57.0,144.0,12.668053553638828,12.668056703805707,935.029,-6.271039005393656
202403,365.0,212.0,50.0,13.966036103496451,13.119045880592012,966.118,-2.73774490463188
202410,177.0,43.0,76.0,12.989574566140865,12.167960517669087,2444.436,7.274667857391721
202401,416.0,110.0,41.0,8.68676717538769,8.686935966003333,368.521,-1.2226533802796187
202212,295.0,43.0,68.0,12.118879433827797,12.118884889350285,422.686,-6.2918148135823255
202308,218.0,14.0,32.0,11.783555473854753,11.783563102812751,399.064,-6.250263197204988
202307,147.0,23.0,40.0,13.031687841028944,12.294641974948092,1511.123,25.353318183128998
202401,290.0,108.0,128.0,14.57728974490719,14.313032073246749,6422.637,-5.935578862889951
202402,161.0,13.0,35.0,12.626646374769136,12.544945569622426,601.733,0.5144911005819859
202303,23.0,7.0,11.0,13.532589135613982,13.50331445697504,1810.973,-6.173680312261062
202410,14.0,1.0,0.0,13.396011432092237,11.327330556601796,4638.166,-5.319485397273138
202307,9.0,3.0,3.0,12.553566068006047,12.087576230479208,1552.603,-6.227889159480919
202404,52.0,10.0,30.0,12.56319099115185,12.468348444546251,433.499,-5.319485397273138
202207,63.0,33.0,14.0,7.505492274737424,7.506042178518122,379.137,1.4868205168911732
202210,51.0,18.0,16.0,12.318333796939863,11.34645757209944,637.125,-6.2918148135823255
202407,270.0,46.0,38.0,11.303203933987659,11.044185037549019,572.2,-4.221715142653951
202404,78.0,28.0,24.0,13.885262341404687,13.485683393862914,3240.924,-2.108279395507113
202312,57.0,10.0,20.0,13.063863122521756,11.851160432781834,2228.942,-6.276933343152721
202401,275.0,90.0,76.0,14.109696931513248,13.911644035129935,1663.219,-4.795373575023463
202401,335.0,153.0,83.0,14.17371493172872,13.5324179378463,2608.84,6.888483322731693
202403,332.0,116.0,131.0,13.481746849965484,13.448786721172443,2102.302,14.014394835950709
202402,301.0,142.0,76.0,12.957998038458932,12.661213240080045,803.002,-3.2144555934356545
202310,145.0,98.0,19.0,11.410050746046963,11.410061829510989,382.709,-3.906966588197433
202403,55.0,22.0,12.0,13.234927484781819,12.73942952344301,1220.644,-5.035244319432413
202407,63.0,14.0,14.0,11.174525371226087,11.174539398143741,492.361,-6.2918148135823255
202407,321.0,78.0,124.0,13.528450958402706,13.491590413193737,2080.157,8.598143317084878
202212,194.0,55.0,27.0,12.607583278330608,12.413936047710166,779.963,-1.1045957651743858
202403,54.0,21.0,13.0,10.755922197028484,10.755943515580956,174.425,-5.030349741836326
202306,364.0,63.0,129.0,11.89328470844449,11.872793306183079,836.77,-3.771586642210416
202401,28.0,0.0,0.0,15.876059248376189,15.297104644288385,11222.028,-6.100037851278107
202303,333.0,126.0,18.0,10.989217215373223,10.842967328182981,1073.396,-2.684315090218941
202408,88.0,26.0,9.0,8.004365564979574,8.00469951054955,124.411,1.0334876178795147
202408,135.0,59.0,34.0,10.623447048747229,10.623471387049634,514.861,-1.8983821014776519
202210,17.0,3.0,3.0,12.809850216108115,11.542367755570186,848.482,-6.143187697190844
202403,436.0,237.0,97.0,12.011905202452482,11.977508177561482,1106.994,-3.303245858364916
202405,758.0,250.0,132.0,13.3935913200794,13.162228113899282,2101.323,22.619294298792227
202303,1.0,0.0,0.0,13.34625065208774,0.6931471805599453,16.844,-6.2918148135823255
202403,51.0,10.0,34.0,12.724443730569124,12.561818658145771,790.905,-6.266769148349419
202210,53.0,24.0,17.0,11.287178527785903,11.287191060292091,313.368,-0.017648922960683322
202309,102.0,15.0,26.0,8.742254901886351,8.742414582525413,265.377,-6.276933343152721
202406,752.0,144.0,331.0,13.524284881022455,13.520985123030485,2807.848,-6.064380572659834
202309,161.0,11.0,49.0,13.733294573768498,12.383695681542575,3464.126,-1.3610774143869273
202307,479.0,10.0,28.0,10.088347551424729,10.08838911159347,139.321,-6.241276064534448
202309,56.0,6.0,29.0,11.183434800359647,11.183448702861401,858.174,-5.908260888973889
202208,57.0,10.0,20.0,13.258827714738485,11.844377980991233,2999.231,-6.276933343152721
202301,129.0,15.0,64.0,12.641539823318148,12.559384440417778,973.182,5.604401336667392
202303,352.0,127.0,88.0,13.637201739356735,13.107330954570367,2614.676,13.744617309542521
202207,148.0,26.0,12.0,13.11675166113675,12.733569528384098,3331.984,-6.22494873551995
202303,4.0,0.0,0.0,12.258043460348913,12.258048207120517,693.267,-6.036112197176701
202212,367.0,74.0,70.0,12.665299665148437,12.652321347421294,519.322,8.973407295587013
202303,200.0,87.0,30.0,9.561912317739012,9.56198267338684,237.2,-5.265276550053281
202307,63.0,33.0,14.0,7.604396348796338,7.60489448081162,411.289,1.4868205168911732
202301,27.0,2.0,10.0,13.88728316241128,13.635492346432752,3694.502,-6.1410595135872885
202306,543.0,167.0,88.0,12.571871341175875,12.047405113400329,1157.385,36.01560806221079
202208,85.0,9.0,18.0,10.227091634163973,10.052553900454022,502.696,-6.243500304121533
202303,183.0,44.0,25.0,11.61188352860307,11.272839192925707,308.687,-0.902336453018826
202311,396.0,17.0,16.0,12.626941832599604,12.268225510752258,1147.065,-6.250263197204988
202310,89.0,39.0,21.0,10.77812260914145,10.778143459633002,314.29,-5.2860523582419505
202405,11.0,4.0,1.0,12.571514051509018,11.125143091714373,1590.876,-6.2918148135823255
202311,189.0,1.0,0.0,9.122819774446688,9.122928914965213,1.659,-6.250263197204988
202308,19.0,13.0,2.0,9.659248037927183,3.2188758248682006,155.406,-6.2918148135823255
202301,82.0,9.0,15.0,12.909632921138547,12.528453202022666,2847.06,-2.1616266437736487
202308,54.0,21.0,6.0,12.549701356251692,12.54970490220638,675.932,-6.100037851278107
202311,343.0,166.0,50.0,11.391943568409445,11.30206862196345,495.546,-0.4441403072644565
202407,172.0,49.0,29.0,9.85329891095284,9.411238314343073,472.846,-0.3521403178923963
202301,229.0,22.0,29.0,14.239242474078832,14.212839322282784,2535.872,5.724084186713993
202208,38.0,10.0,16.0,12.993672820434119,12.86272439597719,2202.765,-2.617183782372393
202308,14.0,2.0,6.0,12.661530369176441,11.375982545413866,1638.344,-6.173680312261062
202303,54.0,22.0,10.0,11.272699333674742,11.272712048960424,350.719,-6.237605966362469
202308,101.0,18.0,18.0,10.539138026747548,10.486345424201494,251.873,-6.276933343152721
202308,23.0,3.0,0.0,8.23031079913502,8.230577217146454,17.929,-5.319485397273138
202310,13.0,0.0,1.0,14.583476672170628,12.91038971001574,4507.229,-4.2193046727611385
202405,75.0,56.0,8.0,11.619607107555439,11.619616095632754,224.625,-3.3748265646547635
202310,117.0,43.0,19.0,12.736136031203571,11.883378059685624,1312.658,-3.244034832490982
202303,52.0,18.0,14.0,11.937133815895528,11.937140358749586,215.621,-5.319485397273138
202402,269.0,45.0,37.0,12.493358389454178,12.0422705401731,623.082,-4.221715142653951
202303,194.0,46.0,23.0,9.91338837721339,9.829194947954273,187.176,-3.3057362470053024
202406,360.0,61.0,127.0,11.598635161808385,11.466378782313107,854.583,-3.269349294176019
202303,35.0,11.0,18.0,10.533748180040883,10.315795859126286,142.635,-4.347155980963951
202207,330.0,44.0,81.0,12.374616389330784,11.169984350200423,1785.086,-6.194456120449732
202407,108.0,16.0,41.0,13.952771113608952,13.165727418185464,2506.22,-6.271039005393656
202212,33.0,8.0,4.0,11.86335695907512,11.863364002891176,121.171,14.127102928910608
202407,225.0,72.0,41.0,10.348718097203708,10.348750130518358,413.223,3.289179585144643
202408,54.0,8.0,19.0,11.964567802696145,11.964574168493986,553.0,-2.279280549622662
202303,280.0,41.0,156.0,13.539844009119006,13.495009106697173,1043.315,-5.252164374661515
202307,382.0,79.0,100.0,13.043863312578562,12.817730447492632,2244.214,29.211850475891232
202401,63.0,33.0,14.0,9.67130325656977,9.671366322189568,486.287,1.4868205168911732
202211,45.0,1.0,10.0,12.64040375931745,12.640406997800998,442.382,-2.3275124929370503
202410,339.0,88.0,35.0,11.298692099785775,11.22935492855816,440.05,2.7564535245792303
202402,67.0,19.0,24.0,13.839146026608981,13.828045664217354,1313.863,-4.021680070085478
202306,47.0,17.0,20.0,13.029745769372939,12.883964046198669,2649.011,-2.901204132857058
202303,82.0,15.0,33.0,12.096190812995046,12.096196393710326,463.984,-5.139428754081495
202401,51.0,10.0,34.0,12.873660963413455,12.69099259624537,969.591,-6.266769148349419
202210,148.0,66.0,20.0,11.554537547288902,11.550259784616918,138.062,-2.635735350973976
202309,3.0,0.0,0.0,9.912397738665884,0.6931471805599453,384.361,-6.2918148135823255
202208,14.0,5.0,6.0,11.59351879025683,11.484124675364502,648.039,-6.291742704741504
202309,46.0,9.0,16.0,11.734211291782325,10.244805174153818,387.422,-6.2918148135823255
202404,38.0,10.0,13.0,13.044730430590128,12.881160228834096,1668.941,-5.119603347459895
202208,265.0,110.0,116.0,11.960005852864672,11.942152671573961,1383.319,0.36590500164775364
202301,8.0,1.0,2.0,13.867264896054841,13.205772105975639,4216.877,-6.227889159480919
202402,224.0,72.0,39.0,10.964882453387421,10.964899751881587,415.542,3.289179585144643
202301,77.0,18.0,16.0,13.621044352561931,13.029673361969358,1978.584,6.369243406625779
202306,60.0,2.0,11.0,10.492634403077314,10.202591644652882,183.09,-6.250263197204988
202401,105.0,35.0,13.0,12.286707485551052,12.28671209819292,255.434,13.884065353254256
202404,167.0,60.0,57.0,13.468628931138271,12.888757789337816,1456.03,13.903332454424996
202406,34.0,11.0,9.0,12.145478335754325,11.97951075835748,970.122,0.8421086849011408
202208,166.0,58.0,59.0,12.340310663436236,12.282505769564809,1478.724,13.839406800323589
202207,113.0,31.0,22.0,11.967256924821669,11.961232925300866,721.977,-4.34708387212313
202301,264.0,72.0,73.0,14.098566948425962,13.64296862438446,1829.331,-3.1532866614913364
202406,75.0,56.0,8.0,11.497801674824382,11.49781182716018,249.381,-3.3748265646547635
202303,31.0,0.0,2.0,15.159460933589694,13.269256355140554,2605.529,-3.3748265646547635
202303,116.0,34.0,25.0,12.890928044084111,12.794770006733614,750.652,-5.255559743171732
202404,894.0,186.0,182.0,14.351431249909886,14.28560855775697,4234.469,6.241062330234923
202408,122.0,8.0,74.0,12.562690587844344,12.474923518696762,1542.885,-6.2918148135823255
202211,18.0,3.0,0.0,13.005867762665881,12.384888062994841,1550.915,-6.0682030417823185
202309,21.0,2.0,6.0,13.899353420509524,11.398591474513294,2522.386,-6.239375261400307
202210,143.0,62.0,68.0,11.278986350694813,11.27899898629055,898.791,-5.954397856235217
202303,12.0,4.0,6.0,11.901719038790421,11.774958905490742,320.593,-6.2918148135823255
202303,156.0,73.0,35.0,12.582215356784172,12.483272470686316,674.721,-1.2478148192094247
202208,54.0,13.0,20.0,11.417845258719959,11.417856256130069,432.832,-6.227668432124859
202211,14.0,0.0,6.0,12.906264950816757,12.581889214037185,390.814,-3.307960486592388
202405,300.0,47.0,59.0,12.046132740429305,11.753327232840707,439.89,-4.296617231916073
202410,4.0,0.0,0.0,8.647168267837984,0.6931471805599453,2483.373,-6.2918148135823255
202406,20.0,9.0,4.0,13.029862049080615,11.857061119593132,821.199,-6.2918148135823255
202208,278.0,20.0,39.0,12.982669032744393,12.601709615319358,1362.961,-6.227889159480919
202207,69.0,23.0,17.0,11.333595429112227,11.333607393196049,754.052,10.69797143182213
202403,205.0,59.0,40.0,13.595493364496493,12.739587901650498,950.217,2.899339325966878
202307,259.0,67.0,96.0,12.36567131521686,12.288560054791832,1152.854,-6.121565151594428
202301,84.0,13.0,17.0,11.153818995840082,11.153833316230168,158.898,-5.81819238178462
202407,77.0,17.0,14.0,11.977369920604422,11.93275359591416,1688.036,7.362348631123636
202402,438.0,11.0,17.0,11.463987289847715,11.125437790092716,258.881,-6.271039005393656
202210,1096.0,201.0,163.0,13.522610897542796,13.432891969220595,3344.27,95.85273304677688
202308,4.0,0.0,1.0,10.923633667924804,8.368693183097793,273.335,-6.227889159480919
202303,114.0,12.0,15.0,8.58839695042257,8.58858318750291,283.188,7.320797014746297
202408,42.0,4.0,30.0,11.999042326015434,11.759105624309486,993.307,-6.2918148135823255
202303,543.0,167.0,88.0,12.886081393637385,12.363712943835965,1243.704,36.01560806221079
202207,496.0,114.0,130.0,14.030976713350531,13.879284099079223,7121.261,76.00968015244977
202212,11.0,3.0,1.0,12.40526361036713,9.434763104788773,466.517,-6.227889159480919
202306,181.0,25.0,37.0,12.67775299329743,12.50448321133467,925.202,-3.9502639488928804
202307,556.0,209.0,92.0,14.145501119555536,14.099698784036798,1523.354,27.94024569250825
202408,566.0,132.0,273.0,14.264182015757335,14.197664049467997,6431.295,18.15919705144531
202303,336.0,104.0,71.0,11.648356302506556,11.54911273573194,642.09,2.891360483269791
202210,180.0,39.0,82.0,13.464023561893118,12.77539262370333,1572.833,22.94520111351622
202407,125.0,46.0,15.0,12.079624677541863,11.764912999997286,682.805,-2.0396696733299002
202307,393.0,134.0,120.0,14.006497792414878,13.965668706807579,3533.524,2.5677199985905794
202401,97.0,9.0,52.0,13.329471851284936,12.880447218141832,741.688,-6.2918148135823255
202303,144.0,12.0,14.0,11.917843756935026,11.476417070153705,213.555,-6.2918148135823255
202210,105.0,35.0,12.0,11.11282096310416,11.112835882798903,192.363,13.884065353254256
202410,46.0,1.0,2.0,12.365628690015983,9.564091044397669,39.362,-6.2620518727231165
202402,198.0,48.0,40.0,14.497802027938485,13.684950745817911,1462.331,-5.271170887812346
202212,488.0,138.0,92.0,12.611551086882784,12.468590744318405,994.987,38.44912294820756
202212,97.0,9.0,51.0,13.204457517911463,12.727618600652544,554.967,-6.2918148135823255
202310,84.0,4.0,11.0,10.592902778006396,10.592927871164747,237.894,-6.227889159480919
202401,274.0,43.0,188.0,13.2556382371271,13.122825270715188,2115.637,7.264747061396806
202402,627.0,193.0,223.0,14.065265660016596,14.0202465244579,2098.071,26.38113924733682
202301,85.0,9.0,18.0,11.65080738033201,11.073877719844939,527.204,-6.243500304121533
202211,55.0,18.0,33.0,12.56335540471179,12.361519627651587,719.174,-6.2918148135823255
202403,136.0,47.0,27.0,13.57645990692423,13.033689528364425,724.093,-2.3236900238145655
202308,358.0,24.0,17.0,10.309052655644626,10.303571541691813,57.827,-6.2294873890163185
202309,251.0,21.0,19.0,10.351469218580617,10.233762051368387,149.939,-5.99141842729198
202306,60.0,2.0,10.0,13.588657635431238,12.869775567288224,2852.786,10.711407695471562
202301,205.0,70.0,41.0,13.417251424346436,13.360750158131232,1396.854,-6.235381726775383
202409,18.0,2.0,4.0,5.241747015059643,5.247024072160486,77.179,-6.271039005393656
202404,230.0,112.0,39.0,13.466877477104417,13.310585822991458,1114.082,4.736143625764191
202211,382.0,80.0,95.0,13.263319389203453,12.890628022021415,1684.879,32.12883872481879
202208,114.0,15.0,62.0,13.827237527481694,13.814277798428378,2204.42,4.752514633444225
202403,22.0,5.0,9.0,13.036258498512028,12.535599389389892,1198.226,-6.163963505379513
202310,534.0,18.0,77.0,12.283436383350885,12.144441892733672,440.368,-6.204668384349104
202403,125.0,16.0,88.0,12.487405856545267,12.487409630422114,346.919,-6.256157534964052
202309,22.0,7.0,3.0,14.508454217815284,14.477710783243912,2678.337,-6.173680312261062
202303,187.0,28.0,51.0,14.162477531678128,13.709468699133785,1299.66,13.692321598500532
202303,438.0,11.0,17.0,10.18855370645454,10.039590635528468,192.242,-6.271039005393656
202212,121.0,24.0,57.0,14.07575334291537,13.63908240092458,2488.278,-6.11447786699559
202410,97.0,31.0,17.0,11.070583694274404,10.886707695092223,196.153,-3.0908062141700983
202404,330.0,126.0,17.0,11.652130730690555,11.449165307495717,1107.44,-2.684315090218941
202409,243.0,34.0,37.0,10.14854913915127,10.138045708665592,292.148,3.8900672881224168
202210,7.0,1.0,1.0,12.053317657937892,10.714395546283317,1015.594,-6.2918148135823255
202404,4.0,0.0,0.0,16.319746111748177,16.267576214175637,15229.917,-5.239727871175058
202207,43.0,15.0,8.0,9.025214887849494,9.025335217553026,433.124,-6.20711335129225
202410,258.0,42.0,34.0,10.5719321204557,10.571957745383633,317.958,6.871809885811926
202303,64.0,0.0,4.0,9.895354569305939,0.6931471805599453,346.829,-6.2918148135823255
202210,104.0,14.0,60.0,13.545596364372843,13.459396885054913,3013.845,5.294384953705569
202303,72.0,15.0,20.0,11.9540794154869,11.389491492804995,397.254,-6.222586334723208
202303,260.0,37.0,35.0,12.922828925062293,12.865626847490525,1604.116,0.17982885910427182
202303,179.0,8.0,36.0,10.335789314597852,10.335821764746314,320.449,-4.604992460903505
202207,703.0,213.0,112.0,10.564808612429621,10.222740963825228,1919.748,11.541046640105423
202307,152.0,34.0,33.0,12.314953955909896,11.801399723559697,840.852,-6.256157534964052
202306,56.0,20.0,16.0,13.486937044136416,13.23941903747611,1835.316,-2.118476797860911
202307,400.0,130.0,53.0,10.687959709789435,10.678606348461217,730.557,-3.026880560068692
202309,366.0,21.0,32.0,9.636979715315753,9.324026136379999,121.735,-5.242276502277527
202311,102.0,10.0,50.0,12.748295186993198,12.735941785010628,808.517,20.75215524807929
202307,67.0,10.0,36.0,10.666417292697274,10.183087048794553,616.919,-6.27185124575107
202208,477.0,61.0,58.0,12.131510724203268,12.104283522628139,1055.157,-4.718011657272621
202402,150.0,62.0,27.0,12.290464344156831,12.290468939502205,501.013,-3.9888806492817697
202309,24.0,1.0,7.0,9.635412009723266,0.6931471805599453,124.571,-6.2918148135823255
202211,107.0,16.0,41.0,13.4942220626958,12.814685378975382,1864.247,-6.271039005393656
202301,320.0,60.0,103.0,14.67171322405006,14.37291246850918,2845.017,32.91132266100655
202303,86.0,28.0,22.0,12.344842791890397,12.234227550147091,352.351,-6.2918148135823255
202405,51.0,20.0,9.0,10.333385076784877,10.044118682275874,504.361,-4.216364248800169
202210,70.0,18.0,44.0,12.211393464831334,11.934316414295271,1124.926,-6.2918148135823255
202308,56.0,2.0,0.0,10.04107321548869,4.127134385045092,5.874,-6.275982941585651
202308,96.0,17.0,32.0,12.63790051546814,11.3943558700572,1411.925,6.180105451477186
202409,122.0,16.0,7.0,11.583514395410518,10.315862068945227,432.358,-6.2918148135823255
202212,32.0,12.0,9.0,9.468464892185638,8.391176350832751,144.195,-6.0717201171990665
202212,29.0,5.0,15.0,12.64707862755743,12.647081844496544,739.899,0.734585796965245
202207,163.0,17.0,20.0,10.766398604507042,10.653062324394716,103.432,-6.276933343152721
202301,196.0,81.0,108.0,11.87416696629623,11.872758417147653,1026.903,-6.2918148135823255
202311,74.0,14.0,40.0,12.342921653777006,12.265298642668117,851.665,-6.275982941585651
202406,163.0,46.0,71.0,12.29147481176776,12.101323054331104,838.886,-5.2050209941238545
202309,337.0,39.0,28.0,10.423946625270357,9.883080742758466,629.044,2.899339325966878
202208,28.0,8.0,9.0,12.363759921365768,12.143574707652368,2098.935,-3.3109009105533573
202407,581.0,98.0,87.0,12.364250917992024,12.186257618157113,877.919,14.038393289406473
202311,149.0,26.0,12.0,13.176843986902126,12.765242619819745,2399.165,-6.22494873551995
202210,27.0,17.0,7.0,10.549621738824321,10.549647941871736,118.109,-4.347155980963951
202303,194.0,54.0,28.0,12.679078015042375,12.471704642064045,680.097,-1.1045957651743858
202208,13.0,6.0,4.0,13.124365372075001,12.318374017617318,1348.989,-6.2918148135823255
202301,74.0,10.0,26.0,12.888863887989451,11.50981061887004,574.351,-1.3020236664292817
202207,174.0,39.0,35.0,12.257668394173825,11.687492029391116,1142.96,-5.255559743171732
202208,240.0,63.0,128.0,13.008193058022709,12.705932362920707,2831.081,-5.262101908899125
202207,915.0,308.0,118.0,12.487077474728629,12.425533423752698,1950.862,16.058980325051195
202408,200.0,1.0,0.0,10.596784721847198,8.824824939175638,348.437,-6.271039005393656
202401,516.0,132.0,107.0,13.327395095224576,13.061019747163277,2909.435,38.665956400332135
202212,27.0,0.0,0.0,14.167031140978382,0.6931471805599453,11647.115,-6.2918148135823255
202207,157.0,16.0,32.0,13.947992149740664,13.892107643987886,3595.517,72.63061989309134
202301,41.0,8.0,21.0,13.737252756397657,13.315577065642437,1074.664,-3.3748265646547635
202208,41.0,6.0,5.0,11.560734195310044,11.071610356468307,377.14,1.4868205168911732
202303,426.0,148.0,68.0,12.845689821604173,12.823358779737838,1074.165,3.147520303791616
202212,167.0,62.0,35.0,15.253014534970767,15.129201430012614,1326.81,-3.149395835963297
202402,201.0,40.0,56.0,14.239639736962458,13.559116536078522,1356.285,-3.3748265646547635
202306,541.0,177.0,91.0,12.634616055800414,12.332568723261193,1175.018,-2.8203257914941924
202301,164.0,73.0,33.0,11.937101100983087,11.796983478446043,375.987,-2.934637171888246
202405,25.0,4.0,11.0,12.324970614972383,12.075553853321786,1078.121,-6.097097427317138
202212,110.0,20.0,40.0,12.027603658051708,11.671184835413424,474.751,-6.140109112020218
202310,57.0,10.0,20.0,13.159659162148026,11.672370675429878,1937.773,-6.276933343152721
202303,260.0,68.0,74.0,13.624106681486433,13.321383074354538,1399.22,-3.1532866614913364
202404,18.0,3.0,0.0,13.380833917309465,12.441824378619073,1488.77,-6.0682030417823185
202303,104.0,16.0,31.0,12.251996801857983,12.24648015416302,457.677,-4.211915769625998
202310,44.0,12.0,7.0,9.853351483042331,9.853404052368141,85.886,-5.943868808996254
202410,477.0,123.0,81.0,12.329126211950316,11.64118674491424,696.096,-3.555860084099057
202303,146.0,0.0,10.0,7.857867559331803,7.826044013518965,52.477,-6.256157534964052
202405,645.0,106.0,149.0,13.654361278303078,13.596268137334995,1360.492,-4.284828556397944
202404,360.0,61.0,127.0,12.05940390605067,11.94785875632743,898.071,-3.269349294176019
202405,172.0,36.0,69.0,14.878458362593875,13.704306334389527,7839.735,-2.053654744498136
202301,264.0,117.0,70.0,14.654905126597685,13.76221209667786,2146.039,-1.9906254896580986
202310,66.0,7.0,19.0,13.913234186692744,13.333112028338556,9073.519,-5.1708582808816566
202309,13.0,6.0,3.0,12.258973397265626,7.1929342212158,1039.402,-6.271039005393656
202309,32.0,6.0,13.0,9.06357899058078,9.063694791634697,120.985,-6.227889159480919
202404,188.0,28.0,46.0,13.65275159966189,13.297450495302849,981.417,-4.264458030904901
202303,141.0,43.0,61.0,14.207026831848724,14.005967267819397,4499.204,11.064435797459288
202208,72.0,15.0,21.0,11.52518994779021,10.96837068846011,522.893,-6.222586334723208
202212,146.0,42.0,47.0,13.001433395302072,12.060861885272386,911.007,0.6906569182455904
202308,479.0,217.0,176.0,13.6381084806637,13.212145578778797,4438.506,-0.7673193512852077
202308,19.0,0.0,0.0,9.592536853144992,9.592605086913911,29.103,-6.256157534964052
202210,22.0,5.0,10.0,12.496347603546942,12.087773226570878,1041.242,-6.227889159480919
202310,40.0,13.0,15.0,10.077482875583607,10.062583129041906,234.241,-6.2918148135823255
202208,195.0,63.0,53.0,11.343168640284432,11.330995831364346,776.856,0.38078647207735816
202211,63.0,11.0,37.0,14.141977190776226,14.133737354244136,2399.12,1.5227211943178336
202310,120.0,30.0,29.0,11.914175033497166,11.383818555582401,471.791,-3.3540507564660946
202310,322.0,46.0,75.0,11.56244869371549,11.224189504039689,1242.623,-6.194456120449732
202312,107.0,24.0,25.0,13.70588094265424,12.724214440726403,1697.665,-6.258381774551138
202406,311.0,75.0,121.0,13.82864097549239,13.768529007267029,2819.417,46.90986567628593
202408,143.0,68.0,29.0,11.806221748206477,11.806229206190062,1247.621,0.255875587835515
202210,353.0,126.0,88.0,13.237893209837146,13.041300816523924,2661.209,13.744617309542521
202301,61.0,25.0,26.0,12.1225551577948,11.808754262557779,1330.326,-6.2918148135823255
202410,55.0,2.0,11.0,11.32514905749331,11.27020401110734,320.883,-6.195054286564439
202303,116.0,23.0,70.0,12.861471228842312,12.70340869269515,435.499,-6.2918148135823255
202303,391.0,69.0,80.0,13.823066936489917,13.134252421796742,1503.171,-1.8771256978167346
202210,1162.0,409.0,244.0,12.22676213435035,12.164432608170761,1814.417,33.16591900491906
202307,135.0,6.0,11.0,12.372357973236955,12.35238266757827,1136.253,-6.192231880862646
202401,38.0,2.0,15.0,10.207584166256003,10.207621055054725,192.582,-6.163963505379513
202212,86.0,29.0,14.0,12.238036320735567,12.238041163432658,199.993,-6.271039005393656
202410,42.0,18.0,8.0,10.652707835976868,8.632305998516742,207.693,-6.276933343152721
202211,472.0,84.0,129.0,15.338200331485835,15.011196016909878,13741.695,119.62905105628394
202310,106.0,20.0,45.0,11.19920053542478,11.189091033813968,367.525,-6.250263197204988
202404,559.0,125.0,101.0,12.340524864064358,12.280256686219182,552.703,3.1271340288944938
202406,4.0,0.0,3.0,12.998048807643563,12.998051072385048,1497.193,-6.227889159480919
202210,343.0,59.0,35.0,11.425655872827754,11.37090096494081,198.694,-4.296617231916073
202404,160.0,39.0,58.0,14.35182028588658,12.867073629428699,1873.043,18.891896460945645
202409,61.0,2.0,0.0,9.155144736508232,8.720460512725655,694.8,-6.2918148135823255
202303,39.0,6.0,20.0,12.886582814339851,12.316208739938013,795.082,-0.3939126616257953
202311,114.0,62.0,18.0,12.985369999016628,12.324899580578387,998.015,-1.2657087436482328
202408,61.0,25.0,26.0,11.816822855659263,11.383727526498546,1505.18,-6.2918148135823255
202403,6.0,3.0,2.0,10.349998630080293,10.350030622402139,434.118,-6.2918148135823255
202409,145.0,17.0,67.0,14.288486016946347,13.643899834847101,6852.454,16.719559988596394
202402,140.0,38.0,45.0,14.334194226268275,14.330724140542442,1920.798,9.774686199184744
202312,284.0,101.0,26.0,12.45179144745392,12.366617127087862,276.152,-3.2935744731806067
202408,91.0,17.0,10.0,10.24718363424666,10.24721909083893,166.205,-6.2918148135823255
202303,50.0,27.0,13.0,10.966679895972977,10.749999389802367,313.622,-6.276933343152721
202208,496.0,113.0,132.0,13.967591955445666,13.876091884725845,7686.08,76.00968015244977
202210,63.0,9.0,26.0,13.327057785050009,12.854815903284036,1595.232,0.5942486266800664
202404,48.0,7.0,12.0,12.17703510740688,11.88235571303491,266.962,3.431479349509548
202212,275.0,9.0,1.0,11.657458615702527,10.782616250721516,351.796,-6.256157534964052
202401,36.0,12.0,9.0,13.309776947863858,13.15477248260227,1178.81,-6.276933343152721
202210,219.0,41.0,15.0,11.716543630553264,11.630557378097066,390.759,1.3029192553388693
202301,31.0,0.0,2.0,15.511849574641522,13.524926946784019,3241.238,-3.3748265646547635
202210,474.0,198.0,94.0,11.19741988378385,10.46384592183261,1270.494,10.461203517475537
202311,259.0,82.0,28.0,12.887167487565945,12.716900269294165,771.566,23.016977985203226
202311,302.0,59.0,61.0,11.11123821177333,11.11020658253009,437.163,3.2472853305529483
202311,127.0,15.0,51.0,13.151246223083364,12.731513938140244,490.117,10.273978698504814
202306,87.0,14.0,31.0,13.76097939575671,13.084235666706178,2923.321,13.15293240647179
202211,56.0,19.0,17.0,13.518493045575152,13.276791161691742,1646.516,-2.118476797860911
202207,217.0,29.0,77.0,12.785869140541113,12.782711290413488,1273.722,-5.319485397273138
202210,580.0,126.0,251.0,14.245861430739454,14.18996372854103,2528.288,35.35737684388795
202312,192.0,39.0,70.0,15.077381918823633,14.97636811527534,2369.824,15.199551434152157
202306,177.0,68.0,34.0,13.587325569936706,13.507425758192307,1937.206,-2.2077797620803885
202307,8.0,1.0,2.0,13.945332830299003,13.509956393533257,5299.232,-6.227889159480919
202310,351.0,42.0,112.0,11.83442908589752,11.834436336451281,484.96,-2.1624388841310616
202210,44.0,11.0,21.0,12.273072198343483,12.273076874310648,2768.711,-5.0637827808675135
202308,83.0,2.0,4.0,7.076653815443951,7.077498053569231,30.747,-6.276933343152721
202404,84.0,36.0,26.0,14.107066118764429,13.24553100122199,2618.549,-6.140247273229875
202306,43.0,9.0,19.0,12.286186119930456,12.223347571074356,2449.07,-3.2950690385566825
202211,80.0,25.0,35.0,13.032992127193864,12.994616365801683,1558.582,-6.213007689051315
202303,323.0,103.0,52.0,12.703001150110435,12.611781057370917,873.086,-0.39599716656381734
202311,319.0,42.0,117.0,13.602490589820915,13.5800185776567,1841.484,5.044799498068629
202301,175.0,4.0,11.0,12.840011076453436,11.150634782245861,266.926,-6.2918148135823255
202407,102.0,12.0,44.0,14.262344710933366,14.180497362483688,6082.808,10.632384699752288
202410,29.0,6.0,8.0,8.550434525196039,8.550627967502475,89.117,-6.2918148135823255
202212,321.0,17.0,12.0,13.812775821980242,13.659766275693551,4406.191,-4.091453364558326
202401,373.0,68.0,156.0,15.375790578625434,15.117527528617831,7043.417,-3.261415272169434
202403,296.0,125.0,96.0,12.664743551358281,12.616604893971356,499.065,-6.241276064534448
202211,106.0,14.0,33.0,12.941577440941709,12.906255020971116,938.336,23.318257068459815
202406,172.0,36.0,69.0,15.187423246824498,13.639625045333483,9291.649,-2.053654744498136
202407,185.0,13.0,48.0,14.607765244804193,12.706708529787031,6393.167,-6.240325662967377
202405,89.0,38.0,22.0,10.871117577739867,10.871136576685425,282.051,-5.2860523582419505
202401,313.0,40.0,59.0,13.820982559220166,12.542184102792625,945.775,-3.3242878156068856
202212,95.0,34.0,20.0,13.205794185133099,12.165849430039303,276.283,-4.02752771045692
202402,91.0,36.0,30.0,11.449271885489594,10.076137489633352,2111.645,-0.63400981332118
202404,278.0,6.0,26.0,13.450469285121487,12.528724823550524,814.847,-6.227889159480919
202208,192.0,41.0,68.0,14.649668031819814,14.545841763651174,2617.866,14.447316714226227
202407,219.0,44.0,83.0,13.199628076135527,13.042241666610128,2135.335,4.864773966773923
202310,125.0,44.0,15.0,10.83399672164784,10.228140212351999,691.046,-2.335631070283201
202301,45.0,9.0,33.0,13.577915586073999,13.577916854268627,1046.181,-5.298709589084469
202405,171.0,31.0,53.0,12.960848649409758,12.937209011994154,786.592,-3.3540507564660946
202404,176.0,5.0,14.0,12.879748993743906,12.860494590167718,1329.168,-6.163963505379513
202303,116.0,23.0,70.0,12.838272183358045,12.749079842656823,447.331,-6.2918148135823255
202212,205.0,70.0,41.0,13.136039432387168,13.082457629668427,1128.25,-6.235381726775383
202307,51.0,3.0,3.0,15.004218850155041,13.03026563220228,9614.124,-2.402497148345576
202211,145.0,98.0,19.0,11.612055612127403,11.596347073109301,322.286,-3.906966588197433
202211,302.0,72.0,98.0,14.12085252251749,13.849724527499081,2721.644,23.852135056186945
202307,52.0,12.0,17.0,14.62097564530954,12.410893354126742,4292.23,-5.298709589084469
202303,85.0,9.0,18.0,10.704524547379622,9.965992757887525,417.914,-6.243500304121533
202303,494.0,15.0,11.0,12.677462813087244,12.517347945982683,1514.186,-1.5809287119617998
202303,420.0,72.0,151.0,13.580513277984043,13.384606096023884,1576.154,-5.214820367151807
202311,58.0,6.0,19.0,13.183868552596293,12.66044219699194,1947.145,-5.319485397273138
202303,261.0,62.0,96.0,14.108729274873816,13.725384517259839,1925.072,-4.347155980963951
202407,278.0,6.0,26.0,12.916929578576347,12.329599155813623,1066.698,-6.227889159480919
202410,32.0,7.0,15.0,11.263258250715662,11.23182170787857,114.505,-6.2918148135823255
202402,106.0,23.0,25.0,13.954115309312956,12.811186108506568,1737.314,-6.258381774551138
202405,20.0,5.0,4.0,9.095826985187422,9.095939111666207,191.548,-0.45783831572720146
202303,132.0,36.0,53.0,14.087821345204567,14.010289202060564,3649.124,5.881125920584308
202409,120.0,15.0,18.0,11.99543185790849,11.625736159000054,366.289,-2.3519583992976982
202210,116.0,13.0,14.0,12.729711823941818,12.55152232122835,1324.136,-6.171456072673977
202208,96.0,49.0,16.0,12.094520780742245,12.091861971385342,872.935,-6.177278301592221
202403,381.0,6.0,20.0,12.700750594516041,11.756467544427808,614.208,-5.772818296284798
202210,289.0,77.0,113.0,13.524965725054553,12.95294541006165,1487.919,-5.216507096043242
202402,63.0,17.0,20.0,12.409788699178286,12.409792777639726,748.625,-5.2777956196861435
202310,344.0,60.0,37.0,11.402976661422361,11.382634530670636,217.753,-4.296617231916073
202407,101.0,14.0,30.0,12.175783526672358,12.175118470208268,642.529,-4.211915769625998
202212,165.0,13.0,17.0,12.210886042525702,12.079505517450139,1101.279,-6.271039005393656
202306,320.0,59.0,104.0,13.382824293190856,13.183074583707512,2244.076,32.91132266100655
202405,35.0,1.0,13.0,11.773757787382696,11.678753413620385,930.305,-2.602636618036239
202208,39.0,6.0,17.0,12.985553473472912,12.52413721002411,968.856,-0.14038492621134857
202211,71.0,14.0,11.0,10.2598674529538,10.21343245878688,173.283,-6.2918148135823255
202310,683.0,215.0,209.0,14.341144002783135,14.201701778968523,3921.333,12.676842336278606
202311,424.0,148.0,68.0,12.44851673733176,12.437676308962082,803.301,3.147520303791616
202301,25.0,4.0,11.0,13.629285793556733,13.485228522453616,3163.612,-5.319485397273138
202303,104.0,26.0,20.0,13.943867712275994,13.510992892214432,1360.042,11.463642415397496
202301,273.0,74.0,92.0,15.633816205420882,15.00429987432496,5233.971,19.76733996968774
202306,155.0,39.0,60.0,12.906418850816811,12.69017639915469,1444.66,-6.276933343152721
202403,120.0,1.0,15.0,11.512195198390485,11.512205205645746,67.972,-6.2918148135823255
202303,164.0,53.0,27.0,14.628998832890124,13.456661824484689,1576.83,10.26396913421897
202407,105.0,21.0,13.0,11.088078740928163,11.081665512036867,187.715,-6.2918148135823255
202408,150.0,62.0,27.0,11.810463804445373,11.810471230858898,581.328,-3.9888806492817697
202303,6.0,1.0,0.0,15.603149884382244,15.413805416533824,6796.928,-6.163963505379513
202406,81.0,17.0,26.0,13.825001377317609,12.755537082409221,4386.748,-3.3109009105533573
202312,384.0,78.0,102.0,13.764307785795253,13.273517572251313,2024.078,29.211850475891232
202208,139.0,40.0,62.0,12.660981672317682,12.639483605288737,911.443,-6.0666380197974155
202403,188.0,0.0,0.0,13.609431820926655,12.874542838377678,3257.818,-6.19812621862171
202303,181.0,25.0,64.0,13.828881763620725,13.098550078104688,1971.602,17.128792640128246
202407,212.0,30.0,99.0,13.899037036409231,13.500487435572664,3796.919,24.11218156597274
202210,171.0,25.0,81.0,14.089747903767252,12.660127897805102,2209.083,-6.2918148135823255
202403,20.0,9.0,4.0,13.408170693598287,12.078937893565179,675.243,-6.2918148135823255
202410,151.0,29.0,34.0,12.88221099251533,12.072632677297742,2041.822,6.515632793593049
202410,99.0,33.0,21.0,10.11139563120756,10.111436244467795,191.269,-5.974361424066473
202405,22.0,6.0,7.0,12.260115655981053,11.531040394395399,1009.499,-6.2918148135823255
202410,229.0,30.0,41.0,11.620837722164625,11.464816568685123,248.964,-4.332274510534346
202404,1175.0,551.0,167.0,13.015219049476762,12.934029382071758,2125.157,17.863096643788055
202403,171.0,68.0,27.0,9.034080406560824,9.034199674257309,222.96,2.372314607376355
202301,146.0,0.0,10.0,8.604287898267172,8.593598522618644,85.496,-6.256157534964052
202407,94.0,35.0,37.0,11.149269064420858,11.116068202827096,649.145,-1.8471271680558905
202301,66.0,19.0,24.0,14.733658364407532,14.340831219246597,8495.218,-5.158201050039138
202410,7.0,0.0,2.0,10.012610979554482,6.827629234502852,83.34,-6.275982941585651
202408,177.0,19.0,64.0,13.657674763100275,12.899579761305667,2837.011,-3.223259024302313
202303,107.0,12.0,8.0,10.516210702728278,10.197536811366069,332.324,-3.3646623698514615
202303,115.0,2.0,4.0,13.226600862699552,10.217495050155458,912.344,-6.20711335129225
202307,22.0,1.0,19.0,12.697437123688475,12.697440182639042,1546.24,-5.319485397273138
202210,63.0,13.0,15.0,11.19333984350544,11.193353608982997,446.834,-6.2918148135823255
202303,200.0,78.0,80.0,10.114072574602941,9.85250999777126,362.353,-5.035465046788473
202409,99.0,33.0,21.0,9.72865786150047,9.728717411895008,255.222,-5.974361424066473
202303,22.0,6.0,7.0,12.435778616985788,11.777019002613391,1027.215,-6.2918148135823255
202307,1433.0,530.0,168.0,13.150674800049574,12.809902155284618,2269.763,55.57582578214061
202207,1170.0,546.0,184.0,13.230097872940728,13.16159562895258,4357.92,34.580634525961734
202308,9.0,1.0,4.0,11.1324846217668,11.13249925095349,803.836,-6.212057287484245
202402,758.0,250.0,132.0,14.262851185440454,13.953142407214068,3086.191,22.619294298792227
202208,395.0,17.0,16.0,12.675141462975478,12.291543670119273,1777.16,-6.250263197204988
202404,37.0,7.0,8.0,13.913793587196828,13.712519455251478,906.345,7.5408917111295555
202212,95.0,22.0,24.0,12.34916815582329,12.242621523277252,341.74,-4.1062854763920225
202307,215.0,35.0,80.0,9.67401149314871,0.6931471805599453,716.163,8.768923743844367
202403,184.0,39.0,81.0,13.921673451630753,13.883997834993218,1725.062,25.017711254337407
202403,31.0,4.0,10.0,13.506514957380281,12.97912329330092,1677.436,-2.3815831789472504
202402,84.0,13.0,18.0,11.388212220796587,11.38822354896805,172.931,-5.851625420815807
202301,63.0,17.0,19.0,12.420558829753201,12.420562864524863,770.034,-5.2777956196861435
202311,48.0,6.0,13.0,12.330411919785782,11.961533073141895,245.039,3.431479349509548
202404,186.0,27.0,50.0,12.85406031312305,12.406496037688111,753.799,-5.894027246512613
202410,10.0,0.0,1.0,6.7464121285733745,6.322565239927284,6.305,-6.2918148135823255
202212,80.0,12.0,35.0,13.844271954984123,13.560690563789512,1261.992,10.271290411545868
202301,39.0,4.0,20.0,14.125891793991922,13.81355364445743,2619.958,-5.094275395937732
202301,166.0,29.0,72.0,14.45960876586676,14.364936895031045,2936.312,30.897573510738717
202212,892.0,190.0,174.0,14.546243943519618,14.419950014460204,4353.636,6.241062330234923
202402,106.0,20.0,45.0,11.961571383403943,11.906979041858415,461.912,-6.250263197204988
202307,85.0,20.0,39.0,13.85622630684066,13.574446132744903,3144.324,1.6866200005580119
202301,252.0,90.0,34.0,14.66651496916847,13.338232534351626,1813.276,-1.6575115969057244
202410,911.0,341.0,134.0,12.067517225014706,10.894607425030932,1355.475,13.288830261972516
202401,204.0,70.0,41.0,13.407585927709702,13.360808460875338,1294.049,-6.235381726775383
202311,563.0,247.0,213.0,14.24836058610774,14.140687817243153,3080.416,-0.0641371561697408
202207,114.0,16.0,58.0,12.869881124624621,12.307550131978612,990.177,-6.2918148135823255
202303,20.0,9.0,4.0,12.700320616176056,11.840421824375502,658.398,-6.2918148135823255
202406,215.0,35.0,82.0,10.088264425905146,0.6931471805599453,628.72,8.768923743844367
202404,383.0,109.0,70.0,12.113321189398622,12.110117757946444,531.323,16.10836944171433
202310,25.0,2.0,4.0,12.813651044422953,11.025588477273143,570.843,-4.3263801727752815
202303,300.0,88.0,99.0,12.978936326717768,12.633061121832585,961.572,7.366944453122665
202410,82.0,9.0,9.0,9.671744632408455,9.671807670199632,79.825,-6.2620518727231165
202210,412.0,178.0,150.0,13.182204633646528,12.401219933203322,2243.07,7.651948412724895
202405,103.0,15.0,31.0,12.272061676669288,12.271068874403577,436.316,-4.211915769625998
202303,66.0,7.0,20.0,14.34900293878227,13.27096612444497,2052.142,5.440063836229328
202403,17.0,5.0,6.0,12.864695666841458,11.08651757984214,390.174,-3.3748265646547635
202301,38.0,12.0,6.0,12.762056130346869,12.050704558296477,768.69,-6.2918148135823255
202309,179.0,1.0,0.0,11.392722002442628,6.804614520062624,583.516,-6.250263197204988
202404,254.0,57.0,29.0,13.142287565939093,13.086584892978095,612.041,26.84236999633857
202301,246.0,55.0,24.0,12.838561766214639,12.66550496990828,639.114,-6.256157534964052
202402,55.0,22.0,12.0,13.328774112726418,12.843614617167372,1467.737,-5.035244319432413
202211,702.0,388.0,116.0,14.660294976587178,14.32849465055947,4295.921,43.175014108411055
202207,60.0,6.0,5.0,7.515344571180436,7.515889085215125,50.118,-6.276933343152721
202403,163.0,32.0,60.0,13.243545075503455,13.234603970954144,1213.269,31.73209193536931
202311,11.0,1.0,0.0,7.468513271496337,7.469083884921234,0.399,-6.2918148135823255
202307,283.0,75.0,58.0,11.2885561627302,11.288568677983164,388.197,-5.219902464553458
202303,697.0,199.0,132.0,12.404206033840216,12.068447169285072,1268.795,6.421539117667766
202210,376.0,111.0,73.0,8.855092980028635,8.855235623206967,631.085,2.6501433395606853
202405,42.0,27.0,9.0,12.575941663594865,12.504843014967376,1032.544,-6.227889159480919
202208,85.0,20.0,39.0,13.965568014829849,13.688657387718312,3397.705,1.6866200005580119
202211,62.0,3.0,34.0,13.69046420818968,13.068454032559803,1402.532,-6.134200564520304
202208,67.0,25.0,21.0,13.92350091256233,12.183735007808458,6287.647,-4.3263801727752815
202303,38.0,14.0,9.0,11.80564731637462,11.679490199151745,276.158,-6.271039005393656
202301,431.0,7.0,31.0,10.734263968084111,10.567231668726757,228.329,-6.271039005393656
202405,293.0,91.0,32.0,12.28146300935381,12.21019911991188,423.929,-0.755002172457008
202407,63.0,4.0,52.0,11.26530990173153,11.208070105475565,341.062,-6.271039005393656
202207,439.0,11.0,17.0,10.090838109351523,9.992916837362552,235.488,-6.271039005393656
202312,35.0,12.0,7.0,14.510114676674212,14.129488104079469,670.833,-2.33857149424417
202208,22.0,7.0,10.0,10.983426575938616,10.934534521708471,251.085,-3.3748265646547635
202404,109.0,36.0,23.0,11.981196343870785,11.981202604690264,231.972,-6.20711335129225
202211,176.0,21.0,63.0,13.653657289218154,13.00947235630837,1457.135,21.201818048918973
202208,47.0,10.0,31.0,11.411767218509283,11.410859516261832,767.947,-6.2918148135823255
202212,333.0,43.0,64.0,12.690663117603844,11.988824183979482,700.739,-5.0525165420414595
202410,141.0,53.0,69.0,12.911481839381004,11.9430311517947,1184.193,-3.3748265646547635
202210,28.0,8.0,10.0,12.412790022908629,12.364199694825482,1353.493,-3.3109009105533573
202301,43.0,9.0,19.0,12.430950691738042,12.383858933522367,3302.888,-3.2950690385566825
202310,246.0,97.0,60.0,6.558197802812269,6.559615237493242,395.395,-3.119074589653231
202211,169.0,10.0,17.0,11.281674134261856,11.281686735941658,164.116,-6.276933343152721
202408,94.0,24.0,42.0,13.504905073629853,12.243724821479596,2206.622,-4.3420738835623
202211,32.0,7.0,13.0,10.508349818228501,10.396688774948379,170.969,-1.1942411636564554
202312,217.0,46.0,87.0,15.801093515764451,13.548004899151003,5505.298,-5.2070245063548795
202210,252.0,84.0,48.0,12.243840380544851,12.100901000923976,736.813,35.56444816749319
202207,264.0,48.0,64.0,13.776891343874155,13.27548266839007,3568.653,-1.0660806287415472
202303,481.0,104.0,38.0,13.480258776284856,13.300737151950186,1026.302,-6.2127869616952545
202208,143.0,9.0,30.0,13.534890159762753,13.28964912753867,3001.361,-4.313722941932763
202211,135.0,7.0,11.0,12.325494337855066,12.303108608041768,831.821,-6.192231880862646
202410,42.0,9.0,9.0,14.442249203333084,14.434018779267948,3775.019,5.0691749523701635
202303,27.0,6.0,12.0,13.229724290931541,13.057045886281736,1916.304,-3.359945094225159
202311,99.0,0.0,11.0,8.939449862164238,8.93958096672031,44.785,-6.2620518727231165
202303,32.0,8.0,7.0,4.553876891600541,4.564348191467836,22.41,-6.2918148135823255
202310,147.0,23.0,40.0,13.049590513596685,12.317251700608196,1290.439,25.353318183128998
202402,248.0,12.0,65.0,12.503696385431258,12.503700098327819,640.556,-6.2918148135823255
202303,63.0,33.0,14.0,8.662677858158219,8.6628507638386,365.905,1.4868205168911732
202210,233.0,47.0,72.0,12.161995358289246,12.155973374854613,687.3,-6.101636080813506
202406,265.0,49.0,65.0,14.00320018087552,13.48413013602443,3324.596,-1.0229307828288094
202212,179.0,28.0,38.0,12.339759651046382,12.203128315240724,417.07,-3.3242878156068856
202410,456.0,155.0,147.0,13.112086753323315,12.832470863726401,2027.268,16.267812682818693
202211,11.0,4.0,1.0,12.518248530325062,11.115145748438051,1563.119,-6.2918148135823255
202405,139.0,25.0,63.0,12.821744652810708,12.751690923821743,512.546,-6.261101471156047
202210,38.0,12.0,6.0,11.772516657255483,11.416304426365803,548.648,-6.2918148135823255
202402,163.0,38.0,57.0,13.062118558453653,13.05997081870806,471.369,-5.2860523582419505
202308,2.0,0.0,0.0,7.238496840894365,0.6931471805599453,136.277,-6.227889159480919
202408,377.0,56.0,86.0,13.070415131740903,12.63192191115944,1664.305,-6.000710953668257
202403,110.0,3.0,21.0,11.916782614338699,11.916789291711419,218.717,-6.2918148135823255
202407,93.0,0.0,16.0,12.188453333066624,9.56395062454207,103.796,-6.2918148135823255
202303,275.0,39.0,58.0,12.692570740054757,12.143260633118304,466.885,5.000014178111876
202308,178.0,30.0,107.0,10.139073376740225,10.139112881352395,780.128,-6.200998286177125
202408,577.0,217.0,208.0,14.697180859141476,14.590189337249175,8748.209,29.35816232483775
202303,384.0,110.0,84.0,9.628524252492122,9.628590074443766,1760.275,16.72996915564749
202407,179.0,11.0,7.0,9.366403507607771,9.366489054466115,93.38,-6.2918148135823255
202408,347.0,118.0,82.0,11.638315052871878,11.069633871321608,925.087,-2.679289547254068
202401,23.0,7.0,10.0,14.139219546902988,14.112744366989592,2613.56,-6.173680312261062
202301,247.0,96.0,60.0,9.930129483482549,9.930178167789173,720.948,-3.119074589653231
202301,44.0,11.0,21.0,12.830986487513576,12.830989164047732,4079.971,-5.0637827808675135
202407,334.0,73.0,78.0,11.794043541459363,11.786891399810871,479.738,-0.3139344081716535
202311,473.0,197.0,93.0,11.702520505730682,11.129114210756894,1264.351,10.461203517475537
202401,66.0,7.0,19.0,14.124993994201104,13.85001149663834,11239.556,-5.1708582808816566
202404,116.0,44.0,19.0,13.325356464934261,12.362465096424224,1379.024,-3.244034832490982
202303,114.0,62.0,18.0,13.166847139463174,12.389551865307016,1073.015,-1.2657087436482328
202210,74.0,18.0,17.0,11.690468958311083,11.646581849782901,210.517,-4.347155980963951
202401,484.0,114.0,83.0,12.165474584268328,12.165479791421916,858.055,2.4191832582522537
202207,259.0,37.0,35.0,12.465864373091026,12.45003399495477,2064.58,0.17982885910427182
202210,34.0,10.0,7.0,8.84505705350085,6.51471269087253,45.119,-6.2918148135823255
202308,123.0,45.0,27.0,12.262745941719581,12.130756251220724,730.189,0.110202385242129
202403,218.0,22.0,105.0,13.835787582520199,12.948866765979533,1327.84,-6.177350410433042
202301,82.0,9.0,23.0,12.152170688380808,11.778553627890593,256.177,-6.271039005393656
202310,129.0,4.0,14.0,11.872674678495935,11.854598439990614,502.19,-6.276933343152721
202212,205.0,16.0,13.0,10.466013387887635,10.048626318202366,282.352,-6.265956907992005
202410,36.0,7.0,9.0,11.857408387343598,11.537471725388228,450.329,-6.00779446309766
202401,218.0,22.0,105.0,13.954585307754947,13.003825306780769,1570.306,-6.177350410433042
202408,58.0,6.0,19.0,13.975663189987166,13.067902967734513,2886.553,-5.319485397273138
202303,175.0,36.0,25.0,13.696159293279297,13.338433974244657,736.247,-5.092051156350646
202407,371.0,249.0,54.0,10.005953884080618,9.513034202048402,342.163,-3.325561653626901
202409,99.0,2.0,4.0,8.55333223803211,8.553525120663627,36.669,-6.275982941585651
202307,210.0,35.0,57.0,12.787807703003857,12.722282746943003,1395.02,1.743522893459776
202409,22.0,4.0,7.0,13.37182631495583,9.28933637820268,672.791,-6.2918148135823255
202308,398.0,37.0,46.0,12.808214118737377,10.79567000106632,782.251,4.644679270390663
202301,95.0,14.0,57.0,13.387632649018894,13.3748373553698,780.494,-6.271039005393656
202303,36.0,12.0,11.0,13.886794403165744,13.47246939309888,2483.145,-6.084935653492442
202402,104.0,26.0,14.0,13.66551290902017,13.228671044372705,715.956,-3.3748265646547635
202404,79.0,21.0,27.0,13.294392144712852,11.639919284154665,676.431,-2.3817213401569073
202210,95.0,14.0,56.0,12.886233365857155,12.875692721531312,511.902,-6.271039005393656
202309,232.0,13.0,11.0,9.054388070202297,9.054504940418054,79.048,-6.250263197204988
202210,128.0,39.0,32.0,11.920794348360973,10.800473133352277,1095.083,2.492582972231549
202404,202.0,24.0,50.0,12.804310066107076,12.772195786074038,675.833,25.362498833797865
202301,150.0,24.0,42.0,14.648742237568035,13.828790981463303,1664.867,25.353318183128998
202306,556.0,234.0,162.0,14.013799783613258,13.694761126904288,6521.248,16.622141613227726
202212,61.0,2.0,10.0,14.08147602262724,13.380328750149417,2979.962,11.683737111780752
202301,615.0,199.0,76.0,12.210811399877347,0.6931471805599453,1382.668,5.172246158155062
202211,395.0,136.0,119.0,14.115455137613246,13.993786442049478,2634.319,3.5400494148997677
202402,652.0,289.0,155.0,11.097258494377467,10.190431852901,1927.637,12.779100144912695
202301,396.0,17.0,16.0,13.073091197083775,12.70859186645259,1736.64,-6.250263197204988
202207,33.0,8.0,15.0,11.603908112682099,11.43168287105436,405.649,-4.3263801727752815
202402,181.0,42.0,55.0,13.921590714618393,13.382317046412137,1288.945,20.104104962802445
202405,102.0,2.0,2.0,11.92661003390262,11.62438633556831,356.327,-6.2918148135823255
202210,253.0,61.0,97.0,12.750139603075967,12.22138481363178,1447.223,13.08523394510152
202405,123.0,26.0,28.0,11.915566589387291,11.390362272547103,204.318,0.061158201570327364
202208,200.0,87.0,30.0,7.605890001053122,7.606387389772652,346.778,-5.265276550053281
202410,433.0,136.0,161.0,13.349647146177793,12.769506848317521,4330.407,12.917884209610689
202406,143.0,63.0,67.0,11.77074866516396,11.767148991053261,797.576,-5.967055087077736
202210,99.0,0.0,11.0,9.098402718735318,9.098514556793926,42.893,-6.2620518727231165
202212,195.0,1.0,3.0,11.163921027335716,10.755964833678956,107.144,-6.208711580827649
202402,204.0,70.0,41.0,13.364628539862125,13.324049557087804,1301.01,-6.235381726775383
202301,28.0,0.0,0.0,15.98028769830123,15.32945665409914,9924.193,-6.100037851278107
202303,1.0,0.0,0.0,15.637100475382669,15.637100637151002,6054.087,-6.0717201171990665
202409,126.0,19.0,10.0,12.95989621127269,12.953416775787403,477.553,-6.258381774551138
202303,109.0,16.0,25.0,13.241627981662399,12.80117691577671,1178.201,11.274040334084452
202401,131.0,12.0,24.0,14.966208526999228,11.136397606756661,921.71,-6.2918148135823255
202210,165.0,13.0,8.0,13.22493621108483,12.43272603016685,1844.644,-6.20711335129225
202401,124.0,35.0,52.0,14.758403882133782,12.368153228968351,1928.785,9.747246737318589
202309,59.0,9.0,5.0,8.5657928612523,8.565983355585669,36.28,-6.2918148135823255
202404,318.0,72.0,103.0,14.962990785555059,13.196204742593,3661.403,24.90548162687338
202301,107.0,12.0,8.0,10.97164063371953,10.74477452654493,452.012,-3.3646623698514615
202210,399.0,129.0,53.0,10.706251179419397,10.69014784459452,656.127,-3.026880560068692
202409,43.0,8.0,15.0,11.397189083487625,9.656883441842194,375.526,-6.2918148135823255
202310,262.0,102.0,49.0,10.1208946819984,10.120934911305456,288.937,-3.9969992266279197
202405,363.0,82.0,80.0,13.959373644357447,13.327903289874058,1989.115,11.719345031803117
202406,171.0,8.0,42.0,11.065105938780365,11.065121587620395,264.497,-6.2918148135823255
202401,56.0,4.0,4.0,10.119968960976788,9.77815106122483,76.545,-6.2918148135823255
202303,175.0,36.0,26.0,13.31913009862978,12.994354990580158,675.245,-5.092051156350646
202303,29.0,9.0,15.0,12.97646554892279,12.66682107726157,846.91,-6.258381774551138
202408,5.0,3.0,0.0,10.649725161670181,10.64974886874556,248.083,-6.27185124575107
202308,327.0,44.0,71.0,12.892653313660341,12.787209471403303,1667.164,-6.256157534964052
202207,20.0,3.0,4.0,12.457733680402741,12.412639560439581,929.233,-6.20711335129225
202402,49.0,2.0,3.0,15.236820891229284,13.546203951106861,7589.769,-2.402497148345576
202210,18.0,3.0,0.0,12.732840513716917,12.294522986714059,1456.851,-6.0682030417823185
202409,248.0,65.0,87.0,13.996507070608173,12.893641797776057,2186.7,-3.271848263424867
202303,332.0,118.0,130.0,13.338305057387794,13.129291323669028,1785.171,13.042065419641522
202301,30.0,14.0,10.0,12.290482725411627,12.290487320672534,332.498,-2.182402451962317
202409,215.0,41.0,106.0,12.924534196568501,12.300236714254584,2541.201,2.0580223691775323
202309,34.0,5.0,5.0,12.199420569449796,8.708309295891688,526.901,-6.2918148135823255
202410,78.0,4.0,7.0,2.5649493574615367,2.6390573296152584,27.905,-6.291742704741504
202301,142.0,16.0,43.0,13.371966564569206,12.944441726811032,1706.589,-0.5883429704170613
202312,168.0,62.0,35.0,15.19640285417017,15.07170420637051,1237.824,-3.149395835963297
202211,716.0,291.0,152.0,12.330985757228971,12.317171167298682,2613.788,40.81900491177231
202212,37.0,4.0,11.0,12.292277864328257,10.17865413191749,622.965,-6.226718030557788
202312,319.0,24.0,104.0,15.743047665949328,14.479662407502946,9106.938,-1.0619548661165972
202208,6.0,2.0,2.0,9.318117964149614,9.318207742845189,565.011,-6.2918148135823255
202301,326.0,44.0,78.0,12.881445290824281,12.212839697300593,1658.774,-6.194456120449732
202211,75.0,14.0,16.0,11.950954563951656,11.8959404442408,652.731,-6.036112197176701
202409,2.0,0.0,0.0,7.160845906664299,0.6931471805599453,906.537,-6.2918148135823255
202405,95.0,21.0,24.0,11.899656175022143,11.885454072832127,214.317,-3.886190780008764
202406,343.0,59.0,38.0,11.547046659189387,11.527676136916137,200.788,-4.296617231916073
202407,70.0,18.0,45.0,12.41755648583306,12.16648426479545,1559.477,-6.2918148135823255
202211,66.0,4.0,16.0,13.560807967768351,13.204645422044065,1714.191,13.636451673312243
202407,98.0,19.0,44.0,12.4933283771116,12.443351816550603,1178.272,-5.319485397273138
202301,187.0,28.0,51.0,14.96572745922206,14.447511855874959,1818.929,14.664651014809719
202210,94.0,22.0,44.0,13.342439829976254,12.330826881363645,1585.184,-4.3420738835623
202404,101.0,9.0,28.0,13.104749153805072,11.967777384615205,607.599,-6.220500256345779
202407,111.0,28.0,61.0,12.020242942380332,12.007438763243915,979.611,-1.9261143207481028
202403,336.0,129.0,72.0,12.074556364061836,12.041203898548972,1040.87,7.275651466509288
202303,323.0,103.0,51.0,13.04752775596268,12.967842962566838,973.239,-0.39599716656381734
202312,498.0,13.0,17.0,12.7471548862608,12.409617388775654,1018.358,-5.084509230460275
202212,151.0,27.0,73.0,13.653185727275165,13.388357967335844,2888.014,-2.3049177278569215
202208,33.0,15.0,14.0,13.120329310091334,12.998191476341047,2198.826,-6.00779446309766
202301,376.0,111.0,73.0,10.72046610728666,10.720488195263071,1165.961,2.6501433395606853
202210,18.0,2.0,5.0,11.52990056917619,10.05371626578282,374.693,-6.2918148135823255
202208,571.0,131.0,272.0,14.50391350241202,14.43357906462273,6232.187,19.131526467754497
202404,228.0,27.0,95.0,14.063959217182129,14.055145377719544,1860.882,8.823099383513728
202303,131.0,24.0,15.0,11.187361516056548,11.187375364074551,158.74,-6.250263197204988
202404,106.0,14.0,23.0,13.686163541471593,13.130714410259971,1172.645,11.274040334084452
202402,30.0,1.0,10.0,11.935214913468695,11.635735842340637,335.954,-6.276933343152721
202403,275.0,9.0,1.0,11.357031600011553,10.451348811602948,361.317,-6.256157534964052
202402,85.0,24.0,20.0,13.42276126017419,13.391819359172755,1284.562,-5.943868808996254
202404,139.0,39.0,64.0,13.244239358852072,13.215966646719997,651.57,-6.0666380197974155
202212,161.0,14.0,34.0,12.381877179252262,12.264883859409986,462.177,0.5144911005819859
202211,51.0,5.0,12.0,11.926338901260888,11.472343025087802,686.225,-6.2918148135823255
202208,193.0,54.0,66.0,11.133040380464834,11.001399596089845,1253.262,-2.217969354527434
202310,953.0,258.0,194.0,13.314268861300132,13.086692675497948,2470.077,35.13791786138572
202307,103.0,44.0,12.0,11.46052629617102,11.335316785104778,428.015,-6.227889159480919
202401,102.0,2.0,2.0,12.83314145332266,12.663161993257473,561.513,-6.2918148135823255
202405,166.0,27.0,75.0,13.697058048260141,13.643404643359975,2085.427,30.897573510738717
202403,80.0,30.0,20.0,14.046092773685135,12.65546851094428,845.085,-4.347155980963951
202402,88.0,18.0,41.0,13.57274193858931,13.420706419235007,1941.955,-6.19812621862171
202306,160.0,35.0,44.0,10.990482621864047,10.276429468938732,615.974,1.595390582281393
202301,550.0,27.0,60.0,13.269939923462722,12.977427774699098,847.355,-6.203717982782034
202401,529.0,161.0,90.0,12.766653681749263,12.754919224566157,747.444,-4.156756520839071
202312,324.0,21.0,22.0,11.921366141679922,11.921372788516859,216.273,-6.2918148135823255
202405,25.0,13.0,11.0,12.843950215572862,12.835307775345653,976.216,-6.2918148135823255
202401,50.0,18.0,19.0,15.37267343109906,14.960904646180696,5076.555,-3.1042424778195348
202408,139.0,25.0,63.0,12.330447242369278,12.279290578859683,890.893,-6.261101471156047
202212,127.0,26.0,51.0,13.682104871724087,12.918801840817842,639.926,-6.174409986472073
202410,109.0,21.0,12.0,10.17789439778788,10.12165876222378,60.182,-5.319485397273138
202408,86.0,22.0,34.0,11.330167813100637,11.325667745345328,512.362,-6.276933343152721
202409,33.0,7.0,8.0,10.040593797754127,6.7580945044277305,139.059,-6.271039005393656
202210,153.0,5.0,35.0,11.609625587447441,11.60963466568826,222.597,-6.2918148135823255
202208,96.0,9.0,28.0,12.035118237211297,11.524755216723806,1498.52,-1.4301677320363888
202410,1123.0,96.0,420.0,14.19493554600152,13.744456993278211,3888.466,-6.210336061542477
202207,8.0,2.0,1.0,12.828032584447374,0.6931471805599453,2788.622,-6.2918148135823255
202303,194.0,22.0,63.0,13.047801456077424,12.775004900102946,1410.506,-6.088978849970988
202210,49.0,20.0,11.0,12.370463571748214,12.362473648622565,736.8,-6.148131633382839
202303,391.0,72.0,144.0,14.504181736154722,14.315234384193712,3597.209,16.171416803089485
202309,67.0,6.0,12.0,12.807186770643154,9.084890521258767,461.762,-6.276933343152721
202404,85.0,4.0,22.0,12.422151299122262,11.89111529494331,710.451,-5.595873445814275
202303,264.0,19.0,58.0,11.958143196024626,11.95814960285174,703.658,-6.250263197204988
202402,70.0,12.0,22.0,14.422565938593973,14.028915643980223,3500.828,-4.165908065898695
202404,8.0,2.0,1.0,13.165970609546667,0.6931471805599453,1639.932,-6.2918148135823255
202310,239.0,66.0,125.0,12.692985627449513,12.534559512354289,1949.662,-5.262101908899125
202403,105.0,14.0,52.0,13.536045301495285,13.406433434375225,1772.122,-5.718692015211344
202303,235.0,36.0,99.0,14.631659134822002,14.248632985264987,3170.183,21.567585947895616
202307,31.0,7.0,8.0,12.123185479551445,11.946258626420866,502.4,-6.1422507854609
202410,52.0,4.0,4.0,9.001222992395064,9.001346243766392,20.99,-6.271039005393656
202406,286.0,50.0,147.0,13.5529983825585,13.515338813259273,2568.602,-5.304603926843534
202306,71.0,7.0,47.0,12.073141072977618,12.07314678382051,760.298,4.403808765818736
202410,66.0,16.0,0.0,10.001249270318624,10.00129461253904,112.599,-6.261101471156047
202403,92.0,16.0,25.0,12.051673601529753,11.667713084765294,406.534,-6.152904504072394
202303,106.0,24.0,24.0,13.959416943735416,12.987349743946275,1135.276,12.264191644784214
202210,61.0,25.0,27.0,11.713872485887348,11.413127228891343,1033.792,-6.2918148135823255
202402,34.0,4.0,10.0,14.914107846519883,14.561903675264242,2245.404,-5.20629483214387
202307,141.0,43.0,61.0,13.5476245768396,13.280912939375968,4782.302,11.064435797459288
202208,110.0,22.0,33.0,12.50795713450596,12.507960831616483,784.021,-6.235381726775383
202207,193.0,54.0,66.0,11.44157982789968,11.309621304982276,1101.884,-2.217969354527434
202208,268.0,18.0,148.0,14.372884406058198,14.343807269570089,3148.033,13.747985672646768
202210,97.0,12.0,34.0,12.123999962182832,11.563361892352079,615.645,-6.276933343152721
202210,412.0,178.0,150.0,13.182204633646528,12.401219933203322,2243.07,7.651948412724895
202401,62.0,10.0,11.0,12.990656604861975,12.578394535045083,684.859,-3.055148935551825
202303,46.0,17.0,20.0,12.791431365357626,12.70838614372979,1517.387,-4.1062854763920225
202311,72.0,24.0,5.0,11.492416588338688,11.38198499870963,235.24,-4.283230326862545
202401,263.0,43.0,106.0,13.544155799852465,13.273897494157005,1496.149,11.697191721435113
202312,182.0,20.0,27.0,12.97617392275769,11.976942460028008,679.995,-6.222807062079268
202301,115.0,2.0,3.0,8.472405008626103,8.47261414801827,73.289,-6.256157534964052
202309,70.0,24.0,12.0,12.583416018321314,9.849928535441565,868.23,-1.2100730356531297
202306,151.0,64.0,26.0,11.137722794988953,11.137737347746336,403.909,-4.009656457470438
202210,39.0,6.0,20.0,12.320588126316743,12.040732091933748,813.922,-0.3939126616257953
202301,99.0,32.0,42.0,11.878616640260661,11.61685295433617,1208.447,3.5751625297090346
202408,96.0,35.0,20.0,11.181012817605032,9.85665796517933,314.561,-4.02752771045692
202207,56.0,8.0,19.0,12.17993398792048,12.179939120323649,512.279,-1.2481075766137195
202210,72.0,15.0,21.0,11.773742379062202,11.310980624797013,380.498,-6.222586334723208
202407,74.0,14.0,40.0,12.47395626567706,12.1500471191426,1115.559,-6.275982941585651
202401,489.0,183.0,117.0,13.226597258647876,12.935939818893209,1408.959,7.561896056581039
202406,262.0,101.0,51.0,10.371551802400813,10.371583112575056,295.376,-3.9969992266279197
202403,22.0,5.0,14.0,12.177709178590648,11.870998431220212,496.717,-6.2918148135823255
202409,124.0,15.0,23.0,12.100656572773525,10.443541826962248,709.572,-2.0850437588297233
202308,1.0,0.0,0.0,11.188136709893818,0.6931471805599453,233.483,-6.2918148135823255
202212,54.0,1.0,1.0,12.165599548471453,12.165604754974376,1948.575,-5.780409580771076
202211,70.0,18.0,44.0,12.395009771113124,12.124548007005997,1108.982,-6.2918148135823255
202210,255.0,51.0,91.0,13.420555030240697,13.31717164966713,1930.765,-5.1969984727612335
202308,4.0,1.0,0.0,9.66179808393482,0.6931471805599453,1031.752,-6.2918148135823255
202306,176.0,21.0,26.0,12.720538635116673,12.512225576514716,1561.392,-6.227889159480919
202406,152.0,56.0,22.0,10.526292737664825,10.525058169606785,321.435,5.297421433650069
202410,3.0,1.0,0.0,11.701104831248342,10.627842660220267,501.153,-6.227889159480919
202301,181.0,122.0,26.0,13.994476490944866,13.916390651504283,1289.321,-5.999504516991357
202303,698.0,200.0,131.0,12.23868987281425,12.002523366474406,1173.698,6.421539117667766
202405,219.0,43.0,84.0,13.409038943498484,13.250529653495335,1499.316,4.864773966773923
202309,5.0,0.0,0.0,12.010130751641109,0.6931471805599453,891.019,-6.2918148135823255
202312,366.0,74.0,70.0,12.548502102625513,12.548505652835242,525.144,8.973407295587013
202406,576.0,153.0,107.0,12.348157973709522,12.344720924534158,749.524,3.708390266157201
202308,22.0,1.0,3.0,12.302945240491646,10.892433773649802,968.557,-4.347155980963951
202301,109.0,22.0,47.0,12.357187292699418,12.357191591435804,557.179,-2.7145424755049867
202403,63.0,17.0,20.0,12.397754425104372,12.397758552943552,604.473,-5.2777956196861435
202210,61.0,8.0,22.0,13.020642895444873,12.652692492792957,924.083,-5.2809702608402995
202310,204.0,81.0,49.0,11.110700103211892,10.97026511768422,564.91,6.5495342670106105
202308,50.0,12.0,11.0,13.965131565727992,11.486047466161981,2157.477,-6.2918148135823255
202408,671.0,265.0,60.0,6.994849985833071,0.6931471805599453,918.969,10.48406383060223
202406,505.0,171.0,267.0,14.415331190021815,14.199299765294578,6813.131,-4.777110945824491
202301,29.0,11.0,13.0,12.597766699776582,12.597770079325242,1080.82,-6.20711335129225
202301,25.0,5.0,9.0,14.018669337394986,13.588868393634652,1362.414,-4.313722941932763
202312,45.0,5.0,14.0,14.188696246304978,13.788155805020608,2220.945,-4.313722941932763
202409,181.0,24.0,30.0,12.920592298965056,12.417758810954032,1908.051,11.471760992743645
202210,551.0,70.0,96.0,12.912619646153136,12.77882181185556,2360.922,-5.007106295252184
202307,86.0,22.0,34.0,11.26429742511463,11.26431024768235,367.986,-6.276933343152721
202406,74.0,12.0,6.0,11.965522219810664,11.726681087253713,529.18,-6.2918148135823255
202207,109.0,16.0,25.0,13.058517949355576,12.320151049727723,1732.947,11.274040334084452
202312,299.0,37.0,113.0,15.32538622335549,14.84670765851969,6532.596,54.42601334803218
202303,224.0,12.0,90.0,12.67585437515801,12.529112209263008,819.823,7.807344037147072
202212,55.0,17.0,34.0,12.673977198255447,12.491826610376565,865.504,-6.2918148135823255
202404,205.0,16.0,13.0,10.991140000967896,10.369890958749371,226.302,-6.265956907992005
202210,95.0,28.0,33.0,12.83958128044074,12.746418235832156,1836.344,0.07898009596090105
202307,147.0,66.0,20.0,11.477919855771413,11.47389353399647,135.844,-2.635735350973976
202301,214.0,43.0,130.0,13.027373346346925,12.987214677643395,1069.575,-5.255559743171732
202301,55.0,17.0,34.0,13.080399064019575,12.92182978365442,1247.627,-6.2918148135823255
202306,105.0,35.0,13.0,10.11147685607866,10.11151746604029,200.379,13.884065353254256
202303,17.0,6.0,1.0,14.871915517979756,13.981913584581292,2505.6,-4.2193046727611385
202410,84.0,5.0,9.0,12.25900185108508,8.771835409789817,405.885,-6.171456072673977
202212,277.0,57.0,33.0,13.155904530811021,13.084732120396104,529.221,-5.205668822092183
202402,911.0,308.0,120.0,13.721596503123788,13.708296102599542,2678.985,16.058980325051195
202406,101.0,15.0,16.0,9.834405391348684,9.834458966125691,124.967,-5.271170887812346
202310,87.0,8.0,41.0,10.773629628384302,10.773650572766497,254.257,-6.186337543103582
202406,406.0,33.0,172.0,13.621374686177594,13.576312571098622,3545.538,-6.165341007558852
202306,461.0,58.0,159.0,14.011634751915672,13.944252876256844,2813.21,-6.2867327161806745
202410,22.0,6.0,11.0,11.11225384969613,11.11226877785437,186.554,-6.2918148135823255
202309,60.0,0.0,1.0,12.300823578075807,9.816130661317876,1099.057,-6.275982941585651
202310,529.0,187.0,98.0,12.525326056819273,12.402638107860021,933.926,13.453410942262527
202312,20.0,9.0,1.0,12.93724992689958,12.744753679841894,1958.781,-5.122626337567269
202312,104.0,26.0,14.0,13.805672320828371,13.412444569665332,621.202,-3.3748265646547635
202410,61.0,6.0,24.0,11.343476697158906,11.05469229132341,165.242,-6.2918148135823255
202401,245.0,54.0,24.0,12.885029619654071,12.680982967247608,594.432,-6.256157534964052
202307,164.0,63.0,40.0,10.911627938040162,10.628230294685824,376.793,-4.2689966844012694
202308,185.0,77.0,47.0,11.649377588105729,11.631614756519328,1347.41,3.5281083684311323
202404,85.0,9.0,25.0,13.385926922447302,11.992495688085176,733.124,-4.216364248800169
202312,195.0,1.0,3.0,11.37701409959889,10.921088609106748,104.111,-6.208711580827649
202306,153.0,38.0,44.0,13.635917276041479,13.633971894629244,1969.937,10.74701561549393
202310,7.0,0.0,0.0,13.729024134071745,13.660043178334833,1373.163,-5.319485397273138
202408,149.0,26.0,12.0,13.226476515410027,12.846457031463146,4002.787,-6.22494873551995
202208,33.0,8.0,6.0,9.484557193474393,9.484633207308947,274.949,-4.134603210471063
202312,375.0,124.0,144.0,13.587438632138625,13.169231696011062,1189.702,9.427032952002968
202407,49.0,7.0,25.0,12.813373225031008,12.325680681526576,1215.447,-5.109886540578346
202407,258.0,55.0,96.0,13.357781684714114,13.013895817658007,2555.03,-0.45783831572720146
202303,115.0,2.0,3.0,7.841885928984623,7.842278779117352,60.059,-6.256157534964052
202310,105.0,10.0,21.0,12.608994522365556,12.13291037990119,806.431,-6.1429669698347835
202409,197.0,38.0,18.0,10.773378261575965,10.130423902089033,495.271,-5.2049488852830335
202307,424.0,148.0,68.0,11.715041479092347,11.681384715771033,946.791,3.147520303791616
202303,116.0,34.0,25.0,13.342869854693257,13.21984029903636,751.645,-5.255559743171732
202301,27.0,13.0,7.0,13.072763385412845,12.934263558562233,467.836,-5.265276550053281
202406,63.0,3.0,34.0,13.741485043949249,13.262029663030614,1852.776,-6.124036369717002
202405,450.0,230.0,83.0,12.182025824371621,11.98991712098359,1463.567,18.526015812212542
202407,12.0,6.0,1.0,9.832796811913358,7.710653323501202,89.083,-5.319485397273138
202405,419.0,190.0,98.0,12.596488411561614,12.523489475616227,621.34,-1.734922873252474
202306,105.0,20.0,14.0,11.065794256184425,11.065809894256876,153.924,-6.2918148135823255
202408,120.0,53.0,54.0,13.04685504058215,12.906838232198208,2300.913,-4.287865036342443
202402,36.0,13.0,8.0,8.822027322685583,8.82217476094608,42.616,-6.2918148135823255
202210,833.0,345.0,378.0,13.79413062737903,13.484203956447232,6390.461,1.8852596003403246
202307,215.0,98.0,46.0,12.325933520981524,12.301814550309677,757.287,-0.9199376200533393
202303,16.0,6.0,4.0,13.379973280864402,13.138592962313727,1592.938,-6.258381774551138
202410,156.0,4.0,24.0,10.23860172454777,10.238637486729267,164.561,-6.2867327161806745
202208,527.0,119.0,137.0,14.275887372769763,14.073084907545145,5100.229,55.153605188912884
202403,88.0,32.0,19.0,10.753403411543824,10.753424783860263,404.944,1.8350592788815394
202312,383.0,109.0,70.0,12.777266858339006,12.772079396258867,539.468,16.10836944171433
202405,70.0,6.0,15.0,13.483730296790695,12.239130174452173,2273.676,0.003126885227985987
202407,31.0,7.0,8.0,11.928261692873656,11.764578724730153,481.644,-6.1422507854609
202301,55.0,17.0,34.0,12.978033317047784,12.822306383821147,1130.847,-6.2918148135823255
202301,41.0,2.0,6.0,15.22568940034631,12.16563599342266,4573.351,-5.319485397273138
202408,19.0,6.0,1.0,14.283772671651707,14.110169981986123,4661.074,-3.246975256451951
202401,29.0,4.0,11.0,14.151193912070914,13.790542432423695,1848.821,-4.029702591448098
202405,281.0,2.0,5.0,9.494917629474484,9.4949928598676,55.755,-6.2918148135823255
202303,205.0,81.0,49.0,11.339321796715996,11.136528747609411,482.614,6.5495342670106105
202212,254.0,57.0,29.0,13.608246507362237,13.54206795468178,638.741,26.84236999633857
202212,179.0,21.0,61.0,14.030194426856692,13.224818877587696,2156.449,-3.256692063333501
202310,89.0,30.0,23.0,11.982235103460077,11.863856946761896,345.324,-6.2918148135823255
202303,539.0,177.0,89.0,13.811248488234934,13.510089407632947,1220.92,-2.8203257914941924
202406,196.0,46.0,74.0,12.733032411214719,11.917863767674122,1183.989,-1.1291443806319181
202407,159.0,25.0,27.0,10.638448235909484,10.638472211837653,497.133,-6.1833971191426125
202407,341.0,75.0,160.0,12.68354828961461,12.68177252032079,1128.882,-6.039817603102448
202303,75.0,14.0,16.0,11.908993222636704,11.832614796056989,617.827,-6.036112197176701
202407,19.0,6.0,1.0,14.172303494941554,13.929472970994867,3813.629,-3.246975256451951
202402,582.0,248.0,165.0,13.178055383260112,13.154960278393293,1863.9,8.059934435594464
202208,59.0,6.0,14.0,15.056914109024394,14.13396647089861,16345.41,-6.227889159480919
202406,176.0,5.0,14.0,12.622939176362781,12.59949553631555,1350.884,-6.163963505379513
202212,36.0,12.0,11.0,13.741240572687135,13.332651855182187,2870.733,-6.084935653492442
202402,189.0,46.0,19.0,13.108917383835333,12.453842465770649,687.186,-4.139547146663057
202401,412.0,176.0,152.0,14.514300289350409,13.345113251237727,2688.404,7.651948412724895
202410,17.0,3.0,0.0,8.101374671228582,7.440733707389261,38.18,-6.2918148135823255
202406,60.0,7.0,32.0,12.993843406602723,12.960340795294043,2104.311,-1.2993759998726073
202303,219.0,68.0,84.0,13.44044176536316,13.41456123831813,1357.271,-2.134087942501525
202207,376.0,251.0,54.0,10.333124812615278,9.924465958921319,392.8,-3.325561653626901
202402,6.0,2.0,4.0,13.456465665056559,13.456467097016619,1578.061,-6.2918148135823255
202210,350.0,43.0,109.0,11.842890863676745,11.728939662730653,527.841,-2.1624388841310616
202405,202.0,6.0,26.0,11.670416274633675,11.254245405477397,325.706,-6.256157534964052
202309,123.0,60.0,44.0,14.100925562558588,13.569320975200617,3663.853,-0.3939126616257953
202311,127.0,26.0,26.0,11.110191623555078,11.105468374181271,271.779,-6.201948687744196
202208,146.0,0.0,10.0,7.033506484287697,7.002155954403621,89.522,-6.256157534964052
202307,323.0,57.0,77.0,11.899737684579183,11.220713146431915,968.443,-6.2918148135823255
202308,31.0,0.0,1.0,7.865955413933502,7.866338923046544,3.645,-6.2918148135823255
202310,479.0,10.0,28.0,10.202702860801582,10.202739930102645,109.928,-6.241276064534448
202207,254.0,29.0,95.0,13.743009755160191,12.891321214021758,2698.099,-4.274891022160334
202404,325.0,81.0,95.0,14.282209984339154,13.993275917704791,1690.403,15.731398700290532
202210,153.0,61.0,18.0,10.816613281067127,10.816633344266204,400.138,6.4282251245351905
202301,53.0,8.0,16.0,12.296872669856613,10.999229057779218,276.6,-6.237605966362469
202310,279.0,25.0,28.0,12.553753261499324,12.544574962999292,732.526,-5.947218290822283
202211,64.0,17.0,29.0,12.484143679562598,12.389897238865238,1138.561,-5.958220325357702
202208,391.0,115.0,151.0,14.719370344804382,13.32087155449002,5372.585,2.1936498204639037
202311,264.0,19.0,58.0,11.674278715327986,11.674287225205827,714.308,-6.250263197204988
202408,51.0,12.0,9.0,9.105313134108476,9.105424202026622,173.61,-3.3748265646547635
202211,76.0,9.0,7.0,12.719985498895023,12.311063092721112,872.996,-6.2425499025544635
202301,42.0,8.0,22.0,13.321481413569183,12.040802877118438,842.13,-6.2918148135823255
202208,74.0,21.0,33.0,12.262207202073744,12.238965688832199,913.477,-6.276933343152721
202402,105.0,21.0,14.0,11.543018105277397,11.543027808786672,177.301,-6.2918148135823255
202409,191.0,31.0,41.0,11.620146249254933,11.116469651019651,1187.322,-6.015287030392124
202405,115.0,3.0,2.0,10.313044278547546,10.313077475221242,68.507,-6.271039005393656
202309,227.0,69.0,33.0,11.23927778148225,11.128732492137603,387.215,-0.017648922960683322
202402,160.0,15.0,32.0,14.202309872336045,14.15912579394331,3010.729,72.59255214458024
202404,1.0,1.0,0.0,12.787950219424925,12.787953013661532,2006.367,-6.2918148135823255
202406,5.0,3.0,0.0,10.8933446813672,10.893363262683687,170.777,-6.27185124575107
202212,33.0,4.0,10.0,14.054850240980551,13.873032017006448,2040.336,-5.20629483214387
202210,35.0,1.0,13.0,12.509870409818129,12.390325669173876,1051.808,-2.60771871543789
202312,219.0,66.0,84.0,14.12413358016556,13.972897139467056,1553.86,-2.134087942501525
202301,204.0,18.0,46.0,15.498083869756464,12.214209451753055,1727.09,-4.26834885643294
202406,62.0,8.0,18.0,11.320638417208192,11.320650537318485,244.708,16.189896262850247
202311,892.0,188.0,179.0,14.148620720571792,14.110560917790881,3691.84,6.241062330234923
202403,38.0,2.0,3.0,14.047864364362928,13.613349085178925,5600.126,-5.969246119114326
202210,76.0,40.0,19.0,13.833552813184925,13.594866380611128,5199.928,-5.183611567707706
202405,204.0,70.0,41.0,12.907944158189096,12.859808294732202,954.668,-6.235381726775383
202409,456.0,155.0,147.0,12.720299478620491,12.518116788144319,2933.862,16.267812682818693
202210,78.0,28.0,24.0,13.59749632915448,13.171081158001753,3437.794,-2.108279395507113
202408,102.0,2.0,2.0,11.73431547973749,11.320856556721393,611.712,-6.2918148135823255
202402,460.0,100.0,109.0,14.917521730543347,14.736317476498128,3229.999,46.19891702469078
202301,110.0,21.0,37.0,14.168974050709366,13.302906687387525,2804.843,-6.2918148135823255
202211,314.0,87.0,56.0,10.719604295439757,10.719626402459841,451.253,-1.287434953403972
202307,421.0,17.0,23.0,11.516150259725842,11.224536476045198,1008.792,6.568562294820367
202311,16.0,4.0,2.0,12.152234009243472,11.682507889149141,726.229,-1.4152862616067843
202210,146.0,22.0,61.0,12.205267321343682,11.326752501020108,934.35,0.04627673114072284
202404,115.0,3.0,2.0,10.955322649645309,10.955340114301212,82.103,-6.271039005393656
202307,161.0,13.0,35.0,11.770926377695092,11.595205667583956,554.726,0.5144911005819859
202403,249.0,45.0,111.0,13.066950028288149,12.941587026165129,1000.557,-6.276933343152721
202404,472.0,196.0,93.0,12.495603008839572,12.052968084995939,1329.046,11.213438237401467
202208,53.0,13.0,9.0,7.346010209913293,7.346655163176539,177.068,-3.3748265646547635
202303,114.0,10.0,46.0,10.875156225259598,10.875175147630571,592.479,-6.227889159480919
202410,399.0,128.0,65.0,12.216067529846267,12.10929739303077,1422.129,22.46523328239502
202309,1.0,0.0,0.0,13.06418538514738,0.6931471805599453,416.95,-6.2918148135823255
202312,55.0,17.0,34.0,12.740458533705178,12.566777458627781,927.699,-6.2918148135823255
202402,43.0,15.0,8.0,11.668184102214495,11.668192664114894,443.06,-6.20711335129225
202301,80.0,21.0,30.0,11.972386212839405,11.50743039468825,197.173,-6.271039005393656
202303,55.0,15.0,19.0,12.164823476450524,12.158718949146703,591.222,-6.160479637513261
202311,282.0,77.0,64.0,13.473090669073159,13.289402077333765,2117.436,5.85710015846486
202207,341.0,116.0,53.0,11.024154831985069,10.92112475455604,680.942,0.910225478562376
202406,53.0,10.0,35.0,12.69494709552616,12.573493148598692,657.197,-6.258381774551138
202401,9.0,3.0,3.0,13.034117784538077,13.024260902770811,1012.259,-6.227889159480919
202402,46.0,17.0,20.0,12.921604900311705,12.861546515092353,2062.231,-4.1062854763920225
202312,13.0,5.0,0.0,12.548849963285981,11.706195204432575,781.85,-6.258381774551138
202301,5.0,1.0,0.0,13.701913996781732,0.6931471805599453,413.901,-6.163963505379513
202309,52.0,7.0,5.0,11.41261882361508,11.400820031185921,267.865,-4.347155980963951
202303,76.0,18.0,24.0,14.127141063734683,12.823709332401178,1919.773,-5.142369178042463
202309,5.0,1.0,2.0,10.525192435641708,0.6931471805599453,48.578,-6.2918148135823255
202210,381.0,6.0,20.0,11.814806256821822,11.074001810493316,585.341,-5.772818296284798
202212,247.0,96.0,60.0,9.346094292953802,9.346181594887597,482.479,-3.119074589653231
202306,345.0,65.0,59.0,13.078927553138822,12.878134075943793,857.895,6.344672656934748
202307,279.0,25.0,28.0,12.559145610123126,12.530681937704081,786.236,-5.947218290822283
202303,51.0,5.0,12.0,11.985357393509318,11.48047458469972,704.805,-6.2918148135823255
202211,102.0,2.0,2.0,12.247013033041702,12.105484059417746,379.569,-6.2918148135823255
202307,118.0,44.0,19.0,13.389088887032345,12.667684915594673,1758.249,-3.244034832490982
202301,153.0,35.0,30.0,11.939819328491687,11.939825853798459,552.924,4.951992948269529
202212,646.0,107.0,147.0,14.277822179424636,14.217052647755477,1527.675,-4.284828556397944
202210,67.0,25.0,21.0,14.262931737284559,11.976300926363226,4338.231,-4.3263801727752815
202311,14.0,5.0,6.0,11.305483003882102,11.195636055765789,457.134,-6.291742704741504
202208,324.0,22.0,21.0,10.718122010680352,10.71814415049327,261.956,-6.2918148135823255
202210,99.0,32.0,42.0,10.504519444188269,10.322987049608095,791.653,3.5751625297090346
202311,33.0,16.0,13.0,13.432908096396574,13.320343365248208,1504.464,-6.00779446309766
202212,323.0,57.0,77.0,12.679598190543249,11.880425604481117,862.155,-6.2918148135823255
202312,37.0,6.0,8.0,13.799080317772953,13.439633863309723,1153.094,7.5408917111295555
202407,89.0,38.0,22.0,10.747272105623404,10.747293609381186,350.041,-5.2860523582419505
202211,33.0,15.0,14.0,13.403955443353809,13.285340701823097,1473.573,-6.00779446309766
202310,125.0,39.0,40.0,11.876074407284445,11.87608136208865,437.146,-1.351368948644038
202303,17.0,3.0,7.0,11.818548138104472,11.818555504722642,196.25,-6.213007689051315
202309,77.0,12.0,31.0,13.405635239157562,12.664854166806949,6472.247,-5.078614892701211
202211,33.0,4.0,10.0,13.83810145129408,13.754189256022588,1608.05,-5.20629483214387
202303,161.0,36.0,56.0,12.818223955968216,12.768817817545823,351.153,-5.2860523582419505
202404,12.0,0.0,0.0,13.869196338074067,0.6931471805599453,3365.213,-6.2918148135823255
202408,50.0,27.0,13.0,10.686681083225299,10.484081746856743,466.337,-6.276933343152721
202403,74.0,26.0,20.0,10.833760081930702,10.833779804046097,142.506,-5.319485397273138
202210,439.0,11.0,17.0,10.519051498437694,10.288375733655462,217.593,-6.271039005393656
202309,57.0,2.0,0.0,9.986725151106183,4.290459441148391,5.403,-6.275982941585651
202301,44.0,3.0,15.0,14.100751904265799,12.056899556915694,1220.625,-6.2918148135823255
202212,56.0,18.0,10.0,12.438512848749479,12.373745769318308,883.431,-6.1222737277925185
202303,177.0,10.0,7.0,9.21453157659465,9.21463115339334,80.555,-6.2918148135823255
202406,486.0,36.0,184.0,13.731504841267007,13.277668248039898,2440.856,-6.2918148135823255
202309,89.0,7.0,34.0,10.730772192025304,10.72899982085141,437.301,3.759618194172992
202308,179.0,14.0,54.0,13.27830331270175,11.984103404443733,6670.373,-6.271039005393656
202401,68.0,19.0,25.0,13.699447417439973,13.689599201835255,1442.386,-4.021680070085478
202303,156.0,29.0,77.0,10.779164601524986,10.779185430302025,252.929,-4.021584014101947
202401,205.0,81.0,50.0,12.270918931803196,12.069702942998003,790.503,6.5495342670106105
202409,46.0,1.0,2.0,12.04112134845871,9.377463685012241,51.79,-6.2620518727231165
202401,205.0,49.0,40.0,13.50239443145565,13.01301045825467,987.887,11.497075454428684
202406,270.0,46.0,38.0,11.429859023751918,11.056982519372827,515.838,-4.221715142653951
202303,62.0,9.0,4.0,11.742702962920479,11.426899057284485,322.22,-6.2918148135823255
202303,40.0,10.0,10.0,12.930124809202107,12.687788666149599,1233.441,-5.260056291441973
202210,16.0,0.0,1.0,10.677407943118556,0.6931471805599453,1470.981,-6.227889159480919
202404,24.0,3.0,3.0,14.067610788532788,12.549346697270314,1425.607,-4.347155980963951
202312,16.0,5.0,2.0,11.86144625396559,11.600084331082803,571.653,-3.296019440123753
202308,28.0,1.0,2.0,7.560601162768557,0.6931471805599453,14.113,-6.2918148135823255
202406,65.0,0.0,4.0,9.61092693263324,0.6931471805599453,409.063,-6.2918148135823255
202405,16.0,7.0,8.0,10.234875457247977,10.234911352935114,224.679,-6.2918148135823255
202303,223.0,87.0,15.0,11.188053682148665,10.369545909419578,469.001,-5.155026408884982
202307,55.0,16.0,2.0,9.918031277976969,9.918080554839028,181.622,2.492582972231549
202306,171.0,46.0,46.0,10.38211018126202,10.236596998452152,263.753,-4.375180957638697
202406,383.0,109.0,70.0,11.66538042215789,11.664091695756527,502.799,16.10836944171433
202210,171.0,9.0,27.0,12.789296137197631,12.063137172830357,986.165,-6.243500304121533
202401,26.0,6.0,8.0,13.807154745191209,13.306879191720142,1282.463,-4.313722941932763
202406,323.0,57.0,77.0,12.16046316761092,11.62393002301314,796.274,-6.2918148135823255
202310,154.0,37.0,42.0,13.280878803566647,12.918953823580347,1284.708,-4.347155980963951
202301,7.0,1.0,0.0,13.447568087479462,10.445026651458063,1490.519,-6.227889159480919
202306,196.0,47.0,74.0,12.634642113753303,11.955101729670691,1161.343,-1.1291443806319181
202406,14.0,6.0,2.0,12.829440931482203,12.824609420045318,1326.75,-6.079262043089438
202310,165.0,13.0,17.0,11.764858590707275,11.729575982087773,701.712,-6.271039005393656
202210,230.0,19.0,31.0,11.840349749186634,11.192610001903745,319.933,-6.271039005393656
202208,187.0,58.0,38.0,12.623094054956397,11.415632320390161,2039.544,-4.19852886457247
202402,151.0,51.0,32.0,11.01308923600384,11.013105720380771,404.3,-3.852757740977576
202403,310.0,176.0,76.0,13.731686459836972,13.722912696496708,2045.29,-1.5450280345351386
202404,89.0,28.0,23.0,11.338941057363176,11.110685151617679,1400.873,-2.2878945839866356
202301,104.0,33.0,19.0,10.168463787452271,10.168502147925643,112.297,-5.287821653279789
202401,357.0,59.0,39.0,12.93096313376517,12.351587572924446,600.218,-6.2263945941048435
202308,29.0,2.0,3.0,12.296995944299923,12.2967311137899,365.213,-6.20711335129225
202301,267.0,52.0,126.0,15.64162845781626,15.282700340017467,7476.096,-2.2429820961494142
202409,2.0,0.0,1.0,4.875197323201151,4.882801922586371,1.317,-6.2918148135823255
202310,151.0,51.0,32.0,9.957738967368044,9.95555804482713,286.016,-3.852757740977576
202309,3.0,0.0,2.0,5.940171252720432,5.942799375126701,1.767,-5.319485397273138
202310,670.0,265.0,60.0,6.885509670034818,0.6931471805599453,722.45,10.48406383060223
202307,342.0,165.0,50.0,10.154946414830384,10.005186372360962,558.352,0.46426345494332466
202308,204.0,28.0,30.0,8.41604600941128,8.334471554600944,258.006,-6.1640671695388365
202403,265.0,47.0,65.0,14.883036294641931,13.675512587736733,3190.196,-1.0868564369302156
202303,752.0,144.0,332.0,13.602833293483961,13.578989171107887,2442.407,-6.12830622676124
202303,283.0,76.0,57.0,11.8675463006724,11.867553315041334,339.085,-5.219902464553458
202303,294.0,20.0,8.0,11.18386568806447,10.482597797038709,176.481,-6.2918148135823255
202306,143.0,9.0,30.0,13.321288003920388,13.158880438983296,2428.896,-4.313722941932763
202407,167.0,44.0,47.0,10.448598654268668,9.689675328650802,283.146,-4.595275654021956
202303,86.0,28.0,22.0,12.187903583239846,12.082904511222383,323.887,-6.2918148135823255
202405,25.0,8.0,14.0,13.49648641419137,13.394246805909315,2293.438,-6.275982941585651
202312,12.0,6.0,1.0,11.59511356195716,9.123038043573386,80.374,-5.319485397273138
202403,277.0,19.0,157.0,14.312492600001603,14.274865187344478,2149.589,13.469047419563752
202312,125.0,18.0,23.0,12.056713799838976,11.938820454589901,402.715,-1.3298686149428258
202401,28.0,3.0,6.0,13.626366178560735,13.056221438145364,3898.473,-5.828503362875808
202403,454.0,181.0,130.0,14.631695388924356,13.735586009976274,2974.274,3.833854928671535
202208,127.0,17.0,49.0,12.127262095105685,11.821123145780891,629.922,10.273978698504814
202402,16.0,6.0,4.0,13.461569017728687,13.246533085889206,1866.987,-6.258381774551138
202408,206.0,13.0,85.0,15.167952848942873,13.839925083111428,10045.396,1.1906070617284366
202407,25.0,4.0,11.0,13.168032485665657,12.963405159864376,3021.812,-5.319485397273138
202307,56.0,1.0,1.0,10.459726215828614,10.45975488349865,2151.741,-5.780409580771076
202303,52.0,3.0,3.0,14.574606514784413,12.836325286207869,6894.728,-1.4301677320363888
202212,29.0,4.0,9.0,13.735622838279479,13.36426901483947,1774.18,-4.029702591448098
202406,555.0,207.0,95.0,15.185773347411352,15.156111442723937,1147.02,27.94024569250825
202311,63.0,14.0,14.0,11.462999656200502,11.463010168076295,390.687,-6.2918148135823255
202208,177.0,52.0,52.0,12.09058883961812,11.72584896906108,1334.616,0.9374217605765827
202307,52.0,15.0,16.0,11.136922067011684,10.251711890471977,528.066,-6.2918148135823255
202409,402.0,33.0,24.0,9.3180281773931,8.983816112502495,117.137,-6.220500256345779
202310,215.0,19.0,65.0,13.545225607520239,12.204411266203508,1248.987,-0.5778139231780983
202307,372.0,63.0,90.0,13.518480932951983,12.610817494313855,2102.413,-3.1128033205812407
202404,3.0,0.0,0.0,13.20240670046229,12.359004010866986,976.834,-6.227889159480919
202301,199.0,21.0,79.0,15.303607161590136,14.819782130079997,3882.954,17.187116713874886
202312,51.0,18.0,16.0,13.184988819773091,12.168474615114855,544.938,-6.2918148135823255
202212,233.0,12.0,31.0,10.78344619516288,10.783466934951127,368.964,-4.715787417685535
202408,61.0,4.0,26.0,13.88218273873036,13.718662596379398,4042.293,1.7541048009794729
202303,195.0,44.0,29.0,12.151495016246109,11.958905320403062,394.934,5.537422529361923
202405,380.0,26.0,76.0,13.780066783190907,13.58447217431164,2131.063,31.67921662317398
202310,113.0,9.0,13.0,10.838030691127368,10.346505316696877,275.704,-6.250263197204988
202403,205.0,49.0,40.0,13.157216875834887,12.78353115821362,847.938,11.497075454428684
202410,28.0,2.0,3.0,12.049769651134772,0.6931471805599453,73.414,-6.2918148135823255
202301,82.0,9.0,15.0,12.694750815040718,12.137654608794065,3001.854,-2.1616266437736487
202303,50.0,6.0,22.0,13.934614498619183,13.69221573527918,4566.354,1.740348252305619
202211,29.0,11.0,13.0,12.151479174703775,12.15148445524577,768.705,-6.20711335129225
202210,550.0,140.0,148.0,10.609748372241457,9.438431663014326,889.222,23.77501286360181
202301,264.0,20.0,57.0,12.412716827778514,12.412720894315186,944.537,-6.250263197204988
202212,86.0,22.0,34.0,11.587411222896774,11.587420505060633,292.427,-6.276933343152721
202210,20.0,2.0,3.0,14.056595397514272,12.126872499468558,1206.504,-6.031766427099414
202303,645.0,60.0,222.0,14.46978228576171,13.464773663149334,2702.276,32.537189771194676
202401,32.0,12.0,9.0,8.405367376233981,8.405591014834934,128.223,-6.0717201171990665
202301,51.0,20.0,9.0,12.225875272826354,11.514853604913117,545.34,-4.216364248800169
202210,95.0,16.0,28.0,12.738464047210725,11.557219823849403,1852.266,15.483328385828434
202403,314.0,96.0,88.0,12.592477250899595,12.592480648371536,588.663,17.382996047448003
202303,78.0,30.0,20.0,13.181286788275777,12.23826390215138,720.815,-4.347155980963951
202306,681.0,215.0,207.0,14.347205886555482,14.0576485669563,4436.355,11.924607616352679
202207,580.0,126.0,250.0,14.0200256723509,13.935191347302037,3150.651,35.35737684388795
202303,343.0,74.0,161.0,12.96165457334644,12.852217313119725,956.953,-6.039817603102448
202303,66.0,20.0,23.0,14.558497351829223,14.210532660541697,7535.855,-5.158201050039138
202303,505.0,109.0,181.0,13.504088918629753,13.198907665044114,3531.872,32.26664266252966
202308,446.0,61.0,85.0,13.088994787127762,11.378822480446749,2266.769,-2.210919906184211
202403,57.0,8.0,12.0,13.917957031923752,13.395341880240869,4196.464,1.5507461709925794
202406,20.0,5.0,4.0,9.116359308505288,9.116469156366112,203.088,-0.45783831572720146
202210,183.0,34.0,95.0,11.714559332796556,11.02566987271667,1744.492,17.104284942822012
202307,205.0,81.0,49.0,11.240394696285792,11.156221949194753,581.167,6.5495342670106105
202406,58.0,6.0,19.0,13.555197188972183,13.122501367883205,2152.133,-5.319485397273138
202401,268.0,94.0,54.0,12.2383752529088,12.170502461081533,646.179,4.653666403061202
202402,94.0,15.0,28.0,14.329283434311446,12.658182761461381,1994.206,15.483328385828434
202403,18.0,7.0,5.0,11.645251130998494,10.892303576214507,749.069,-6.163963505379513
202207,63.0,9.0,26.0,13.228070233079526,12.687479757213495,1620.991,0.5942486266800664
202301,125.0,44.0,15.0,12.447342910778033,10.90498303042451,974.04,-2.335631070283201
202405,188.0,41.0,21.0,10.252100082384816,10.252135365087474,435.551,-3.190542169645009
202408,85.0,31.0,21.0,14.177960295638734,13.838643906753951,11252.829,0.6118497937145797
202310,77.0,15.0,10.0,12.487326601841364,11.13814473899306,1403.457,-3.2135422174207635
202306,154.0,62.0,18.0,11.002766285747398,11.002782941171654,439.759,6.4282251245351905
202409,59.0,8.0,10.0,5.75890177387728,5.762051382780177,164.837,-6.201948687744196
202303,62.0,23.0,21.0,12.988591955975197,12.059554430861496,800.622,-1.4143358600397145
202301,59.0,4.0,12.0,16.195635135874692,13.215782679716966,9560.066,-5.319485397273138
202303,49.0,20.0,11.0,12.72937708400644,12.721103415263379,687.967,-6.148131633382839
202301,32.0,8.0,7.0,7.290292882446597,7.2909747781429814,32.36,-6.2918148135823255
202212,58.0,7.0,3.0,10.70124246548366,10.701264982174155,26.318,-6.275982941585651
202303,18.0,2.0,5.0,13.06751429500473,10.59109441383156,394.906,-6.2918148135823255
202311,15.0,5.0,2.0,11.624627828532647,11.367633761609616,417.39,-3.296019440123753
202312,14.0,2.0,1.0,16.19218739440893,16.123415773973917,7819.665,-5.111876562972245
202307,569.0,132.0,273.0,14.221072994669191,14.147036295089356,5357.333,18.15919705144531
202306,449.0,230.0,80.0,12.055894896484785,11.78368515822606,1770.483,19.51417710051841
202408,89.0,29.0,15.0,11.554556731941181,11.554566324129302,327.011,-6.271039005393656
202408,14.0,5.0,2.0,12.116022109517187,0.6931471805599453,443.822,-4.155379018659732
202410,110.0,5.0,7.0,13.116522351779318,10.351788625763605,587.123,-6.2918148135823255
202403,696.0,200.0,133.0,12.506262419537645,12.243435865379649,1274.568,6.421539117667766
202405,43.0,9.0,19.0,12.171791711553299,12.109247819227761,2116.999,-3.2950690385566825
202407,562.0,68.0,98.0,12.82919696005514,12.754110235498283,2419.364,-5.007106295252184
202409,28.0,5.0,4.0,8.180320874773685,7.237059026124737,26.696,-6.2918148135823255
202207,206.0,51.0,65.0,13.021344534143022,12.614144353503288,2676.922,3.751156978612485
202303,103.0,14.0,44.0,12.693584605518716,12.533021103169176,1035.539,14.199091803569493
202403,62.0,11.0,37.0,14.44011869261429,14.429684333942303,2244.225,0.5503917780086462
202303,93.0,9.0,22.0,14.697456605511217,13.44820213559448,2679.338,-4.347155980963951
202310,33.0,4.0,10.0,13.850150603552855,13.680219904461705,1600.959,-5.20629483214387
202207,32.0,7.0,13.0,10.34051592510041,10.240531054525633,247.11,-1.1942411636564554
202402,258.0,64.0,78.0,13.85839761876665,13.797463688422976,1612.364,-3.1532866614913364
202210,173.0,37.0,45.0,11.85969450706881,11.705939651302927,587.635,4.493918290465253
202311,392.0,132.0,122.0,14.143503374269956,14.029363081037577,2745.304,2.5677199985905794
202303,131.0,37.0,12.0,10.065096067732542,10.065138605538023,120.909,-5.255559743171732
202301,68.0,3.0,14.0,13.319051242827431,12.039273982789505,1106.221,-4.3313241089672765
202309,235.0,17.0,19.0,11.374214969630849,11.182154942638652,386.432,-4.3263801727752815
202307,98.0,23.0,22.0,14.795520225207321,14.341245680705399,14231.024,-0.08600471023133949
202406,39.0,5.0,8.0,14.227791055123193,14.049991991887802,2434.767,-3.341393525623576
202402,73.0,1.0,11.0,15.279652141519705,14.062971236748993,3649.286,2.526016011262737
202407,171.0,30.0,54.0,12.833563346936963,12.775415259852696,1169.863,-3.3540507564660946
202309,143.0,5.0,33.0,10.327741702540875,9.920246336351083,124.735,-6.271039005393656
202210,259.0,37.0,35.0,12.453069432866544,12.438996216165663,1722.311,0.17982885910427182
202405,87.0,30.0,12.0,9.665293813175541,9.665357258913595,78.509,-5.287821653279789
202310,483.0,230.0,78.0,13.049917407974002,13.036888274286913,1384.179,24.151022667360365
202401,34.0,8.0,5.0,11.860825017543982,11.860832079217104,149.001,14.127102928910608
202404,140.0,39.0,45.0,13.893396171551537,13.89237344613541,1601.311,9.774686199184744
202301,122.0,10.0,13.0,12.17962599551519,11.814244134944918,554.081,-6.2918148135823255
202303,911.0,307.0,119.0,13.598352805954859,13.506014957710464,2245.364,16.058980325051195
202210,24.0,3.0,3.0,13.50852061580359,11.916542199220771,1561.878,-4.347155980963951
202210,204.0,18.0,46.0,14.196203350305852,11.487002345616842,1525.886,-4.26834885643294
202210,144.0,18.0,62.0,13.324727728730435,11.490955891541232,1903.721,-2.3817213401569073
202212,256.0,130.0,68.0,13.230180473196835,12.748141089676077,1623.376,-5.0637827808675135
202303,12.0,6.0,1.0,10.91401516115817,8.583542571957771,72.154,-5.319485397273138
202212,34.0,5.0,13.0,12.977947823757223,12.462724471196674,1194.541,-4.313722941932763
202207,26.0,12.0,8.0,10.65756519049298,10.657588712433071,194.036,-6.2918148135823255
202301,113.0,9.0,13.0,12.33924772468259,11.487771746086688,446.549,-6.250263197204988
202409,236.0,68.0,32.0,10.840188570181905,9.613135251528469,699.076,-6.19812621862171
202210,195.0,47.0,74.0,12.37690343560863,11.98622989058883,1103.283,-1.1291443806319181
202306,213.0,45.0,84.0,13.438562933414467,13.178686998457273,2127.789,22.07218727016616
202407,15.0,1.0,1.0,13.688212270544089,13.337953674580016,2033.837,-5.319485397273138
202309,12.0,0.0,3.0,11.871473653290641,4.290459441148391,84.949,-6.2918148135823255
202212,45.0,16.0,14.0,9.227787285579904,9.227885551191932,230.473,-5.319485397273138
202306,340.0,170.0,36.0,12.235912961541057,12.004990198643371,1479.51,-5.222126704140544
202301,98.0,2.0,16.0,11.941605671918477,11.941612185579253,266.203,-6.270900844183999
202408,185.0,27.0,49.0,12.262632546963966,11.834022970961414,1014.602,-5.894027246512613
202401,26.0,13.0,7.0,12.985158961767771,12.855818988376985,539.963,-5.265276550053281
202210,484.0,123.0,80.0,10.780413560888006,9.07280095795412,1494.012,81.36093507649727
202307,14.0,5.0,5.0,12.118699384886733,12.082129424835,256.887,-6.258381774551138
202403,283.0,100.0,26.0,12.211855890285902,12.136320557339715,257.219,-3.2935744731806067
202306,47.0,10.0,30.0,11.29455799002381,11.29384863333078,602.415,-6.271039005393656
202401,65.0,14.0,33.0,13.074680400077272,13.044989771174924,1939.327,4.409216828175177
202301,344.0,185.0,41.0,12.520211626944315,11.89060819206594,833.767,-1.2046649732966879
202312,893.0,189.0,179.0,14.615816536303097,14.539929151081072,4523.323,6.241062330234923
202301,101.0,10.0,17.0,13.630700306938227,13.259837487294122,810.802,7.335678485175901
202406,171.0,46.0,47.0,10.47132657962855,10.341677965256997,248.663,-4.375180957638697
202309,99.0,13.0,20.0,11.461937387157255,11.416480641701398,296.475,-6.2918148135823255
202307,162.0,27.0,40.0,11.71325883081587,11.565565352294408,404.624,-4.311360541136021
202405,353.0,153.0,65.0,11.945577632922356,11.921930965154381,854.779,6.519509770009908
202307,171.0,35.0,68.0,15.32376698818136,13.074718157535948,8726.489,-2.053654744498136
202307,22.0,5.0,9.0,12.446682764343015,12.068693861176758,1341.205,-6.163963505379513
202410,681.0,296.0,101.0,12.617605971373266,12.183080336603906,2799.561,23.50398913376845
202303,200.0,87.0,30.0,8.697011617992073,8.697178688412643,215.658,-5.265276550053281
202303,264.0,116.0,70.0,14.082996300629219,13.216001250592173,1482.753,-1.9906254896580986
202308,59.0,2.0,2.0,9.389323027504624,9.389406636049465,21.072,-6.240325662967377
202308,14.0,1.0,3.0,13.311781361556674,12.942990269659342,2314.82,-6.148131633382839
202301,139.0,5.0,45.0,13.279806345982184,12.172764021486433,595.516,-6.123224129359589
202410,102.0,14.0,23.0,11.74661323016011,11.71354525004556,385.067,2.474981805197036
202404,195.0,45.0,94.0,12.643491743379192,12.570524768658345,1063.249,-5.265276550053281
202207,628.0,195.0,224.0,13.747018632411525,13.70528154370952,1604.096,25.408809831027632
202303,156.0,28.0,78.0,11.050238999864765,11.050254883091284,262.148,-4.021584014101947
202210,81.0,16.0,26.0,13.569228872731438,12.800222356580877,3335.153,-4.283230326862545
202408,4.0,0.0,0.0,16.40946083242933,16.266795358335578,22347.261,-5.239727871175058
202410,209.0,4.0,14.0,10.891391719219817,10.801675411712429,235.911,-4.3263801727752815
202403,133.0,25.0,31.0,12.948276621376982,12.680367056193065,446.337,0.6757754478159859
202401,1165.0,544.0,185.0,13.918209735401033,13.76865477167901,4706.369,33.60830510965255
202210,203.0,7.0,26.0,11.775328190236555,11.166724053039157,358.711,-6.256157534964052
202301,8.0,2.0,1.0,14.662538238999181,0.6931471805599453,1709.453,-6.2918148135823255
202210,25.0,8.0,14.0,13.324240799024965,13.257630013622485,2436.947,-6.275982941585651
202409,69.0,13.0,4.0,12.278709536173887,11.718637974554758,618.863,-6.219549854778708
202210,146.0,42.0,47.0,12.14687450580421,11.57659485852582,886.138,0.6906569182455904
202306,456.0,190.0,57.0,12.375241415745828,12.309919015447685,560.136,16.63319744833789
202308,3.0,0.0,0.0,12.372730497857521,0.6931471805599453,164.692,-6.2918148135823255
202312,14.0,0.0,6.0,13.29025972265106,12.816647672062723,470.94,-3.307960486592388
202303,87.0,8.0,41.0,11.019923387227362,10.993277707031128,230.979,-6.186337543103582
202403,97.0,17.0,30.0,13.550741303826133,13.078843998210807,818.472,-4.292947133744094
202303,504.0,192.0,120.0,13.297126440620405,12.587146012448294,1687.762,11.364541954847182
202312,35.0,2.0,14.0,14.054693586367048,13.235066867317414,2284.226,-6.143187697190844
202405,324.0,21.0,22.0,11.086165216321906,11.086180539057013,173.942,-6.2918148135823255
202407,59.0,12.0,17.0,11.769627575811704,11.663223016738984,332.841,3.431479349509548
202312,1.0,0.0,0.0,14.604389647570084,14.60439010192378,8913.943,-6.227889159480919
202207,210.0,35.0,57.0,12.701198673043963,12.611131004260358,1643.348,0.7711934771505886
202404,94.0,36.0,37.0,11.706920289950274,11.636672900400718,635.229,-1.8471271680558905
202212,95.0,14.0,57.0,13.526026863565866,13.505243350630108,728.147,-6.271039005393656
202212,150.0,24.0,42.0,14.176536024640265,13.386598198980826,1350.618,25.353318183128998
202306,30.0,14.0,10.0,11.258033215341438,11.248972939884327,247.349,-2.182402451962317
202207,214.0,72.0,22.0,10.349582636730188,10.28547930445865,602.134,-3.1131802518941663
202410,1.0,0.0,0.0,14.265249615734044,0.6931471805599453,11242.208,-6.2918148135823255
202402,4.0,0.0,3.0,14.069976016530713,14.069976791861247,995.245,-6.227889159480919
202408,268.0,24.0,97.0,12.78725700756225,12.753069144109219,1278.029,-5.283828118654865
202311,758.0,250.0,132.0,13.866050618742602,13.64342721137433,2290.094,22.619294298792227
202301,5.0,0.0,0.0,11.768900128577588,0.6931471805599453,965.119,-6.2918148135823255
202303,102.0,19.0,32.0,12.660769090318135,12.660772263516037,548.913,-1.7422130591957998
202306,117.0,18.0,58.0,12.110574448051633,12.106384898142883,755.671,-6.2867327161806745
202303,114.0,62.0,18.0,13.027670207210418,12.403721963041564,1045.81,-1.2657087436482328
202403,286.0,51.0,146.0,14.169373552075196,14.008141292109379,2728.823,-5.304603926843534
202301,49.0,7.0,25.0,13.581659889506376,12.781573031152547,1553.615,-5.109886540578346
202406,59.0,8.0,3.0,10.442929787247998,10.442958940492026,26.39,-6.275982941585651
202307,56.0,5.0,23.0,13.737515502419459,13.377233476787804,2774.249,3.8436437656013194
202301,92.0,9.0,22.0,15.060536242154393,13.606664311350888,3777.767,-4.347155980963951
202308,18.0,2.0,4.0,5.517452896464707,5.521460917862246,71.956,-6.271039005393656
202306,97.0,26.0,36.0,12.39723831097802,11.934080178320682,523.627,-4.265408432471971
202402,40.0,6.0,20.0,13.157156997735092,12.535164139932927,990.616,-0.3939126616257953
202408,177.0,29.0,79.0,11.112671753912597,11.112686675833645,1438.168,-1.32159766664617
202303,274.0,39.0,58.0,12.185895448091356,11.793069195383708,405.324,5.000014178111876
202406,228.0,26.0,96.0,13.548893061314645,13.539273408477182,2307.327,8.823099383513728
202404,13.0,6.0,4.0,12.91603023606775,12.660267598528282,1001.326,-6.2918148135823255
202410,215.0,27.0,32.0,9.672752760526098,9.66097003203872,305.87,6.848182872922045
202307,537.0,264.0,88.0,13.196459206627182,12.958224312666523,1632.01,10.105095052689775
202303,125.0,44.0,15.0,11.813511423027032,10.651004540161598,638.707,-2.335631070283201
202303,17.0,5.0,6.0,12.728621285439676,10.95920973739723,386.06,-3.3748265646547635
202303,195.0,1.0,3.0,11.514983346079672,10.950631092829045,96.789,-6.208711580827649
202308,52.0,7.0,5.0,11.237527631351666,11.214910188378656,336.524,-4.347155980963951
202208,31.0,12.0,12.0,13.52669851400175,13.355267142490698,4831.114,-6.161023081418544
202303,329.0,86.0,100.0,13.816274266264838,13.594769119266077,1831.8,24.997051219845638
202306,431.0,7.0,31.0,9.70381635740706,9.606024468229242,167.723,-6.271039005393656
202403,139.0,5.0,44.0,12.885977532669129,11.877825489998012,413.405,-6.123224129359589
202401,15.0,9.0,0.0,14.680092330126648,0.6931471805599453,3088.202,-6.227889159480919
202401,35.0,11.0,18.0,12.016877519793047,11.37400816578356,164.227,-4.347155980963951
202401,45.0,1.0,10.0,13.320481180644704,13.32048282118979,751.291,-2.3275124929370503
202402,39.0,5.0,9.0,14.150360050076094,12.553421233902663,714.083,0.5303229725786602
202402,37.0,10.0,13.0,13.455918506258001,13.242579007457906,2234.511,-5.153036386491083
202303,90.0,22.0,15.0,12.942545084828483,12.730540785537315,405.837,-2.3690641093143885
202408,27.0,17.0,5.0,8.487764380725425,8.422442854870427,118.774,-5.787699766714401
202208,25.0,1.0,4.0,12.96453929221076,11.221462922203763,3501.456,-6.258381774551138
202210,211.0,33.0,56.0,12.700125387681837,12.669812951050712,1087.158,17.226151333260837
202402,75.0,7.0,36.0,13.450567239319335,12.804167113138359,1157.627,10.677974656440375
202210,264.0,48.0,63.0,13.687843081783907,13.261258857552964,2604.199,-1.0660806287415472
202301,439.0,11.0,17.0,11.329471266980338,11.197639212091788,262.638,-6.271039005393656
202309,1.0,0.0,0.0,14.344905107152673,14.34490569611395,3091.355,-5.319485397273138
202401,188.0,0.0,7.0,10.920582435586892,10.566020874478237,84.747,-6.2918148135823255
202403,68.0,19.0,25.0,13.724210725954782,13.714296987386978,1219.457,-4.021680070085478
202212,28.0,7.0,14.0,12.715642481124158,12.660461242253005,831.128,-6.036112197176701
202307,447.0,217.0,62.0,9.92554254331696,9.925591451443054,1169.218,19.492656677780566
202210,214.0,72.0,22.0,10.834785116516805,10.707706408986764,528.799,-3.1131802518941663
202410,37.0,8.0,19.0,12.070556427299017,11.67665016723176,632.615,-6.227889159480919
202401,4.0,0.0,0.0,12.355806442418384,12.35581074709477,912.435,-6.036112197176701
202401,119.0,17.0,27.0,15.380885604924533,14.080381677642945,3078.992,4.54948196841212
202312,115.0,24.0,29.0,13.37336797991641,13.279676480068558,1258.028,-6.258381774551138
202405,85.0,24.0,20.0,11.897282694312015,11.817265519618152,1103.205,-5.943868808996254
202406,12.0,6.0,1.0,10.268998345137259,7.912423121473705,74.679,-5.319485397273138
202212,248.0,43.0,73.0,11.869298363297778,11.856288193248567,295.876,-6.251075437562401
202406,163.0,62.0,39.0,11.067778337323352,10.872845005346976,331.953,-4.2482208762126
202402,66.0,15.0,21.0,14.657285911629206,12.976986098496068,2653.951,-4.177849112367331
202403,4.0,1.0,3.0,11.71571935939485,11.715727523826503,276.008,-6.2918148135823255
202406,7.0,1.0,1.0,12.19148171372513,10.851606354574836,1196.269,-6.2918148135823255
202405,383.0,78.0,102.0,13.299744416581603,12.9701697812389,1702.341,29.211850475891232
202402,24.0,5.0,7.0,12.10764912430408,12.073169626865946,603.319,-6.227889159480919
202406,190.0,65.0,38.0,7.509335266016592,7.496652438168283,524.532,-5.185519023955201
202301,35.0,10.0,12.0,13.264095551510687,12.695578611891467,1748.684,-5.160920746644047
202210,481.0,104.0,38.0,13.039099152879805,12.8834994052397,1021.261,-6.2127869616952545
202404,63.0,14.0,14.0,11.478810097334096,11.478820444320277,400.785,-6.2918148135823255
202405,349.0,128.0,90.0,13.26033240912749,12.690222616781178,2714.099,12.298665461435627
202410,76.0,11.0,7.0,9.638675294175094,9.638740451366843,74.835,-6.2918148135823255
202303,2.0,0.0,0.0,13.425194619534894,13.425196096981304,552.573,-6.163963505379513
202303,32.0,8.0,7.0,6.298949246855942,6.300785794663244,25.942,-6.2918148135823255
202310,213.0,51.0,95.0,12.05467400868968,12.054132853222296,756.028,8.64136519304585
202407,84.0,14.0,32.0,13.627649687460995,12.910238892572552,3535.965,10.015849461160967
202211,271.0,52.0,129.0,14.802835170381961,14.637573683839568,5318.248,-2.2429820961494142
202303,375.0,124.0,144.0,13.097822703270726,12.84279761177702,923.224,9.427032952002968
202408,274.0,72.0,56.0,7.880048200971577,7.8804263442924,489.069,3.623549069218061
202308,7.0,2.0,1.0,11.2662445709843,8.668539943910762,341.033,-6.2867327161806745
202401,153.0,45.0,55.0,12.745742253009013,12.745710190749932,881.791,-4.3313241089672765
202404,174.0,33.0,46.0,12.21376299881418,11.153818995840082,481.276,-6.258381774551138
202303,122.0,10.0,13.0,11.886954944032084,11.579508769113382,417.784,-6.2918148135823255
202410,45.0,3.0,4.0,5.030437921392435,5.0369526024136295,11.813,-6.2620518727231165
202403,147.0,53.0,43.0,9.734417801417921,9.734477009801846,248.466,-2.8707115177868396
202312,257.0,37.0,15.0,13.363813535573179,12.853047607109815,2085.869,-6.256157534964052
202309,484.0,169.0,111.0,13.92654017386399,13.510790832150374,7655.398,-3.225019789529676
202303,99.0,21.0,49.0,13.24008596678943,12.551072702423172,1355.716,-6.271039005393656
202404,60.0,7.0,32.0,13.059985719918357,13.011179270843547,2217.817,-1.2993759998726073
202402,22.0,0.0,0.0,13.599511424410384,9.70320567036518,20706.25,-5.319485397273138
202410,95.0,18.0,15.0,8.394121193826242,8.394347361417392,95.513,-6.260151069588976
202210,521.0,56.0,37.0,11.118459642320433,10.938094511228325,331.437,-6.250263197204988
202408,419.0,140.0,74.0,7.552237287560802,7.534228326274089,286.195,-0.1664290621073956
202208,643.0,210.0,116.0,9.91081067291591,9.838682329170013,1231.804,0.03655992425917365
202307,60.0,15.0,19.0,10.452417882335665,10.259167001133758,300.378,-5.099390700889879
202401,219.0,42.0,84.0,14.131828919894877,13.884485162617722,2313.013,4.864773966773923
202212,35.0,7.0,11.0,13.34430460621843,12.7950863351073,2378.014,0.5144911005819859
202303,426.0,148.0,68.0,12.60612312093684,12.588995577201844,969.43,3.147520303791616
202303,191.0,44.0,55.0,13.0285382942978,12.936322914041622,672.566,4.14597228587918
202303,113.0,14.0,43.0,11.606506878591759,11.59726661340398,324.63,-6.2918148135823255
202208,116.0,34.0,26.0,12.637004050597595,12.582359512307637,1260.079,-5.255559743171732
202308,5.0,0.0,0.0,11.098999665944197,0.6931471805599453,209.496,-6.271039005393656
202410,43.0,5.0,14.0,12.17485541886274,11.125378857364408,682.051,-4.283230326862545
202212,22.0,6.0,7.0,12.546042330371478,11.791428034404715,1239.451,-6.2918148135823255
202307,297.0,36.0,112.0,14.405823473650562,14.081693675168811,7415.642,55.1782480679581
202307,132.0,36.0,53.0,13.70728705898918,13.593505108766088,5260.03,5.881125920584308
202407,343.0,59.0,38.0,11.394671068240667,11.380376446800732,245.589,-4.296617231916073
202306,281.0,77.0,64.0,13.513199332689505,13.241162785268337,2379.192,5.793174504363455
202402,544.0,169.0,88.0,13.84080884075795,13.374465939470639,1710.221,36.01560806221079
202303,516.0,130.0,105.0,12.8490180410526,12.676385601929333,2451.716,38.69938943936332
202303,97.0,26.0,36.0,12.417503874595692,12.15461617993619,463.612,-4.265408432471971
202401,64.0,18.0,15.0,12.526154142028615,12.526157772471329,482.283,-5.266088790410695
202309,4.0,0.0,1.0,11.80395941360335,0.6931471805599453,160.491,-5.303653525276463
202207,265.0,110.0,116.0,12.096034540321236,12.071672304050352,1279.71,0.36590500164775364
202410,3.0,1.0,0.0,9.150165648940114,6.424869023905388,18.864,-6.276933343152721
202405,27.0,2.0,3.0,14.943379014087878,10.404686992907486,12063.236,-6.2918148135823255
202310,35.0,11.0,18.0,10.262769096339811,10.06070495373417,101.353,-4.347155980963951
202407,67.0,32.0,6.0,11.867328830827946,11.856954789025474,451.282,-6.100037851278107
202307,42.0,4.0,30.0,12.055267197503948,11.748440176939436,795.684,-6.2918148135823255
202210,179.0,18.0,26.0,12.001444128213679,11.481063211821445,597.998,-6.222807062079268
202408,97.0,21.0,24.0,12.119839147732243,12.119844598021517,1321.839,-6.115648995918721
202309,135.0,48.0,42.0,11.676811459608498,10.310151941219775,861.008,-6.163963505379513
202210,1437.0,532.0,170.0,13.067127584731484,12.84052022523134,2052.279,56.5481551984498
202401,51.0,9.0,18.0,12.126948266064185,11.99675186796939,524.354,-6.161023081418544
202409,19.0,2.0,0.0,5.170483995038151,5.176149732573829,2.953,-6.2918148135823255
202401,17.0,7.0,5.0,12.595391433895633,12.229300771649381,987.602,-6.163963505379513
202309,12.0,4.0,5.0,12.89284706310266,11.24906408037746,1352.895,-6.2918148135823255
202311,217.0,101.0,56.0,11.054866216741466,11.054882026643208,315.062,-4.971539392687067
202306,261.0,91.0,79.0,12.382137167847775,11.86110038585083,662.199,-5.112826964539315
202207,77.0,19.0,15.0,12.262424623176736,11.89060819206594,1537.388,6.369243406625779
202407,78.0,15.0,10.0,13.039724970483098,11.580556075667811,1963.391,-3.2135422174207635
202309,166.0,56.0,30.0,10.140218377358854,8.094988759303774,773.955,-4.725504224567084
202306,7.0,1.0,0.0,12.739068679416123,9.700024071988745,1559.899,-6.227889159480919
202301,701.0,387.0,116.0,15.208461961724709,14.744790957620248,6255.046,43.175014108411055
202404,172.0,48.0,29.0,10.431229288678432,10.069722070677152,453.509,-0.31870727886120864
202406,478.0,171.0,105.0,11.885798508477734,11.05750301180195,761.111,7.411127266748876
202311,15.0,1.0,6.0,11.98781712828874,11.192610001903745,814.769,-6.2918148135823255
202406,179.0,51.0,56.0,12.504976517403993,12.036523177258209,921.667,-0.25500235211586375
202401,8.0,2.0,1.0,14.528525069609417,0.6931471805599453,1827.863,-6.2918148135823255
202303,573.0,131.0,274.0,14.299682712917283,14.193524986843938,3993.917,19.131526467754497
202212,238.0,82.0,42.0,11.768396796898495,11.74372761421171,618.948,-5.914105868137046
202303,62.0,17.0,34.0,12.960425455559502,12.52652075019937,1485.831,-6.22494873551995
202211,28.0,1.0,7.0,15.559159731859696,15.511617788892666,6199.524,-4.075621492561652
202301,37.0,9.0,14.0,13.672767727152436,13.403043493272715,2434.097,-5.153036386491083
202308,35.0,5.0,2.0,7.334981878871814,6.467698726104354,45.93,-6.2918148135823255
202402,171.0,46.0,46.0,12.132824303788334,11.951141685474726,404.592,-4.375180957638697
202211,43.0,21.0,6.0,12.581641961288671,11.914402631800533,2595.166,-6.179574650020127
202308,83.0,23.0,16.0,11.136383034489144,10.849667129269148,506.707,-6.213007689051315
202211,140.0,26.0,63.0,13.41645138795202,13.298304623233996,490.217,-6.276933343152721
202312,248.0,45.0,110.0,12.906726579779514,12.7648423613618,1052.766,-6.276933343152721
202409,198.0,26.0,8.0,8.58316818033977,8.583355393669907,130.113,-6.276933343152721
202310,191.0,12.0,13.0,12.153025181908058,11.723559092466278,1152.853,-6.227889159480919
202408,419.0,190.0,98.0,13.25589377002835,13.241732709782083,1360.614,-1.734922873252474
202308,253.0,32.0,40.0,12.720009424629543,11.957021368674779,1480.137,-6.025782870080591
202208,97.0,18.0,28.0,14.916809235057691,12.015051355559686,9390.736,-6.2918148135823255
202312,25.0,4.0,11.0,12.726653531619753,12.58932963546744,1501.495,-6.097097427317138
202301,120.0,1.0,14.0,11.680674692580926,11.680683148203704,80.02,-6.2918148135823255
202309,119.0,11.0,17.0,12.330875429445014,12.15195431184257,1734.018,-3.2135422174207635
202303,66.0,20.0,23.0,14.467252240465548,14.063070391010074,6909.482,-5.158201050039138
202307,302.0,59.0,61.0,10.72134924601891,10.703761188563927,595.28,3.2472853305529483
202409,3.0,0.0,0.0,10.704232743694092,10.704255193154744,491.718,-6.243500304121533
202301,457.0,192.0,56.0,13.451219542382587,13.191982719284386,826.658,15.6608680320287
202211,14.0,5.0,6.0,11.269834275846323,11.09227565053686,408.549,-6.291742704741504
202405,282.0,76.0,58.0,11.904196985665411,11.899105811666526,305.077,-5.219902464553458
202306,100.0,32.0,49.0,13.901203733174242,13.235713491053172,2073.765,0.20244577342257486
202307,83.0,37.0,25.0,13.75196567633675,13.112589770934488,3278.886,-6.204172927331281
202312,217.0,101.0,56.0,11.529035006703296,11.529044846850113,509.295,-4.971539392687067
202402,231.0,22.0,29.0,14.089673406132139,14.04904711441416,2046.816,5.724084186713993
202210,34.0,7.0,12.0,10.502763517486002,10.502790977565914,71.641,-5.319485397273138
202408,43.0,15.0,8.0,10.662399065120399,10.662422473634077,447.261,-6.20711335129225
202407,279.0,25.0,28.0,12.935773524380425,12.915954025081284,840.225,-5.947218290822283
202207,517.0,232.0,97.0,10.355963464913646,9.72782378340624,2229.751,20.656971435937876
202402,191.0,12.0,13.0,12.495471992621448,12.136642178312174,1696.99,-6.227889159480919
202211,22.0,7.0,11.0,11.51296546417025,11.404036509461282,153.635,-3.3748265646547635
202410,33.0,3.0,2.0,7.003065458786462,6.056784013228625,35.29,-6.2918148135823255
202212,55.0,15.0,19.0,12.289448254451225,12.25509611581495,683.601,-6.160479637513261
202401,151.0,51.0,32.0,10.9218473893137,10.921865448493632,418.644,-3.852757740977576
202402,28.0,3.0,6.0,13.544942534498615,13.049900205670612,3431.396,-5.828503362875808
202303,332.0,77.0,75.0,14.057709791013606,13.768168394935001,2056.516,7.535137108019555
202211,267.0,73.0,72.0,13.362074525018478,13.05757309124327,1176.444,-3.0893610073899302
202303,904.0,394.0,171.0,13.419225682279388,12.732288233924441,2090.85,21.00997528848415
202309,98.0,28.0,14.0,11.589562379508932,9.654705629041903,392.657,-6.255207133396982
202401,73.0,1.0,11.0,15.337427654575906,14.065736838871953,3890.65,2.526016011262737
202303,176.0,67.0,34.0,13.908101589688519,13.738518276340168,1661.015,-2.2077797620803885
202311,86.0,20.0,39.0,14.019034905159245,13.782064419813489,2399.799,1.6866200005580119
202406,270.0,89.0,80.0,11.870271183889114,11.866128388415582,633.114,-2.7010878658506288
202310,51.0,5.0,12.0,11.833732787853837,11.489554478646989,783.607,-6.2918148135823255
202210,21.0,9.0,8.0,6.481577129276431,6.483107351457199,68.83,-6.227889159480919
202308,523.0,26.0,30.0,11.96038947477163,11.572749766615894,692.841,-6.171456072673977
202311,535.0,91.0,173.0,13.353208396139172,13.295292630952078,1013.658,25.642210439757427
202210,105.0,36.0,45.0,11.204006136634614,11.20401975606682,712.195,-5.099390700889879
202402,54.0,22.0,10.0,11.889997957243736,11.890004815883737,352.765,-6.237605966362469
202409,153.0,28.0,12.0,8.73761303680885,8.737773460327283,214.658,-6.276933343152721
202211,85.0,12.0,24.0,12.033853883213743,11.737515968943349,340.559,-5.158201050039138
202402,115.0,2.0,4.0,13.808571538558269,10.443425276845566,1142.976,-6.20711335129225
202303,187.0,45.0,19.0,12.881872731504314,11.928123058422774,630.785,-3.2950690385566825
202401,375.0,140.0,71.0,12.177405645514787,12.14587137158938,817.553,-1.1104901029334506
202212,85.0,9.0,18.0,11.089163994578948,10.667465913856665,433.167,-6.243500304121533
202208,43.0,9.0,19.0,11.916054513280844,11.839751324539636,3346.998,-3.2950690385566825
202211,143.0,68.0,28.0,12.92622196479269,12.842657411078168,946.96,0.260957685237166
202303,290.0,108.0,125.0,13.950764965345961,13.654988457006139,3870.985,-5.9039151188966015
202312,136.0,47.0,27.0,13.689735294369315,13.130270037225307,746.838,-2.3236900238145655
202303,181.0,31.0,90.0,12.249639669008689,12.24964445583916,675.795,-3.0338369711504742
202307,35.0,10.0,12.0,12.831345079268738,12.324788579235157,1732.222,-5.160920746644047
202301,256.0,30.0,97.0,14.78176638255653,13.83191526198955,3247.271,-4.274891022160334
202303,3.0,0.0,0.0,13.488552517499357,12.53060242547542,979.355,-6.227889159480919
202212,284.0,104.0,24.0,12.535664121059165,12.4169776099291,292.465,-3.2935744731806067
202210,230.0,19.0,31.0,11.840349749186634,11.192610001903745,319.933,-6.271039005393656
202406,758.0,250.0,132.0,13.263539970862547,13.046283308098538,2321.63,22.619294298792227
202404,27.0,13.0,8.0,10.918627648452452,10.918645765871444,131.536,-6.2918148135823255
202311,485.0,114.0,84.0,11.87129197739993,11.871298965544542,626.589,2.4191832582522537
202303,63.0,4.0,52.0,11.654893667414967,11.589951318820782,232.42,-6.271039005393656
202212,273.0,74.0,92.0,14.942713218931942,14.298888106336706,4847.84,19.76733996968774
202210,339.0,15.0,40.0,13.47083194092395,11.78936709973878,956.66,-6.092648948142966
202208,758.0,249.0,131.0,13.3350557044392,13.13039900509562,2881.676,22.59851849060356
202210,166.0,63.0,40.0,11.095134707171427,11.041993404865915,341.605,-4.2689966844012694
202311,307.0,178.0,93.0,12.937683040875479,12.83591521004512,1477.48,-3.4172609968953265
202210,170.0,16.0,74.0,13.266934606165435,13.138463078893752,1898.11,-6.163963505379513
202303,543.0,91.0,175.0,13.39633083295977,13.113336759796692,1201.428,25.578284785656017
202306,71.0,13.0,11.0,11.386999364371379,11.387010706290544,565.515,8.108932412098886
202408,384.0,109.0,84.0,9.208037722913508,9.208137948420983,2153.581,16.509874459264232
202210,43.0,21.0,6.0,12.722551260987903,11.734788196384716,2709.619,-6.179574650020127
202310,67.0,25.0,21.0,14.085477388015383,12.152745705739491,4574.166,-4.3263801727752815
202208,50.0,18.0,19.0,15.774673922459503,15.550433855544435,6669.113,-3.1042424778195348
202307,90.0,22.0,15.0,12.206152642330345,12.094202096625393,540.54,-2.3690641093143885
202307,63.0,15.0,2.0,8.122371243406553,8.122668023346407,245.529,-6.271039005393656
202210,181.0,121.0,20.0,11.122605094188517,11.086532897179067,974.146,-5.972186543075295
202211,70.0,22.0,33.0,13.339261868862632,12.931362665470903,988.198,-4.165095825541282
202301,17.0,4.0,7.0,13.198034698319878,12.825301451346288,1981.759,-6.275982941585651
202310,498.0,13.0,17.0,12.372103899588108,12.064301686431687,909.542,-5.084509230460275
202405,760.0,136.0,208.0,14.269259035176276,13.01775813201365,3510.585,37.7531977012003
202312,62.0,3.0,34.0,14.057032978413817,13.442937041694007,2062.497,-6.129118467118653
202405,391.0,131.0,124.0,14.143858452742068,14.064787244792932,2694.273,2.5677199985905794
202310,21.0,5.0,7.0,12.672557591464283,12.278811824170479,1208.996,-5.158201050039138
202310,131.0,26.0,48.0,13.05088241318018,12.89327720363444,998.965,26.45534001377063
202301,538.0,266.0,88.0,13.913013785825303,13.647834825572737,1913.443,10.293526005079686
202401,280.0,7.0,5.0,10.77461354045589,10.774634464241004,122.651,-6.2768612343119
202402,247.0,31.0,92.0,11.19361511706027,11.149786819103003,383.078,-5.807709751409733
202307,116.0,13.0,13.0,13.538249992473476,13.459272661363581,1565.875,-6.1380230336427894
202410,10.0,2.0,0.0,7.487733761436444,7.488293515159428,5.09,-6.2918148135823255
202309,18.0,2.0,4.0,5.4638318050256105,5.4680601411351315,65.365,-6.271039005393656
202212,249.0,13.0,25.0,12.442325888094093,12.315424684449445,1019.932,4.48851022810881
202309,145.0,19.0,23.0,13.18993977950535,13.125382814313205,2154.583,25.08136954867826
202408,108.0,21.0,42.0,11.668577873780714,11.551520982729592,739.395,-6.14519120942187
202407,176.0,8.0,8.0,13.158315292314626,11.520685279581668,945.92,7.320797014746297
202307,35.0,2.0,17.0,13.631636997435336,13.388624654031139,3025.684,-4.072852437360835
202306,110.0,3.0,21.0,11.944064817531656,11.944071315194122,208.596,-6.2918148135823255
202410,20.0,0.0,0.0,13.285466436265324,13.155627926236772,1861.081,-6.194456120449732
202303,119.0,16.0,76.0,12.426183603176957,12.346034567908,401.472,-6.255207133396982
202303,40.0,13.0,15.0,10.468716130681411,10.395374975281868,202.862,-6.2918148135823255
202406,43.0,5.0,8.0,11.516867684202852,11.02557219738938,256.729,1.4868205168911732
202307,35.0,7.0,11.0,12.894255021820587,12.181805567387176,2650.645,0.5144911005819859
202406,106.0,30.0,39.0,13.496604724662948,13.276252880270711,2215.693,-4.150296921258081
202306,102.0,2.0,2.0,11.643111267343654,11.425546747792179,417.596,-6.2918148135823255
202402,181.0,122.0,26.0,14.074908118421716,13.990902325805166,1218.602,-5.999504516991357
202408,105.0,35.0,13.0,9.44200749423127,9.44208681209766,265.28,13.884065353254256
202409,141.0,53.0,69.0,13.854739924926266,11.642180225827488,1682.951,-3.3748265646547635
202303,300.0,47.0,59.0,12.209486810629961,11.9093094643422,460.204,-4.296617231916073
202404,144.0,82.0,25.0,12.380202407672744,12.38020660860325,469.878,-6.227668432124859
202403,25.0,5.0,7.0,11.873539639940496,11.844557434949213,464.132,-6.227889159480919
202407,78.0,28.0,24.0,13.74844083603917,13.327008890076403,4743.821,-2.108279395507113
202308,65.0,1.0,7.0,11.032030742493134,7.449498005382849,136.837,-6.2918148135823255
202405,120.0,15.0,43.0,12.820760863629799,12.55675064368074,617.851,-5.319485397273138
202408,88.0,18.0,13.0,9.346268889200427,9.346356175893625,307.215,-6.2918148135823255
202307,33.0,8.0,14.0,11.684413551057789,11.537130153667047,346.55,-4.3263801727752815
202301,419.0,12.0,38.0,11.369505339595335,11.330059760154588,1313.726,3.9823106763028644
202401,5.0,3.0,0.0,11.607771900898346,11.607780995982907,223.098,-6.27185124575107
202310,333.0,113.0,74.0,13.281936472188518,13.244770372729322,1917.251,-2.6820414920359474
202301,57.0,8.0,36.0,14.164310777487687,14.073625035635857,2746.495,-2.113361492908764
202407,24.0,3.0,3.0,13.502205673754323,11.74530622163692,1910.17,-4.347155980963951
202308,195.0,28.0,31.0,13.266120805446281,12.641860018413489,2064.827,15.361078657980395
202303,216.0,41.0,73.0,11.789662862372465,11.701320209237545,620.164,-6.2425499025544635
202402,106.0,24.0,24.0,14.225923405796372,13.151030520099704,1364.418,11.291862228475027
202309,4.0,1.0,0.0,10.926621700028281,0.6931471805599453,822.509,-6.2918148135823255
202207,28.0,3.0,6.0,14.21465238285552,13.869764814373967,4282.721,-5.828503362875808
202311,62.0,10.0,11.0,11.798840977974288,11.395852177383086,507.734,-3.055148935551825
202310,109.0,36.0,23.0,10.89081440038412,10.890833028775651,247.619,-6.20711335129225
202310,331.0,100.0,67.0,11.70262804817903,11.696146617007019,621.243,-1.0324952187598528
202211,903.0,19.0,72.0,11.902626977898915,11.841977381845098,551.108,-5.184245185935185
202210,143.0,9.0,30.0,13.431762420098607,13.20151276310766,1942.008,-4.313722941932763
202208,22.0,5.0,10.0,12.455495842114852,12.054522747402972,1544.839,-6.227889159480919
202406,144.0,18.0,62.0,12.696926147636626,11.632085330139486,2023.821,-2.3817213401569073
202303,506.0,64.0,90.0,12.150729054490897,12.146434099880794,1104.76,34.500736961956875
202212,474.0,198.0,94.0,12.279982740964732,11.767443644643576,1514.576,10.461203517475537
202403,5.0,1.0,0.0,11.801534607559661,0.6931471805599453,366.991,-6.163963505379513
202303,35.0,0.0,8.0,14.267308209590077,12.410420662260057,952.275,-0.3888305642241443
202212,106.0,26.0,46.0,11.482208492308168,11.482218804191067,819.705,6.4928026435630475
202410,95.0,17.0,18.0,9.669535802505315,9.669598979685738,115.96,-6.2918148135823255
202207,114.0,12.0,15.0,7.143617602704121,7.144407180321139,247.199,7.320797014746297
202207,27.0,17.0,5.0,8.508354242749032,8.381373468273702,112.027,-5.787699766714401
202308,74.0,1.0,2.0,4.875197323201151,4.882801922586371,22.736,-6.2918148135823255
202407,71.0,14.0,11.0,10.028974172577543,10.020247843144828,241.154,-6.2918148135823255
202211,97.0,26.0,35.0,12.460373720449624,12.086647011547514,455.178,-4.265408432471971
202402,29.0,5.0,15.0,12.656587598192047,12.65659078468641,846.936,0.734585796965245
202306,85.0,24.0,20.0,12.166733925414345,12.124564280972804,1299.379,-5.943868808996254
202211,91.0,33.0,13.0,11.154506143346147,11.042233598943882,222.814,-1.3662420779349826
202401,478.0,171.0,107.0,13.300603282245369,12.521116934737766,1357.207,7.411127266748876
202410,5.0,0.0,4.0,11.093919086295397,11.093934290680341,485.773,-6.275982941585651
202311,314.0,87.0,56.0,10.601099750055232,10.601124638368926,423.045,-1.287434953403972
202208,190.0,44.0,54.0,12.26026249086076,12.081302758574223,863.659,4.14597228587918
202303,199.0,21.0,79.0,15.017808760927698,14.55324192710895,2940.65,17.187116713874886
202309,299.0,16.0,14.0,11.521905027750805,9.273596821611198,119.629,-6.256157534964052
202301,284.0,104.0,24.0,12.680127432743053,12.559430092656589,363.738,-3.2935744731806067
202409,360.0,164.0,105.0,12.179040548478856,12.149925484907172,6600.615,15.828757393423123
202212,482.0,11.0,19.0,10.285342795005159,9.837561402419961,117.665,-6.241276064534448
202301,143.0,62.0,68.0,12.138986882925908,12.13899222984755,1063.52,-5.954397856235217
202406,116.0,2.0,3.0,6.790097235513905,6.7912214627261855,38.196,-6.256157534964052
202207,487.0,190.0,110.0,11.657372069335256,11.635054598203292,1310.392,6.589566640271851
202402,56.0,4.0,4.0,10.163078744821384,9.900583339388739,74.702,-6.2918148135823255
202307,670.0,265.0,60.0,6.439350371100098,0.6931471805599453,792.617,10.48406383060223
202208,134.0,44.0,42.0,11.907154349152322,10.964086399006021,614.686,-4.283230326862545
202309,7.0,0.0,0.0,12.74304251069027,10.504766124286546,1302.625,-6.276933343152721
202309,2.0,0.0,0.0,10.463760267504872,0.6931471805599453,77.816,-6.2918148135823255
202405,73.0,23.0,39.0,12.1704713742872,12.1704765554867,446.796,-6.271039005393656
202402,345.0,65.0,60.0,13.8201676966396,13.418892697288879,990.677,6.280747002833342
202301,728.0,258.0,164.0,16.38249599505432,13.75589217971493,7806.412,-0.14955685183721634
202410,43.0,1.0,7.0,9.831024380802413,8.985570498917388,29.165,-6.2918148135823255
202303,32.0,3.0,9.0,11.400115045340366,11.326993398122077,90.599,-6.2918148135823255
202301,186.0,33.0,98.0,14.092905902987903,14.005174261776546,4482.273,-5.623970452537256
202307,272.0,39.0,94.0,14.549711866099512,13.921487283725652,7730.94,-1.3967346930052011
202409,57.0,2.0,5.0,10.946534275754528,9.5569750810205,244.939,1.4868205168911732
202308,339.0,41.0,143.0,13.83690309715103,13.284943005059933,3736.192,-6.0751504902053375
202312,247.0,31.0,92.0,11.188344249102178,10.951735939359013,293.414,-5.807709751409733
202403,77.0,28.0,28.0,12.440183831850346,12.218830911628837,837.249,-6.089791090328401
202311,375.0,56.0,85.0,13.45184552589865,12.901270222589792,992.215,-6.000710953668257
202309,336.0,102.0,165.0,14.832819511368342,14.185595090144938,5806.722,7.871457276037175
202301,49.0,7.0,26.0,13.819215685494097,12.74988420192063,1032.746,-5.191561980229505
202307,51.0,18.0,16.0,12.133636352265462,11.230337064384194,772.779,-6.2918148135823255
202211,354.0,63.0,146.0,13.537607184476036,13.161257114029688,2077.999,4.105204558476556
202301,1170.0,546.0,184.0,14.243095215074538,14.127190855633845,5258.194,34.580634525961734
202408,130.0,38.0,45.0,12.100551005781448,11.882611397701098,1277.063,-3.1212988292403168
202401,247.0,60.0,68.0,14.017794043090815,13.170475216325105,1896.158,12.578997367743392
202405,247.0,97.0,61.0,7.323170717943469,7.323830566202317,347.556,-3.119074589653231
202404,1090.0,196.0,167.0,14.248972083377488,14.066519828578205,3150.534,95.63263835039362
202408,278.0,6.0,26.0,12.871226647619824,12.378461704645282,1286.165,-6.227889159480919
202301,201.0,40.0,55.0,14.333248436955113,13.684571231602943,1418.511,-3.3748265646547635
202310,372.0,36.0,181.0,14.508911206398524,13.526220526772798,4247.477,-3.33916928603649
202407,191.0,38.0,34.0,12.60625381820696,12.334369109796054,972.605,-1.3633016539740135
202410,136.0,33.0,19.0,10.595859432628322,10.574056758082826,88.05,-6.235381726775383
202303,66.0,7.0,20.0,14.857123831852435,13.64885957386334,2244.116,5.440063836229328
202308,191.0,11.0,5.0,10.311183503795652,8.475537516147405,63.249,-6.271039005393656
202210,149.0,30.0,91.0,13.9402771517148,13.683077989982198,2821.624,8.610579820571337
202410,130.0,9.0,3.0,11.761401424162148,8.762646029650282,197.91,-6.2918148135823255
202308,205.0,17.0,5.0,11.879961546458611,11.54607006356253,392.976,-6.199724448157109
202409,42.0,14.0,16.0,12.014579154853509,10.628714626559486,572.341,-6.2918148135823255
202407,341.0,184.0,41.0,11.871298965544542,11.17268614177977,646.323,-1.2380980123278755
202207,166.0,28.0,72.0,13.56555449240514,13.52241653395225,3114.37,30.96149916484012
202301,48.0,11.0,14.0,13.283405116393233,12.798929767245399,806.966,1.5507461709925794
202408,218.0,22.0,105.0,12.882719440387497,12.541798174863448,2180.523,-6.177350410433042
202210,224.0,12.0,90.0,12.316857920538224,12.215265263648964,685.385,7.807344037147072
202401,74.0,10.0,26.0,12.757166510523362,11.214168963436867,559.831,-1.3020236664292817
202303,23.0,8.0,3.0,12.980394200879116,10.59008835222604,93.717,-6.2918148135823255
202207,191.0,42.0,37.0,10.944364790553,10.923128781333244,496.967,-4.255065615538735
202308,109.0,4.0,7.0,7.845807502637805,7.846198815497425,63.652,-6.2918148135823255
202212,17.0,8.0,1.0,12.643285097785334,12.643288326951161,325.606,-6.1171916303908676
202312,906.0,392.0,173.0,13.19537403344116,12.707550716735653,2165.755,21.00997528848415
202301,34.0,2.0,14.0,14.486391168212018,13.714875526266159,2455.911,-6.20711335129225
202306,17.0,1.0,1.0,7.645875825184813,6.576469569048224,98.636,-6.2918148135823255
202301,225.0,77.0,39.0,11.112850802271053,11.112865721520615,474.062,2.7850645382767176
202306,54.0,22.0,10.0,10.897387263737267,10.897183671254679,371.881,-6.237605966362469
202211,48.0,10.0,8.0,13.885736002853772,11.90385206595727,1622.313,-5.304603926843534
202301,498.0,13.0,18.0,12.670353681930818,12.411874698484281,1179.016,-5.099390700889879
202212,133.0,36.0,26.0,12.876480741620549,11.679159983111251,363.207,2.899339325966878
202404,1159.0,406.0,244.0,12.962434033210853,12.897706181107324,2076.532,38.01490885562248
202311,123.0,26.0,28.0,11.414937703641815,10.987493688814876,208.917,0.061158201570327364
202212,332.0,118.0,130.0,13.502155058747784,13.356503840427726,2126.83,13.042065419641522
202211,99.0,14.0,26.0,12.173409981288854,12.125220443637915,1054.55,-6.2918148135823255
202408,114.0,26.0,59.0,12.255443593393053,11.451124526564637,1431.623,-5.95730507264569
202403,215.0,63.0,56.0,11.519503780330352,11.51951371471375,640.363,3.1907485795866837
202407,123.0,26.0,28.0,11.180092597802776,10.748582989368131,254.921,0.061158201570327364
202406,50.0,18.0,19.0,15.405240742599094,15.160000150132614,5681.093,-3.1042424778195348
202301,40.0,10.0,14.0,13.143339825307383,12.300882700292817,603.351,-6.2425499025544635
202306,953.0,258.0,194.0,13.529180903915648,13.417675764819771,2405.254,35.29408690366758
202306,189.0,28.0,47.0,13.08545039938079,12.791773803941272,1240.131,-4.264458030904901
202303,259.0,57.0,144.0,12.175567045216757,12.17557220008179,740.081,-6.271039005393656
202306,650.0,99.0,168.0,13.182411833269034,13.042046632185935,1848.171,125.88296675256923
202211,102.0,10.0,19.0,13.071701462602102,12.131004212281328,703.69,-6.1429669698347835
202207,230.0,19.0,31.0,13.03347095963899,11.728431927821836,487.329,-6.271039005393656
202407,201.0,81.0,42.0,11.055845958294505,11.055861752714337,304.499,-3.0700304059814294
202301,455.0,130.0,71.0,11.915051671812877,11.842157267078804,853.091,0.5145814766351418
202401,62.0,23.0,21.0,13.657818782518557,12.513163885530057,1082.717,-1.4143358600397145
202404,21.0,7.0,5.0,12.585888266723048,11.795748250186039,665.91,-6.227889159480919
202404,32.0,0.0,2.0,14.873758039252825,13.09785959698404,2391.435,-3.3748265646547635
202210,33.0,8.0,15.0,11.834661077546862,11.666041323840638,291.6,-4.3263801727752815
202303,67.0,32.0,6.0,12.547525316316628,12.538529689184816,224.79,-6.100037851278107
202406,22.0,7.0,11.0,11.048760756003286,10.984987591594274,158.57,-3.3748265646547635
202409,61.0,15.0,14.0,11.992928928794298,11.0876351293105,1887.898,-1.3627582100687308
202404,166.0,40.0,26.0,12.623314797872517,10.33653540173002,1946.368,-3.2418931590503
202303,20.0,5.0,4.0,9.256555795773146,9.256651274839433,218.592,-0.45783831572720146
202311,312.0,40.0,59.0,13.140837671876575,11.791526428685817,787.514,-3.3242878156068856
202401,163.0,38.0,57.0,12.991322594919549,12.989094807381777,521.81,-5.2860523582419505
202405,896.0,360.0,148.0,11.57049601609216,11.362346731473597,1425.427,56.24591504310905
202310,203.0,82.0,42.0,11.033889163693646,11.03390530874075,264.469,-3.0700304059814294
202409,92.0,27.0,20.0,12.250916939746032,12.250921720466344,522.937,-6.227889159480919
202410,212.0,26.0,72.0,12.705898998497796,11.683629802423992,1330.903,20.889215269844385
202406,99.0,15.0,25.0,11.792154410199915,11.79216197383848,1101.965,-6.2918148135823255
202406,16.0,7.0,8.0,10.27574052643818,10.275774984838279,267.006,-6.2918148135823255
202301,144.0,82.0,25.0,13.023921097692089,13.017049527324314,617.372,-6.227668432124859
202303,461.0,58.0,158.0,14.18084162929942,14.08535905326762,2122.494,-6.2867327161806745
202303,62.0,3.0,34.0,13.669392860500619,13.131879950832008,1389.313,-6.129118467118653
202410,9.0,2.0,2.0,12.439320971216082,10.504080751485466,999.15,-6.173680312261062
202404,82.0,15.0,33.0,12.299084732194636,12.299089288096694,507.724,-5.139428754081495
202408,123.0,26.0,28.0,11.193546305775193,10.82361093043046,350.649,0.061158201570327364
202208,104.0,18.0,25.0,11.305630656210356,11.231053149814608,335.774,0.7680188359964326
202405,120.0,27.0,32.0,13.93269963948704,13.24098339602606,1831.215,1.3204483923251482
202405,16.0,5.0,2.0,11.548968056317158,10.996098536008393,411.867,-3.296019440123753
202311,20.0,2.0,4.0,10.73382816227228,10.34971065311646,670.78,-6.20711335129225
202308,1.0,0.0,0.0,7.404279118037268,0.6931471805599453,280.972,-6.2918148135823255
202410,38.0,9.0,5.0,12.308981157482448,8.883501584323207,1809.735,-4.273066132059243
202306,232.0,11.0,30.0,8.498010371999463,8.498214224818435,262.7,-4.715787417685535
202410,59.0,7.0,4.0,12.177858339049001,10.032759888240268,344.122,-5.319485397273138
202407,519.0,252.0,89.0,11.089790154331226,11.034905792929415,1181.392,3.9417094614925983
202210,32.0,11.0,9.0,9.433643910491758,8.430981494597171,93.668,-6.0717201171990665
202410,394.0,31.0,38.0,12.954380133934055,11.803159278958578,1086.308,-3.2849604388166336
202402,205.0,59.0,40.0,13.7765961179046,12.83606701108485,1122.257,2.899339325966878
202301,254.0,57.0,29.0,13.79063675395973,13.739673245208841,886.511,26.84236999633857
202208,396.0,211.0,64.0,12.198609868148807,12.181303405003957,1148.194,3.1075501443841613
202210,172.0,35.0,69.0,14.586282448272495,13.344474395839887,5953.797,-2.053654744498136
202208,176.0,28.0,80.0,10.952629445729942,10.952646957484708,1456.019,-1.32159766664617
202211,160.0,8.0,38.0,13.108534193517857,12.965765706134018,1368.447,-0.3631993191995164
202211,45.0,7.0,36.0,10.731318586382624,10.731340435948365,184.847,-6.2918148135823255
202312,126.0,28.0,58.0,13.682487607489703,13.534222665767267,1143.965,-6.2867327161806745
202210,110.0,49.0,40.0,13.066939458458037,13.066941572432999,665.146,-6.2918148135823255
202303,481.0,105.0,37.0,12.979116369235987,12.851315519433033,912.084,-6.2127869616952545
202404,51.0,10.0,34.0,12.393551712805875,12.354242619393238,731.152,-6.266769148349419
202303,2.0,0.0,0.0,12.730286249014389,12.610477191441017,0.0,-6.227889159480919
202301,185.0,13.0,46.0,15.677909431289068,13.332747471963167,7011.052,-6.240325662967377
202409,77.0,13.0,33.0,10.136819030237827,10.136858624005773,136.418,-6.214605918586714
202312,435.0,237.0,97.0,11.964497776245215,11.946530894022702,1078.28,-3.303245858364916
202301,106.0,23.0,28.0,12.646209675169615,11.92075444360033,572.973,-4.80048887997561
202211,235.0,36.0,98.0,14.104233588431216,13.86747662598888,2712.787,21.58341781989229
202308,201.0,14.0,46.0,12.45437309188288,9.880525940898782,706.723,-6.275982941585651
202306,59.0,7.0,32.0,12.954328084240782,12.922955883766702,2204.551,-1.2993759998726073
202208,384.0,110.0,84.0,9.204925739274683,9.205026277152413,2058.208,16.72996915564749
202301,2.0,0.0,0.0,12.850063719972098,12.714319948281364,0.0,-6.227889159480919
202301,115.0,15.0,62.0,14.441675701097516,14.367408640881635,2281.585,4.752514633444225
202401,65.0,0.0,4.0,9.752548376970841,0.6931471805599453,673.996,-6.2918148135823255
202312,282.0,76.0,58.0,12.23847691016419,12.231998643529415,343.436,-5.219902464553458
202307,3.0,1.0,1.0,11.408209186191696,11.289556888339721,629.046,-6.2918148135823255
202303,443.0,174.0,108.0,12.163086853354015,12.141683446576824,1119.031,30.4857922281044
202207,219.0,69.0,82.0,13.317115684615645,13.116496199126281,2009.85,-2.0701622884001187
202407,132.0,27.0,28.0,9.804495603329178,9.804550804676104,134.014,-5.298709589084469
202402,99.0,31.0,43.0,12.277430052631455,11.892128729889468,1155.433,3.5751625297090346
202306,227.0,74.0,41.0,10.217056645939756,10.213212388363457,293.847,-2.8305867621847476
202303,25.0,1.0,7.0,11.326246428134814,10.402230473559138,435.13,-6.276933343152721
202207,457.0,130.0,71.0,10.72834258908784,10.652022135175631,786.515,0.5145814766351418
202207,85.0,27.0,25.0,13.113568818389501,12.334720884945009,1146.159,-5.303653525276463
202212,171.0,9.0,27.0,13.608421195753039,12.53005289545436,1179.771,-6.243500304121533
202310,20.0,9.0,1.0,12.320124283729461,12.049757959262378,1745.017,-5.122626337567269
202303,162.0,27.0,40.0,12.098632190519622,11.866865672924929,308.583,-4.311360541136021
202307,253.0,149.0,45.0,10.93190982485381,10.931927703227235,367.32,-2.9746752250798605
202306,316.0,70.0,103.0,14.174187296973658,12.885898996482274,3605.308,24.90548162687338
202301,129.0,15.0,64.0,12.684747941952345,12.620814590418547,1024.103,5.604401336667392
202306,97.0,18.0,44.0,12.60112708351197,12.492585284461045,992.529,-5.319485397273138
202403,186.0,27.0,52.0,14.688223000224452,14.081765704661088,1450.879,13.692321598500532
202303,346.0,119.0,81.0,12.24278540871206,11.552694104907285,751.988,-2.679289547254068
202312,30.0,13.0,11.0,11.93748052818341,11.794805739494173,266.15,-2.182402451962317
202403,26.0,13.0,7.0,12.724717618348295,12.541662349977262,457.285,-5.265276550053281
202401,61.0,25.0,26.0,12.179230599562077,11.781944460591495,1275.382,-6.2918148135823255
202310,114.0,62.0,18.0,12.549818366117885,12.118240932156642,1032.063,-1.2657087436482328
202308,12.0,4.0,5.0,13.053947482291635,11.470904835707616,1332.942,-6.2918148135823255
202405,58.0,10.0,20.0,12.671751310587029,11.861340388675545,1946.561,-6.27185124575107
202310,321.0,16.0,13.0,13.625840466707603,13.409670879713472,3191.288,-4.091453364558326
202310,300.0,47.0,59.0,11.530038203246738,11.274871300920264,504.844,-4.296617231916073
202408,198.0,56.0,28.0,11.797886338315816,11.797893858724326,880.994,-1.1045957651743858
202301,135.0,1.0,2.0,10.081968409944144,8.366835309827675,31.754,-6.2918148135823255
202208,1170.0,546.0,184.0,13.784009570902212,13.718167813900031,4523.76,34.580634525961734
202211,370.0,215.0,53.0,13.539198270509997,12.898289393371813,830.047,-2.73774490463188
202410,111.0,33.0,40.0,11.31740924014814,11.317421399459436,565.574,-3.2178601435610714
202401,165.0,40.0,26.0,12.902873144588021,10.568029476085739,2348.867,-3.2418931590503
202408,110.0,3.0,21.0,11.548331218100781,11.548340870191183,293.219,-6.2918148135823255
202303,45.0,1.0,10.0,12.163248648339245,12.163253867096502,455.221,-2.3275124929370503
202208,26.0,3.0,4.0,12.385481631571526,10.892526761440571,785.671,-4.3263801727752815
202306,242.0,30.0,91.0,9.670104253491726,9.670167394770358,391.533,-5.807709751409733
202403,286.0,76.0,115.0,13.951945231985752,13.583669290946869,1626.272,-5.216507096043242
202210,156.0,73.0,35.0,12.314177890968594,12.281472283124804,739.132,-1.2478148192094247
202409,14.0,3.0,0.0,9.704853670249868,9.082052351674651,62.583,-6.2918148135823255
202404,65.0,4.0,4.0,12.837373677263251,12.833472574732419,1310.079,-6.227817050640098
202306,152.0,31.0,58.0,13.136999741337318,13.062513580333658,1017.47,-6.20711335129225
202408,81.0,25.0,36.0,12.65651430601914,12.62560829761512,2532.806,-6.213007689051315
202311,120.0,1.0,15.0,10.446305907338292,10.446334962324856,64.068,-6.2918148135823255
202308,131.0,28.0,20.0,12.095062869473649,11.689731841076073,728.821,-6.178948639968441
202303,9.0,3.0,3.0,12.223229619306663,12.170751120652321,1172.778,-6.227889159480919
202303,204.0,14.0,23.0,12.195016753769698,11.718255289813102,554.603,-6.2918148135823255
202402,106.0,27.0,16.0,12.045698473219044,11.265950180402672,236.209,-3.359945094225159
202207,411.0,157.0,65.0,11.249415544489432,10.723817893264371,1647.306,45.07803252203834
202401,75.0,14.0,16.0,12.394769669110016,12.334171181880755,833.801,-6.036112197176701
202405,163.0,7.0,41.0,13.122777291729975,13.027986761693407,1402.035,-0.3455981521650031
202301,275.0,9.0,1.0,11.793764174940002,10.852516492998056,521.291,-6.256157534964052
202210,145.0,98.0,19.0,11.277684028457882,11.274389049048537,409.594,-3.906966588197433
202406,140.0,43.0,62.0,13.446214877954905,12.726819886865822,1487.39,-4.871956459967388
202404,157.0,39.0,62.0,13.080811950246094,12.927792705576307,1223.217,-6.276933343152721
202401,70.0,22.0,33.0,14.016612978401604,13.28598789551372,1482.726,-4.165095825541282
202402,396.0,18.0,15.0,13.054313632462259,12.670900403031846,1625.518,-6.250263197204988
202407,72.0,15.0,20.0,10.985563872564137,10.976303286160228,518.722,-6.222586334723208
202301,140.0,26.0,63.0,14.09900161034757,13.95102523258424,722.61,-6.276933343152721
202404,248.0,31.0,92.0,11.228385118790696,10.94273900380909,303.398,-5.807709751409733
202310,174.0,33.0,46.0,11.466158752241443,10.312214003346664,507.508,-6.258381774551138
202410,159.0,10.0,26.0,11.229899204054641,9.283776690049365,352.194,-6.271039005393656
202208,2.0,0.0,0.0,13.478090472276028,13.478091873602663,916.393,-6.163963505379513
202308,60.0,2.0,8.0,8.730851903519232,8.731013415269564,120.226,-6.156574602244373
202210,232.0,56.0,79.0,12.56144373982627,12.555602121308034,799.475,-6.260874810590354
202303,99.0,32.0,42.0,11.698126206265025,11.526127927647984,923.229,3.5751625297090346
202312,55.0,15.0,19.0,12.154810929591386,12.123321272733206,655.825,-6.160479637513261
202207,1161.0,408.0,245.0,12.004580501660532,11.952746910212378,2448.573,31.97349489222662
202210,54.0,23.0,12.0,12.740367695074083,12.50885882449658,1046.317,-5.255339015815672
202210,28.0,2.0,3.0,14.928036599868767,10.471638242921388,13880.706,-6.2918148135823255
202405,343.0,168.0,50.0,10.825004603381865,10.737635038817514,428.935,-0.4441403072644565
202311,62.0,8.0,24.0,11.896955814580414,11.485934463105643,800.334,-6.2918148135823255
202208,6.0,1.0,0.0,12.528800864359127,12.511437452834263,3380.664,-6.163963505379513
202208,123.0,18.0,35.0,12.118066228197515,11.733922714626013,1219.373,12.686559143160155
202307,166.0,15.0,8.0,13.130422812729938,12.33390721703934,2325.301,-6.20711335129225
202403,39.0,7.0,9.0,13.50059705284407,13.118457760401835,3214.223,-6.213007689051315
202306,29.0,8.0,10.0,10.640101227841237,10.640125164170602,108.432,-6.2918148135823255
202402,64.0,18.0,15.0,12.361421179072698,12.361425459647238,453.755,-5.266088790410695
202408,261.0,57.0,145.0,11.647910800107889,11.647919537356966,1273.68,-6.271039005393656
202403,91.0,34.0,12.0,11.818024969459078,11.818032339932225,231.248,-1.3662420779349826
202402,30.0,8.0,10.0,11.132879534708255,11.132894158118875,125.034,-6.2918148135823255
202303,36.0,10.0,15.0,13.092042304708468,12.931355402682646,1464.597,-3.5895131986815803
202406,478.0,10.0,28.0,10.603635172740818,10.603659998032827,128.6,-6.241276064534448
202303,137.0,54.0,31.0,13.059029463769056,12.570437942752912,1143.753,-2.2509296079931254
202407,214.0,19.0,64.0,12.769640613304025,11.84239466605047,1438.323,-0.5778139231780983
202306,120.0,30.0,29.0,11.869893365992844,11.294483344589588,473.003,-3.3540507564660946
202404,20.0,9.0,4.0,12.345669356864132,11.897384822319347,595.928,-6.2918148135823255
202310,488.0,138.0,93.0,11.50168249902418,11.45862766156238,520.51,38.44912294820756
202405,23.0,7.0,10.0,13.548573152609944,13.51097662043228,1717.589,-6.173680312261062
202404,36.0,7.0,17.0,11.854776069349661,11.699139436479527,380.383,-6.234431325208313
202309,70.0,35.0,8.0,10.671278276091838,0.6931471805599453,181.989,-6.2918148135823255
202212,210.0,23.0,75.0,14.808458581143544,13.911962812625491,1919.081,-0.17381796524253623
202308,83.0,2.0,0.0,11.003099341537322,8.271804031154709,569.473,-6.2918148135823255
202312,93.0,9.0,22.0,14.520888635225933,13.212456334777517,3026.003,-4.347155980963951
202212,376.0,139.0,69.0,11.885371390621158,11.391017684236893,862.827,-1.1104901029334506
202210,107.0,15.0,52.0,12.954115125461698,12.364144200100668,1452.757,-5.319485397273138
202402,105.0,10.0,21.0,13.948788918578897,12.988335861731116,1066.649,-6.1429669698347835
202207,143.0,62.0,68.0,11.21022450487259,11.210238039877497,969.743,-5.954397856235217
202208,162.0,54.0,26.0,13.342399706299027,12.518340007740266,2084.758,10.26396913421897
202211,57.0,4.0,4.0,9.762845222733661,9.608915129379593,71.618,-6.2918148135823255
202406,221.0,7.0,10.0,13.758507308556291,11.946738286260496,1635.71,-4.211282151398518
202310,67.0,28.0,14.0,10.233833921427351,10.233869854519936,169.325,-3.906966588197433
202307,600.0,201.0,117.0,12.186900019741364,12.084949663457229,1107.819,0.9141469831390658
202402,45.0,10.0,12.0,13.192980262799868,12.660943601251688,665.539,1.5507461709925794
202306,404.0,76.0,48.0,12.535351212499641,11.981121210979447,457.365,-4.223856816094633
202307,206.0,23.0,59.0,12.673898906028102,12.284694344048264,1724.881,2.005817034188702
202404,29.0,9.0,15.0,12.807559477540902,12.543940336623173,756.335,-6.258381774551138
202310,5.0,3.0,0.0,10.834627487260489,10.834647192276401,154.376,-6.27185124575107
202207,133.0,24.0,30.0,11.863793581875173,11.725663061650518,520.488,0.8958701441992449
202402,162.0,50.0,30.0,14.9378201673361,13.548883922486047,1951.54,9.270863909721115
202407,27.0,15.0,7.0,12.228220559705514,12.17430846322475,531.155,-5.265276550053281
202303,556.0,209.0,92.0,15.2592956943526,15.120933201209942,1300.59,27.94024569250825
202410,76.0,11.0,7.0,11.699471419750619,11.258342844820639,104.684,-6.256157534964052
202301,87.0,29.0,14.0,12.439008099306852,12.439012060322536,252.766,-6.271039005393656
202407,68.0,22.0,18.0,11.575674886623338,11.575571571620499,735.842,10.69797143182213
202408,268.0,54.0,130.0,15.094218316421076,14.697832011731434,9601.064,-3.2311433844552764
202407,230.0,121.0,16.0,10.819938271611647,10.819958268212227,368.511,-0.32704658356342
202301,137.0,54.0,31.0,13.694379674514062,13.068563786984388,1583.825,-2.2509296079931254
202301,49.0,12.0,37.0,12.963470805891642,12.963473150312916,745.743,-6.2918148135823255
202310,79.0,21.0,27.0,12.248911804206166,10.874550520257262,663.413,-2.3817213401569073
202403,161.0,13.0,35.0,12.340848263784856,12.25006082240089,523.606,0.5144911005819859
202303,97.0,18.0,44.0,12.89415451905542,12.811480911782112,867.824,-5.319485397273138
202309,143.0,43.0,69.0,11.520050024912525,11.452771982150384,1210.616,1.081802127340307
202210,83.0,34.0,25.0,13.854368705398548,13.062192902447595,2660.146,-6.073381195167499
202301,29.0,4.0,10.0,14.164336176391584,13.769522115305143,1867.894,-4.029702591448098
202410,289.0,21.0,57.0,12.665991216097355,11.962560556822867,1394.0,3.656293133233099
202410,4.0,1.0,0.0,12.437315310300999,12.43731927802751,495.483,-5.303653525276463
202303,323.0,57.0,77.0,12.67108257699592,11.88044637816225,855.096,-6.2918148135823255
202301,443.0,174.0,108.0,12.811521849808768,12.789697885925948,2009.621,30.4857922281044
202406,17.0,8.0,1.0,10.74285404259705,10.742875641568942,253.315,-6.1171916303908676
202306,115.0,3.0,2.0,10.645139142155688,10.645162958200558,74.937,-6.271039005393656
202312,300.0,47.0,59.0,12.699896555776178,12.311256645610042,528.986,-4.296617231916073
202207,168.0,63.0,34.0,14.744458843942702,14.705699584943634,1372.452,-3.149395835963297
202210,264.0,35.0,133.0,13.610694281442884,13.291641909226328,2187.802,-5.2860523582419505
202409,95.0,21.0,37.0,11.063210619337342,11.063226297864814,763.422,1.9938759877200667
202402,172.0,48.0,29.0,10.693103332582247,10.599954217506415,608.188,-0.31870727886120864
202303,10.0,4.0,3.0,12.7815899037113,12.330407504375115,1110.165,-6.2918148135823255
202303,165.0,13.0,17.0,12.505128540140955,12.35924856471832,847.73,-6.271039005393656
202308,191.0,51.0,24.0,10.742400356388892,10.742421965162054,188.057,-6.234431325208313
202303,546.0,140.0,149.0,11.736628859542952,10.023845049199862,980.083,22.802683447292623
202301,131.0,27.0,47.0,14.287116028576827,14.040531545791115,1225.013,26.45534001377063
202210,543.0,167.0,87.0,12.972646852166962,12.40620546909244,1211.2,36.01560806221079
202309,32.0,4.0,4.0,10.37854091041397,9.513772754519195,131.455,-6.271039005393656
202211,504.0,193.0,119.0,13.465379867893313,12.810251991029373,1635.971,11.39797499387837
202409,101.0,25.0,18.0,10.86900644788211,10.571573302500703,199.908,-5.298709589084469
202404,505.0,63.0,90.0,12.234766996571517,12.222728169023307,1008.903,34.488079731114354
202403,205.0,81.0,50.0,11.865024957477141,11.634611983226828,670.789,6.5495342670106105
202208,350.0,158.0,59.0,12.794006521818387,12.749445804705415,1916.93,20.82718978429788
202410,1.0,0.0,0.0,11.316922746420394,0.6931471805599453,0.171,-6.2918148135823255
202303,268.0,89.0,78.0,13.304716600363571,13.219595345753168,660.084,-2.7010878658506288
202410,176.0,72.0,46.0,12.078250637592086,12.07447081866712,1082.469,3.55860098350135
202303,229.0,112.0,39.0,13.816986468272626,13.60490433487272,1252.459,4.736143625764191
202311,502.0,170.0,264.0,14.62579612199258,14.417476224039662,5984.122,-4.777110945824491
202303,255.0,79.0,68.0,12.173492634028582,12.1634260708087,612.326,6.942692169951551
202408,123.0,19.0,32.0,12.216151680971839,11.7972167953479,1297.65,12.906653839543415
202301,97.0,18.0,28.0,15.759780505481315,12.78113987135763,9340.156,-6.2918148135823255
202311,338.0,115.0,55.0,11.916575593665943,11.895497174265083,554.41,0.910225478562376
202408,13.0,3.0,7.0,12.216597068986387,12.21660201662797,1699.138,-6.227889159480919
202308,130.0,11.0,17.0,9.513108081846005,9.513181956185786,106.61,-6.271039005393656
202303,8.0,2.0,1.0,12.75247292055983,0.6931471805599453,1523.863,-6.2918148135823255
202303,103.0,15.0,16.0,10.80191976610897,10.731799166583231,117.196,-5.271170887812346
202309,139.0,20.0,7.0,10.946040822807591,10.831034692665982,288.56,-4.874213907104969
202306,316.0,82.0,72.0,13.182200865983251,12.965068426199363,1593.319,58.793278658899546
202312,88.0,18.0,13.0,10.182406339317753,10.147256921643994,220.612,-6.2918148135823255
202306,102.0,19.0,31.0,11.984902146467578,11.984908384128705,590.034,-1.7422130591957998
202303,92.0,34.0,13.0,11.884723476674546,11.709182799502662,208.671,-1.3662420779349826
202311,200.0,87.0,30.0,8.917176635955164,8.917310693197807,241.442,-5.2860523582419505
202301,231.0,8.0,13.0,10.568415283521176,10.500041230184792,206.169,-6.2918148135823255
202408,5.0,0.0,0.0,11.474756198852726,0.6931471805599453,1554.162,-6.2918148135823255
202210,432.0,108.0,99.0,12.754170932385275,11.493212433660208,1008.269,8.692327369063316
202301,32.0,5.0,2.0,14.184107649822751,13.790702363694598,11231.11,-4.155379018659732
202303,169.0,10.0,17.0,11.15479231550927,11.154806621967923,177.878,-6.276933343152721
202401,108.0,10.0,15.0,10.645662964163428,10.645686767736345,518.175,-4.682144187396456
202303,57.0,9.0,11.0,13.967363457057045,13.37311742647991,4515.944,1.5507461709925794
202212,53.0,12.0,17.0,15.526293133302696,13.363285548308035,3827.818,-5.298709589084469
202306,4.0,0.0,3.0,13.254673274306615,13.254675026444003,1572.198,-6.227889159480919
202405,60.0,15.0,19.0,10.809202558038098,10.796304928224641,238.387,-5.099390700889879
202309,21.0,3.0,5.0,11.469882255377264,9.42084437974393,124.387,-5.319485397273138
202407,34.0,10.0,7.0,9.168788944817948,9.168893182062009,35.394,-6.2918148135823255
202212,112.0,14.0,42.0,12.185380022305084,12.17105150182793,358.01,-6.2918148135823255
202312,82.0,18.0,21.0,11.755746145509987,11.181876495813235,243.775,-5.222126704140544
202406,142.0,20.0,34.0,12.098632190519622,12.094246830347917,559.673,-6.2168301581738
202407,212.0,96.0,48.0,12.374793801396114,12.373711943537987,757.622,-0.9199376200533393
202312,74.0,14.0,40.0,12.83188540005053,12.656428260526516,1064.534,-6.275982941585651
202404,65.0,10.0,22.0,13.473556724806935,13.123063132518602,1131.32,-5.265138388843624
202306,54.0,23.0,19.0,10.652187692216323,10.64134515786313,138.906,-6.2918148135823255
202402,277.0,19.0,157.0,14.380990262343852,14.328764630659805,2451.531,13.469047419563752
202406,129.0,15.0,64.0,11.5701560984245,11.53251238272827,705.351,6.356636056593318
202309,35.0,2.0,2.0,12.564694193605108,5.730099782973574,706.092,-6.250263197204988
202401,61.0,7.0,5.0,10.648420406245304,10.648444144272437,81.267,-6.276933343152721
202208,78.0,28.0,24.0,13.551611416175012,13.148109093822745,4823.163,-2.108279395507113
202211,41.0,2.0,6.0,13.736685941449721,11.574754067593162,3449.098,-5.319485397273138
202308,58.0,8.0,24.0,10.617637620184352,10.602069935586012,280.624,-0.9899783392698707
202303,16.0,2.0,4.0,12.38687638435433,11.89760946722817,620.271,-4.246856863870388
202410,287.0,30.0,14.0,11.56488203933897,10.739543891699677,189.28,-6.271039005393656
202310,261.0,27.0,37.0,11.900701710207308,11.676242575836485,546.102,-4.2266590788459455
202208,255.0,79.0,68.0,11.43154185869385,11.41788924763476,835.414,6.942692169951551
202406,202.0,6.0,26.0,11.49574878684961,11.165436769383183,376.322,-6.256157534964052
202403,62.0,9.0,4.0,11.85398715392525,11.584026778796284,379.094,-6.2918148135823255
202406,129.0,4.0,14.0,11.732101154723052,11.721044714585323,580.63,-6.276933343152721
202403,54.0,8.0,5.0,12.73105262213948,12.286462985080439,1021.636,-6.194456120449732
202310,127.0,15.0,51.0,12.509002871744327,12.091548045402025,529.434,10.273978698504814
202303,24.0,5.0,7.0,12.066551924058913,11.986036760415377,474.303,-6.227889159480919
202211,129.0,15.0,64.0,12.103214551756881,12.037896568032023,689.5,5.604401336667392
202301,164.0,40.0,26.0,13.144623766242425,10.640962574945574,2551.176,-3.2418931590503
202405,430.0,7.0,31.0,9.835850903820317,9.814874894179525,146.79,-6.271039005393656
202212,1.0,0.0,0.0,14.113771229214114,0.6931471805599453,16.18,-6.2918148135823255
202403,11.0,4.0,1.0,12.594893333950225,11.119719900617751,1721.316,-6.2918148135823255
202405,124.0,38.0,40.0,12.048295397647216,12.048301252156799,402.113,-1.351368948644038
202311,90.0,22.0,15.0,12.499898307429914,12.318767201248074,375.851,-2.3690641093143885
202404,182.0,121.0,20.0,11.753783189768539,11.438837492616509,845.869,-5.908260888973889
202404,78.0,18.0,42.0,13.518203648347173,13.518204994574674,648.675,-6.163963505379513
202207,23.0,8.0,3.0,10.483606002798068,10.48363399400883,116.829,-6.2918148135823255
202403,480.0,103.0,37.0,13.643652863509956,13.465731780713384,1047.276,-6.2127869616952545
202401,113.0,16.0,56.0,13.681735707134779,13.39969355338626,1092.282,-6.2918148135823255
202301,40.0,9.0,10.0,13.327489586851547,13.119633655100122,1672.887,-5.260056291441973
202211,17.0,4.0,7.0,12.3519333439324,10.761788937205512,340.891,-3.3748265646547635
202301,41.0,6.0,28.0,13.474337690669172,13.447562308427083,1787.76,-5.2860523582419505
202310,87.0,17.0,40.0,12.45014759859961,12.289875965536611,1264.631,-6.19812621862171
202207,171.0,31.0,50.0,12.78395486741515,12.601746643442223,1187.879,-3.3540507564660946
202303,251.0,22.0,88.0,14.64150233285678,14.334142433509546,3651.66,41.19067926259531
202408,249.0,43.0,74.0,11.50719910059678,11.504389133947942,494.385,-6.251075437562401
202303,71.0,13.0,11.0,11.382532001036633,11.382543393737329,492.717,8.108932412098886
202407,28.0,2.0,7.0,15.351528815146366,15.165279410601523,10303.947,-4.075621492561652
202210,95.0,34.0,20.0,11.862532489912535,10.847354540180387,244.798,-4.02752771045692
202406,28.0,8.0,10.0,12.3020734958576,12.270867383841322,1464.431,-3.3109009105533573
202306,118.0,30.0,29.0,11.876575029596234,11.870557950319823,679.742,-3.038106073968169
202406,109.0,36.0,23.0,11.253299448078604,11.25331241244604,240.793,-6.20711335129225
202403,163.0,41.0,41.0,12.521375964762983,12.428307784362676,930.639,-6.2620518727231165
202301,9.0,0.0,2.0,12.474304278660309,12.474308102306116,520.096,-6.163963505379513
202210,66.0,8.0,17.0,14.013430655817025,13.44041557337296,9247.226,-5.1708582808816566
202312,174.0,66.0,91.0,13.571204655348044,13.551453862142441,2087.458,3.5161808117996234
202303,132.0,37.0,47.0,12.503443876118636,12.09160411084162,505.089,-5.319485397273138
202210,249.0,13.0,65.0,11.48034028787254,11.445128306904403,476.81,-6.2918148135823255
202207,91.0,31.0,6.0,10.820358116275292,10.757157922428616,379.657,-3.3109009105533573
202212,259.0,67.0,96.0,13.330003367182378,13.07429855011449,1060.455,-6.121565151594428
202306,150.0,27.0,73.0,13.228699816693734,12.914559075947855,2362.959,-2.3049177278569215
202408,114.0,29.0,26.0,11.911882776565092,11.911889486736033,878.332,-4.34708387212313
202210,6.0,3.0,1.0,10.797798488802224,10.797818933055856,154.01,-6.27185124575107
202406,213.0,43.0,130.0,12.596860568792188,12.531718632078675,987.436,-5.255559743171732
202310,106.0,29.0,35.0,13.844198106988529,13.421729919784928,3396.766,-4.971539392687067
202307,88.0,7.0,15.0,12.334795621224892,11.904183461643367,589.712,-6.2918148135823255
202307,265.0,53.0,42.0,13.852422839507572,13.583325000644951,3891.998,20.03089373869583
202303,383.0,109.0,70.0,11.637485484905636,11.632724245425084,491.607,15.136040025405139
202311,114.0,29.0,25.0,12.331925256628738,12.331929665343,581.896,-3.3747544558139424
202403,85.0,14.0,17.0,14.37144471988114,13.703415191806451,2469.967,5.294931646016421
202312,174.0,33.0,46.0,12.674844266164872,11.420557951273969,519.91,-6.258381774551138
202409,44.0,21.0,13.0,12.141630119784898,11.99556146873673,519.635,-5.2860523582419505
202303,36.0,12.0,9.0,13.00052337336939,12.833085365451648,990.99,-6.276933343152721
202208,214.0,72.0,22.0,10.36037428013116,10.287081896226075,641.551,-3.1131802518941663
202403,225.0,86.0,75.0,13.944484958253158,13.690785985490841,1747.769,10.257255902989138
202303,256.0,30.0,97.0,14.086359494812074,13.320935508784041,2117.496,-4.274891022160334
202307,4.0,0.0,0.0,15.942066932658246,15.796939659520895,22830.057,-5.239727871175058
202301,153.0,31.0,58.0,13.985744351222474,13.928972270137097,1337.722,-5.234783934983064
202303,103.0,25.0,38.0,11.675426894314876,11.675435394427502,437.794,-1.2682573747507027
202402,116.0,35.0,25.0,13.563763035911798,13.408774642722664,977.431,-5.255559743171732
202402,84.0,17.0,39.0,12.88621310422888,12.839899665593945,353.126,-6.2918148135823255
202312,65.0,0.0,4.0,9.836278802842678,0.6931471805599453,608.074,-6.2918148135823255
202212,1164.0,409.0,245.0,12.995953991545461,12.897383140415162,2322.248,32.945824308535805
202308,25.0,8.0,9.0,9.762096784344138,9.470933838737231,103.247,-6.2263945941048435
202301,185.0,27.0,52.0,13.890666266764498,13.332922475609523,1124.025,-5.9579529006140195
202306,61.0,25.0,26.0,11.69230101989222,11.228105958131923,1109.162,-6.2918148135823255
202410,28.0,2.0,1.0,12.156961179748906,11.441246847236334,1037.343,-6.143187697190844
202212,207.0,42.0,53.0,14.636696009040868,13.908975399815713,2217.485,0.6132617929442521
202312,202.0,24.0,50.0,13.189195516188793,13.139027752200006,751.999,25.362498833797865
202408,525.0,187.0,97.0,12.308651796777616,12.218174126346845,1377.314,13.453410942262527
202401,99.0,15.0,25.0,12.466589049909185,12.466592903169332,1288.295,-6.2918148135823255
202210,142.0,19.0,31.0,11.833616691028954,11.797231846182093,416.191,-6.2168301581738
202210,23.0,5.0,7.0,11.085015341531545,10.991257946359317,459.628,-6.227889159480919
202303,75.0,14.0,16.0,11.916615665528154,11.84773918415428,597.185,-6.036112197176701
202207,341.0,168.0,36.0,12.216592121320325,12.016563318496194,1627.225,-5.201350895951876
202407,236.0,29.0,55.0,11.649787554659945,11.13470580575226,643.503,-1.1951915652235252
202303,233.0,46.0,73.0,12.454614901556445,12.44768067431535,650.156,-6.101636080813506
202210,60.0,5.0,14.0,9.83633227734872,8.91811465947453,305.47,-6.2918148135823255
202301,63.0,9.0,26.0,14.356444347607077,13.63170069419073,1729.121,0.5942486266800664
202207,18.0,6.0,3.0,12.570083614912585,12.269971899880266,882.58,-1.4301677320363888
202312,16.0,0.0,1.0,11.71847514788339,0.6931471805599453,1597.859,-6.227889159480919
202402,365.0,212.0,51.0,14.164743176373573,13.27079545141529,1104.24,-2.73774490463188
202303,120.0,1.0,14.0,11.370013065111372,11.370024601332222,57.473,-6.2918148135823255
202303,100.0,32.0,49.0,14.303925528489039,13.283908933327714,1654.541,0.20244577342257486
202408,258.0,86.0,78.0,14.001711247850027,13.915333268243664,4444.451,39.01954468446784
202303,153.0,31.0,58.0,13.795779168130647,13.72793538570832,916.059,-5.234783934983064
202404,62.0,17.0,34.0,12.960176157590695,12.57342043152521,1536.99,-6.22494873551995
202301,113.0,7.0,16.0,13.236250835140366,13.236252619855529,1110.878,-6.227889159480919
202403,132.0,35.0,54.0,14.502993728259778,14.440141717611674,4348.908,5.881125920584308
202301,521.0,109.0,185.0,14.066804541591745,13.691815203947524,5037.613,32.26664266252966
202312,80.0,10.0,21.0,12.558601004254978,11.975331555874519,374.468,-5.002032007757285
202208,74.0,2.0,13.0,13.857045897993112,12.934635231311074,3697.63,1.5536865949535485
202312,42.0,9.0,20.0,12.440935259598358,11.742003373105955,662.115,-6.2918148135823255
202307,134.0,44.0,40.0,11.251443810887574,11.054027934064598,551.439,-4.283230326862545
202301,28.0,7.0,14.0,13.37808872990653,13.299374190463032,896.878,-6.036112197176701
202309,36.0,8.0,3.0,9.29394595583098,9.28637505825218,74.626,-6.2918148135823255
202308,278.0,6.0,5.0,7.478169694159785,7.2456550675945355,15.095,-6.256157534964052
202407,85.0,9.0,18.0,11.95836100512222,11.921558882016086,437.286,-6.243500304121533
202303,443.0,174.0,108.0,12.594381421811644,12.576632249895527,1324.597,30.4857922281044
202403,140.0,39.0,45.0,14.063389647776793,14.061269248341139,1702.857,9.774686199184744
202402,76.0,18.0,27.0,13.380007287739977,12.441504386833415,606.68,-6.213007689051315
202301,21.0,5.0,7.0,13.787466987179517,13.022098744541536,1465.081,-5.158201050039138
202401,50.0,2.0,21.0,13.885346274157813,12.504327379899443,1314.327,-6.227889159480919
202404,116.0,23.0,70.0,12.883296215670752,12.78000827058494,516.996,-6.2918148135823255
202210,73.0,10.0,26.0,11.622470214499264,11.08071075511935,512.01,-1.3020236664292817
202406,54.0,23.0,19.0,10.566407457475977,10.560696626290444,149.787,-6.2918148135823255
202307,171.0,25.0,81.0,14.546897201177888,12.592032082246389,2766.1,-6.2918148135823255
202307,16.0,0.0,1.0,11.558042223773352,0.6931471805599453,1897.496,-6.227889159480919
202301,77.0,19.0,27.0,13.551785868538243,12.550676020379873,636.919,-6.213007689051315
202310,45.0,5.0,14.0,13.932476370896223,13.446744235622125,1915.359,-4.313722941932763
202207,34.0,2.0,14.0,13.100661587840603,12.611624416549667,2494.087,-6.20711335129225
202407,21.0,4.0,9.0,12.159133018061024,11.846873088865454,465.417,-5.304603926843534
202402,7.0,1.0,1.0,12.459582440008043,11.177284882428873,1097.952,-6.2918148135823255
202306,302.0,72.0,98.0,14.325130855616509,14.038887681998252,3280.008,23.099900336261015
202311,262.0,102.0,49.0,10.908905754228723,10.908924048640696,314.778,-3.9969992266279197
202402,338.0,20.0,36.0,15.045168652744545,13.448118389184337,4226.728,-2.799396960550293
202407,97.0,46.0,26.0,10.073610001873085,9.389908140573516,224.718,-4.387617461125155
202207,384.0,110.0,84.0,9.164610520270008,9.164715193949908,1886.963,16.70919334745882
202301,149.0,56.0,23.0,11.681477657678185,11.618041950855211,568.146,4.3250920173408804
202310,354.0,63.0,146.0,13.531588076053643,12.9429376237224,2335.078,4.105204558476556
202210,60.0,4.0,26.0,13.508119533828616,13.342898730324311,2540.535,2.726434217288661
202303,277.0,71.0,57.0,9.126088819528592,9.126197603863755,342.299,3.8436437656013194
202311,76.0,42.0,18.0,14.01177282328893,13.812068641359417,4552.535,-5.183611567707706
202308,19.0,9.0,7.0,10.128309694228893,10.114477547677767,289.71,-6.2918148135823255
202301,156.0,28.0,78.0,11.825573283439757,11.825580598487909,364.18,-4.021584014101947
202307,77.0,11.0,41.0,13.284920906157144,13.19088146953473,1444.68,-5.155260626078169
202311,12.0,6.0,1.0,10.584410318473351,8.479491324232226,74.446,-5.319485397273138
202408,278.0,105.0,53.0,11.224389694888966,10.941393966086842,643.506,-3.3020254496384642
202301,57.0,9.0,11.0,14.189828937075601,13.517241979009167,5338.98,1.5507461709925794
202403,45.0,1.0,9.0,13.044466698695848,13.044468860715433,570.492,-1.3551830766278634
202303,955.0,258.0,195.0,13.802158818875348,13.629718184849882,2200.377,34.32175748735839
202310,256.0,29.0,98.0,13.895554804098165,13.189322715997417,2062.019,-4.274891022160334
202210,193.0,22.0,64.0,12.9470786042733,12.662297405664129,1741.703,-6.088978849970988
202402,325.0,81.0,95.0,14.804264080852073,14.447321019476723,2128.08,15.731398700290532
202408,11.0,0.0,0.0,15.036631882322393,13.343229136518422,5743.009,-6.227889159480919
202312,120.0,15.0,42.0,13.231431212453376,12.958146536682529,905.253,-5.319485397273138
202208,96.0,17.0,44.0,12.70191152698784,12.658761612426606,1265.16,-5.319485397273138
202210,54.0,28.0,13.0,12.010860359144655,11.80516214941169,482.097,-3.2774678715221697
202207,62.0,20.0,29.0,12.87141945190736,12.861393340549663,1916.35,-6.2918148135823255
202310,181.0,20.0,26.0,11.889552044710666,11.672055157487508,657.205,-6.222807062079268
202309,26.0,3.0,5.0,10.812652959467695,6.082218910376446,320.3,-6.163963505379513
202311,32.0,5.0,2.0,14.405979732828337,13.954035213476503,11009.56,-4.155379018659732
202210,189.0,49.0,50.0,12.79327302749092,12.427919356310083,987.725,17.815260599823134
202307,71.0,14.0,11.0,10.030736753451592,10.018867703576202,234.028,-6.2918148135823255
202301,129.0,37.0,45.0,13.246312254023508,12.407771902750365,860.541,-3.1212988292403168
202311,331.0,101.0,66.0,12.071535032549988,12.060653732626362,593.254,-1.0324952187598528
202408,74.0,11.0,21.0,11.594533101349988,11.594542317642551,317.291,-6.2918148135823255
202303,120.0,16.0,40.0,12.986227453072718,12.728042936151015,654.999,-5.319485397273138
202210,28.0,3.0,6.0,13.534385607191512,12.927554578517388,2838.721,-5.828503362875808
202408,36.0,7.0,17.0,11.591579516599419,11.41902129626888,589.459,-6.234431325208313
202210,453.0,181.0,127.0,14.10403202802329,13.468256809154372,2826.027,2.8615255123623484
202403,114.0,7.0,16.0,13.067668514763966,13.067670627198282,1080.302,-6.227889159480919
202212,167.0,58.0,59.0,13.654135679672633,13.538951725598352,1073.841,13.839406800323589
202403,698.0,215.0,113.0,11.637291231280429,11.637300061809333,1978.433,11.541046640105423
202401,63.0,14.0,14.0,11.89793613339867,11.897942937809288,573.167,-6.2918148135823255
202311,44.0,3.0,15.0,12.433610527614848,10.393048680997394,798.261,-6.2918148135823255
202207,145.0,39.0,7.0,12.17037292639585,12.160918363523065,287.008,-6.100037851278107
202207,119.0,18.0,25.0,14.011754743598585,13.22387609979126,3138.361,5.521811384721309
202401,230.0,18.0,32.0,13.06893728390105,12.166057616991937,392.044,-6.271039005393656
202410,208.0,29.0,31.0,8.2482674474469,8.248529124800218,192.589,-6.1640671695388365
202409,433.0,136.0,161.0,13.34220227435823,12.741521611194694,5999.902,12.917884209610689
202309,69.0,3.0,2.0,9.561278894062978,9.561349294288288,19.798,-6.240325662967377
202308,4.0,1.0,0.0,7.589335823170617,7.589841512182657,24.258,-4.3313241089672765
202303,178.0,50.0,54.0,12.97115436662298,12.374890942286383,889.483,0.9374217605765827
202303,6.0,2.0,4.0,13.02660769837996,13.026609899357856,1505.947,-6.2918148135823255
202403,234.0,34.0,99.0,14.681844365268729,14.344023042959346,3186.909,20.61617050098475
202301,155.0,38.0,40.0,14.57750259905809,13.77389658324381,1832.733,-4.347155980963951
202310,912.0,309.0,119.0,12.459710483713803,12.455819178638917,1595.127,16.058980325051195
202404,5.0,0.0,0.0,11.71433043624045,0.6931471805599453,725.075,-6.2918148135823255
202407,215.0,28.0,83.0,15.041612692477417,13.961695308139847,10705.077,7.781762215701484
202301,629.0,242.0,146.0,14.280352136723165,13.800274069968857,4020.283,26.69748120493405
202408,347.0,79.0,91.0,12.594259337838066,12.038588468390497,1563.937,3.6664555163224097
202403,85.0,24.0,20.0,12.989981038650194,12.943949376161388,1177.718,-5.943868808996254
202301,241.0,93.0,71.0,14.715635728392286,14.564648582130353,2115.32,2.894436407232133
202303,119.0,16.0,76.0,12.889169490236618,12.809377172088428,469.09,-6.255207133396982
202307,29.0,11.0,7.0,11.386647701057013,11.385716898229186,278.976,-3.0908062141700983
202406,371.0,64.0,88.0,13.704337627347497,12.645768473354497,1933.017,-3.1128033205812407
202207,53.0,24.0,17.0,11.510001193452982,11.510011222688203,220.967,-0.017648922960683322
202407,651.0,289.0,155.0,9.54043517305957,7.750614732770409,1552.871,12.779100144912695
202208,87.0,15.0,21.0,11.9505285706062,11.483321561711648,1200.531,0.6118497937145797
202301,383.0,80.0,97.0,14.028775879825947,13.493172166312831,2287.926,32.12883872481879
202210,151.0,16.0,33.0,14.006762949203805,13.199628076135527,2514.622,13.01530144295439
202210,52.0,3.0,3.0,14.489324551023934,12.977321420251995,7017.897,-1.4301677320363888
202405,252.0,13.0,25.0,12.06274485306164,11.930740662470377,664.3,4.48851022810881
202401,522.0,187.0,170.0,14.630971826773475,14.327654312613923,3970.52,22.66765500065197
202408,43.0,0.0,0.0,13.896666491925277,0.6931471805599453,9798.626,-6.2918148135823255
202308,109.0,23.0,17.0,11.992588541182357,10.41711923563258,239.693,-6.241276064534448
202312,485.0,114.0,84.0,12.120280524945274,12.120285972829452,771.854,2.4191832582522537
202406,187.0,32.0,99.0,13.938400530988803,13.812600327348173,3964.958,-5.623970452537256
202303,158.0,36.0,64.0,12.600604873575081,12.095269568188662,708.791,-3.278197545733179
202303,64.0,0.0,4.0,9.739496952426897,0.6931471805599453,449.63,-6.2918148135823255
202308,1.0,0.0,1.0,7.0967213784947605,7.097548850614793,39.435,-6.2918148135823255
202210,84.0,4.0,10.0,10.282540236692459,9.707959168254892,222.814,-6.227889159480919
202303,80.0,7.0,18.0,13.44442078927665,13.435471939434342,787.737,-6.00779446309766
202409,18.0,1.0,0.0,9.107753783201082,5.655991810819852,668.228,-6.271039005393656
202211,54.0,22.0,10.0,11.219560609382949,11.219413095989136,345.315,-6.237605966362469
202404,279.0,25.0,28.0,13.16195133080896,13.127796590733206,629.422,-5.947218290822283
202406,186.0,27.0,50.0,12.202937736834686,11.866970954922857,666.016,-5.894027246512613
202410,102.0,7.0,43.0,11.285008036817057,10.72370781565955,588.203,-6.275982941585651
202409,82.0,5.0,5.0,10.568595276064828,10.300248220014145,495.842,-4.347155980963951
202405,129.0,27.0,53.0,12.844768920111168,12.266800791399573,594.033,-6.174409986472073
202403,154.0,61.0,19.0,12.04192297533256,12.041928867268561,355.138,6.4282251245351905
202409,81.0,3.0,7.0,9.489561753510097,9.489637387893524,83.299,-6.2918148135823255
202406,223.0,88.0,14.0,10.973048576810234,9.945444902296636,433.104,-5.155026408884982
202208,20.0,3.0,4.0,12.654511032486205,12.612533923962546,960.796,-6.20711335129225
202210,4.0,0.0,0.0,15.721597023544804,15.588830730139,16257.65,-5.239727871175058
202308,40.0,7.0,9.0,12.104715217924383,11.737188389552355,655.416,-6.00779446309766
202405,526.0,90.0,174.0,13.124199690349217,13.004523090109101,983.642,25.642210439757427
202310,196.0,81.0,108.0,11.870676829360539,11.745639076824213,702.942,-6.2918148135823255
202301,211.0,33.0,56.0,14.150020871271947,14.077594013777937,1554.061,17.226151333260837
202404,268.0,53.0,131.0,15.214883520110785,14.98286595359744,5602.87,-3.2311433844552764
202310,99.0,21.0,49.0,13.23861635422858,12.59676923393316,1350.097,-6.271039005393656
202408,350.0,203.0,50.0,12.581793067454777,12.02282866343278,1452.431,-2.73774490463188
202307,9.0,0.0,0.0,13.765877989071598,12.755987243002956,6379.889,-6.163963505379513
202406,31.0,7.0,8.0,12.062514004808714,11.844736856709247,384.536,-6.1422507854609
202212,68.0,3.0,13.0,12.656654512441461,11.357510653131346,956.096,-4.3313241089672765
202406,251.0,81.0,49.0,12.215091849950333,12.102615872160072,729.739,35.34435347110993
202404,243.0,72.0,73.0,12.491563569167765,12.048172445027731,651.917,6.825899863055858
202306,943.0,142.0,199.0,14.091078803391918,13.92478639872347,3761.447,80.4863232418864
202211,498.0,13.0,18.0,12.267769633333089,11.935352568289618,805.522,-5.099390700889879
202404,714.0,289.0,151.0,12.217808510081744,12.217813451733193,2552.517,41.323119958640234
202406,341.0,184.0,41.0,11.719207659209026,11.23217928351956,567.308,-1.2380980123278755
202207,175.0,70.0,27.0,8.458928283284262,8.45914025996762,245.733,2.180537645072137
202408,110.0,19.0,38.0,13.155209972809274,12.78203973362695,2989.367,-6.2918148135823255
202212,118.0,30.0,29.0,12.519886538318275,12.51989019158658,679.059,-3.038106073968169
202307,61.0,25.0,26.0,11.702057113692732,11.255513915536694,1234.345,-6.2918148135823255
202401,85.0,9.0,18.0,12.794012076540735,12.667691218241469,508.011,-6.243500304121533
202401,502.0,170.0,264.0,15.274934323310719,14.969223218229542,8962.329,-4.777110945824491
202402,42.0,27.0,9.0,12.743200317756846,12.681157095518396,1392.777,-6.227889159480919
202301,101.0,49.0,28.0,10.23322286121891,9.776108623206298,261.19,-4.387617461125155
202210,86.0,4.0,22.0,11.637123436413674,11.225470033500107,848.175,-5.595873445814275
202310,118.0,24.0,47.0,14.447923173164215,14.004346682143053,7283.022,-5.083558828893205
202306,45.0,7.0,36.0,10.686566840596681,10.686589690166539,203.662,-6.2918148135823255
202403,61.0,7.0,5.0,10.191969305158473,10.19200677448047,64.744,-6.276933343152721
202307,39.0,5.0,8.0,14.703981482668091,14.624957452380343,2832.295,-3.341393525623576
202309,348.0,96.0,97.0,14.734742560059198,14.620053753855752,3929.437,9.756119769037587
202410,236.0,68.0,32.0,11.442739024320057,9.897419177134521,540.18,-6.19812621862171
202408,85.0,4.0,22.0,11.874870497564473,11.539616080223272,1263.623,-5.595873445814275
202212,64.0,0.0,4.0,10.13487701270419,0.6931471805599453,674.686,-6.2918148135823255
202306,165.0,32.0,18.0,12.559409022651495,12.516761764462123,1000.456,0.6772700131920617
202208,517.0,232.0,97.0,10.336438117579153,9.618335609937972,2528.703,20.656971435937876
202210,133.0,24.0,30.0,11.922761008795927,11.78435619683596,403.923,0.8958701441992449
202405,39.0,4.0,10.0,12.975544090452871,12.007579022968564,536.328,0.5303229725786602
202208,16.0,4.0,2.0,11.913183707517593,10.98403769838583,1164.903,-1.4152862616067843
202303,216.0,46.0,87.0,14.677267381909095,13.1128482518356,4386.894,-5.2070245063548795
202405,94.0,8.0,47.0,11.835429165697372,11.835436409003652,349.4,-5.567605070331143
202301,25.0,8.0,14.0,13.536328259866593,13.479124117662451,3301.731,-6.275982941585651
202211,75.0,19.0,26.0,13.06684643913532,12.37085800473471,505.496,-6.213007689051315
202407,388.0,112.0,156.0,14.754857833089629,13.251178666675143,5537.401,2.741621716003248
202212,160.0,61.0,31.0,12.084994812986833,11.896008622185262,388.027,-4.013870719451424
202303,187.0,73.0,56.0,13.058784395761457,12.845761030802322,640.138,-5.319485397273138
202312,35.0,1.0,13.0,11.90028770038054,11.804938146782456,1006.234,-2.602636618036239
202406,63.0,4.0,52.0,11.30861593474973,11.258523417753246,291.101,-6.271039005393656
202207,72.0,15.0,21.0,11.440516049452087,10.956962995532708,483.495,-6.222586334723208
202301,109.0,24.0,24.0,14.188824994504316,13.149307112851876,1781.185,-6.237605966362469
202404,207.0,51.0,66.0,13.524413327158879,12.92937553752456,1794.29,3.751156978612485
202303,173.0,39.0,35.0,12.688319766404165,11.976596586142755,811.751,-5.255559743171732
202301,191.0,40.0,68.0,15.111025086741366,14.98119627717061,2713.172,14.447316714226227
202210,213.0,49.0,95.0,12.198569567709024,12.17518551144639,791.888,8.64136519304585
202301,29.0,4.0,9.0,14.095415466524116,13.666692633686672,1955.272,-4.029702591448098
202404,110.0,3.0,21.0,11.870159252726662,11.870166248791376,185.81,-6.2918148135823255
202310,42.0,0.0,0.0,13.700241110596323,0.6931471805599453,5744.377,-6.2918148135823255
202212,16.0,2.0,4.0,12.78540422225753,12.349904555210271,760.308,-4.246856863870388
202303,115.0,15.0,62.0,14.041069589655468,13.963134556698337,1831.008,4.752514633444225
202404,156.0,73.0,36.0,12.557479236033888,12.501201918617005,716.256,-1.4679095155926838
202212,20.0,3.0,4.0,11.28966940732742,11.153389288750464,773.927,-6.20711335129225
202406,645.0,59.0,225.0,13.861607575056988,13.042540645534341,2502.538,32.537189771194676
202208,14.0,0.0,6.0,12.365931289604454,12.162282709358472,470.336,-3.307960486592388
202212,109.0,22.0,47.0,11.924644310965979,11.924650936049206,457.098,-2.7145424755049867
202307,104.0,26.0,21.0,13.430015710159916,13.210625139003866,1916.407,11.430209376366305
202208,9.0,3.0,3.0,12.7071993868272,11.940615101803527,1666.365,-6.227889159480919
202308,2.0,1.0,0.0,11.167402392828597,11.167416520015664,19.468,-6.276933343152721
202312,104.0,32.0,33.0,12.798819211981472,12.70742352533362,696.213,-1.3551830766278634
202408,501.0,191.0,118.0,14.169831834199021,13.792879394127622,2984.037,11.364541954847182
202307,305.0,143.0,76.0,11.988706124993348,11.634488015918619,682.276,-3.2144555934356545
202303,114.0,29.0,24.0,12.653130650936674,12.649956863542283,627.656,-3.3747544558139424
202402,195.0,44.0,29.0,12.959750325830152,12.752157299181246,498.73,5.537422529361923
202407,320.0,24.0,106.0,15.18963466101489,13.89285578455098,11666.586,-1.0619548661165972
202410,127.0,10.0,16.0,9.142917695658749,9.143024664691316,77.971,-6.2918148135823255
202210,96.0,9.0,28.0,12.210238954399589,11.543551658511989,1157.027,-1.4301677320363888
202210,14.0,9.0,0.0,10.077860939480908,10.077902937758985,2919.177,-6.227889159480919
202312,282.0,82.0,41.0,12.478813654112654,12.39393300148332,559.371,-4.23646438508353
202210,168.0,63.0,35.0,14.420332407766207,14.339865052460054,998.419,-3.149395835963297
202309,374.0,69.0,75.0,9.588571307130579,9.583006768332961,563.972,0.11104912264987643
202401,75.0,56.0,8.0,12.330738606085962,12.330743020034923,339.332,-3.3748265646547635
202403,177.0,8.0,8.0,14.61855375323878,12.843532682342515,936.735,7.320797014746297
202301,56.0,20.0,16.0,14.17502596396834,13.757785042175938,2625.658,-2.118476797860911
202408,161.0,17.0,18.0,10.682399500056867,10.61021707406934,120.395,-6.276933343152721
202401,237.0,85.0,43.0,11.78863110541141,11.750098146228364,753.093,-5.914105868137046
202301,314.0,97.0,87.0,12.981094700474557,12.969839041029987,822.437,17.382996047448003
202212,188.0,42.0,21.0,12.168069590729967,12.168074784388509,498.179,-3.190542169645009
202303,47.0,18.0,8.0,12.663396221618536,11.75740771811579,639.183,-4.216292139959348
202303,309.0,180.0,92.0,13.024046883161827,12.858639989747205,1897.298,-3.383827957864139
202303,469.0,9.0,3.0,12.911010047464595,12.42274731869579,847.202,-6.204172927331281
202303,268.0,93.0,54.0,11.584259593574554,11.540754616888904,567.63,4.653666403061202
202309,205.0,31.0,43.0,11.614633317769938,11.261665320930192,1132.041,-5.795192334008865
202406,310.0,178.0,76.0,13.351519218627383,13.341505333003166,2335.034,-1.5450280345351386
202303,701.0,387.0,116.0,14.796681877464588,14.409246711729054,4731.494,43.175014108411055
202210,131.0,24.0,15.0,10.455071168774287,10.45509997020284,178.666,-6.250263197204988
202405,171.0,68.0,27.0,8.231642179973411,8.231908243564177,167.865,2.372314607376355
202207,17.0,3.0,5.0,11.208151487891582,11.204142322610393,301.268,-6.19812621862171
202405,257.0,131.0,69.0,12.626610257269054,12.278807174943063,1525.175,-5.0637827808675135
202403,36.0,12.0,9.0,13.117467411700098,12.963775534579987,940.159,-6.276933343152721
202406,217.0,46.0,87.0,14.709238248101563,12.951660462029555,5433.032,-5.2070245063548795
202402,336.0,104.0,72.0,12.125041532878667,12.088780114556696,762.885,2.891360483269791
202301,196.0,47.0,74.0,13.204608580879217,12.812498407058618,1483.647,-1.1291443806319181
202311,125.0,44.0,15.0,11.372317664958343,10.793044089207646,649.843,-2.335631070283201
202303,82.0,9.0,6.0,13.027463513408957,12.539837649473125,881.182,-6.271039005393656
202306,123.0,18.0,34.0,12.585457261722192,12.024964352434072,888.93,12.686559143160155
202212,48.0,6.0,13.0,12.957696259848971,12.534635110796996,288.311,3.431479349509548
202402,254.0,57.0,29.0,13.686706260713049,13.607186651248343,814.767,26.84236999633857
202401,127.0,16.0,51.0,13.927051038242398,13.041140306709705,700.033,10.053884002121558
202401,348.0,127.0,89.0,14.529457417618625,13.93728384419363,3068.011,13.270994877744814
202309,763.0,123.0,95.0,13.084034106798047,12.908632883925113,1358.412,3.6943871672464326
202210,457.0,191.0,56.0,12.607603357375115,12.500796119028031,529.744,15.6608680320287
202402,33.0,8.0,14.0,12.782773084694727,12.60964262568388,440.836,-4.3263801727752815
202303,63.0,17.0,28.0,12.499618740942523,12.414906296864238,1099.111,-5.958220325357702
202301,483.0,36.0,180.0,14.501070528300785,13.740052906171853,2817.883,-6.2918148135823255
202403,65.0,0.0,4.0,9.736192529758796,0.6931471805599453,458.738,-6.2918148135823255
202407,8.0,1.0,2.0,13.801952055481868,13.449856853901785,5379.42,-6.227889159480919
202210,248.0,59.0,69.0,12.75808243822335,12.39458334334994,1431.609,11.606667951434202
202406,106.0,20.0,45.0,11.233515748702441,11.19833800020246,354.449,-6.250263197204988
202311,81.0,25.0,36.0,12.991288393906512,12.943270203768988,1591.519,-6.213007689051315
202405,270.0,89.0,80.0,12.40289686185829,12.375258302930987,540.763,-2.7010878658506288
202408,383.0,78.0,103.0,12.923007150982428,12.714362055824035,3008.007,29.211850475891232
202406,257.0,131.0,69.0,12.32588916780605,12.036037303149296,1714.012,-5.0637827808675135
202402,76.0,9.0,7.0,13.087865095996733,12.730957966906306,1237.951,-6.2425499025544635
202407,172.0,47.0,71.0,12.112964539380988,12.060329853476722,1171.534,7.184917505250491
202211,95.0,14.0,56.0,13.306338566194938,13.29438540905055,559.718,-6.271039005393656
202211,173.0,4.0,3.0,12.641067429242113,12.58562489685275,1078.871,-6.115648995918721
202311,69.0,11.0,22.0,13.685563590747462,13.12160308845792,3003.51,-4.165908065898695
202311,52.0,18.0,14.0,11.830018270449422,11.830025553054556,202.836,-5.319485397273138
202409,17.0,2.0,7.0,10.874891274463195,10.874910201848282,295.085,-6.2918148135823255
202403,64.0,9.0,25.0,14.047235582881829,13.311408943958039,1390.233,0.8143433230633255
202303,325.0,77.0,125.0,13.570451097946872,13.507974016872573,1518.18,9.570472733394066
202404,1.0,0.0,0.0,6.391917113392602,6.393590753950631,70.606,-6.227889159480919
202409,27.0,2.0,2.0,12.109765468889632,12.109319425043285,342.642,-6.20711335129225
202208,230.0,19.0,31.0,12.807784130767676,10.944241182249895,495.895,-6.271039005393656
202403,282.0,40.0,160.0,13.87219424802961,13.791283437015856,1296.802,-5.252164374661515
202409,74.0,5.0,33.0,12.499152623043548,11.562686586179701,860.442,-6.2918148135823255
202311,38.0,3.0,19.0,11.48558510017566,10.820218187638668,438.288,-6.094955753876456
202404,279.0,105.0,54.0,11.801084923455162,11.610079398560895,517.747,-3.3020254496384642
202210,281.0,78.0,62.0,13.2016845940966,12.9641340578896,2329.423,5.793174504363455
202303,202.0,24.0,50.0,12.574313446340067,12.39265179257677,563.404,25.362498833797865
202307,526.0,95.0,64.0,11.908064104827755,11.8317282260798,715.455,-6.124010118537575
202210,31.0,12.0,12.0,13.458348352475769,13.31030577430424,2801.274,-6.161023081418544
202303,106.0,33.0,34.0,12.760334124703672,12.609335330083137,686.937,-1.3551830766278634
202207,94.0,8.0,46.0,11.807064148575362,11.80707160027901,526.712,-5.503679416229737
202401,72.0,24.0,5.0,12.111871850131347,11.910378562468216,287.99,-4.283230326862545
202308,35.0,8.0,9.0,11.697585951002058,11.118741484979926,564.493,3.431479349509548
202211,103.0,44.0,12.0,11.960638750116713,11.848003873521394,337.717,-6.227889159480919
202303,320.0,59.0,104.0,13.887490696456215,13.659907657508228,1979.004,32.91132266100655
202301,528.0,337.0,79.0,13.485549875086638,13.43889963498127,1333.032,-1.834163689971951
202403,152.0,31.0,58.0,13.77552675373104,13.770273623590356,970.651,-6.20711335129225
202311,535.0,18.0,77.0,12.543597898963098,12.492844303680593,466.422,-6.204668384349104
202306,210.0,34.0,57.0,12.632336616553125,12.57238450487595,1190.385,1.743522893459776
202410,61.0,2.0,0.0,10.906176139900747,8.569785641535407,547.877,-6.2918148135823255
202210,459.0,98.0,108.0,13.921995341396178,13.802838606860366,2715.682,47.171246440999965
202307,187.0,33.0,99.0,13.952237464491501,13.866147587056856,4727.761,-5.623970452537256
202301,14.0,5.0,5.0,12.338525331559879,12.109484649666536,306.729,-6.258381774551138
202312,133.0,27.0,28.0,10.538846709328679,10.538873196237526,157.951,-5.298709589084469
202208,107.0,14.0,33.0,12.792789293724098,12.761514018420469,1626.971,24.290586484769
202210,28.0,12.0,5.0,11.77845394878057,11.75262717027844,840.112,-2.1438873155294784
202211,84.0,14.0,17.0,14.086126071668254,13.434841471733703,2182.422,5.294931646016421
202210,95.0,17.0,14.0,10.733893545253114,10.719117817310622,460.458,-6.2918148135823255
202207,655.0,294.0,154.0,7.348587530927593,7.286191714702382,1793.583,13.751429561221881
202306,83.0,22.0,16.0,12.050073591845294,11.825565968338095,364.817,-6.2918148135823255
202401,140.0,43.0,62.0,14.420217158892692,13.035375272871166,1613.709,-4.871956459967388
202210,56.0,6.0,22.0,13.616686378863204,13.419146905665299,2197.419,3.8436437656013194
202303,276.0,71.0,56.0,10.135194334510826,10.135233992657605,425.863,3.8436437656013194
202312,228.0,27.0,94.0,14.093638383611243,14.085155179279363,2281.223,8.823099383513728
202301,86.0,22.0,34.0,11.907329625718967,11.907336366511887,310.436,-6.276933343152721
202402,4.0,0.0,0.0,13.601111164824792,11.446774978647928,4799.594,-6.275982941585651
202405,35.0,2.0,17.0,13.276623194133082,13.037223702232948,2240.374,-4.072852437360835
202410,59.0,2.0,19.0,13.654590349830196,13.445647604686194,1281.044,11.210114679983045
202212,23.0,5.0,1.0,13.413295662188878,12.583488012191582,2461.195,-5.12770843496892
202306,494.0,15.0,11.0,12.478855524182222,12.238104116360837,1817.081,-1.5809287119617998
202401,190.0,44.0,55.0,13.28637838721564,13.196371916043274,1000.767,4.14597228587918
202210,109.0,16.0,25.0,12.960721710058388,12.399758549486512,1215.998,11.274040334084452
202208,43.0,23.0,17.0,5.60947179518496,5.6131281063880705,519.691,-6.2918148135823255
202303,176.0,5.0,14.0,13.046229354194582,12.930616743787153,1195.068,-6.163963505379513
202410,96.0,15.0,25.0,12.082830988672136,12.082174701873889,84.45,-1.3935600518510451
202301,144.0,12.0,14.0,12.120133420852518,11.71023415157243,284.235,-6.2918148135823255
202311,37.0,6.0,11.0,11.949624347175584,9.271153211372695,492.201,-6.2425499025544635
202301,296.0,125.0,96.0,12.875569857257785,12.830343912049093,625.323,-6.241276064534448
202207,132.0,26.0,28.0,9.774574052442789,9.774630930411124,135.192,-5.298709589084469
202311,4.0,0.0,0.0,15.660302766201871,15.625657437855416,15037.31,-5.239727871175058
202210,224.0,12.0,90.0,12.316857920538224,12.215265263648964,685.385,7.807344037147072
202303,5.0,1.0,0.0,13.465747386881793,13.465748805612298,2847.164,-6.100037851278107
202301,38.0,12.0,6.0,12.819876248967855,12.137627838114382,688.711,-6.2918148135823255
202303,482.0,11.0,19.0,10.020603699204807,9.67890546702757,96.838,-6.241276064534448
202306,229.0,19.0,56.0,12.495831310370745,12.186329016493563,1286.609,-4.311498702345677
202210,326.0,87.0,97.0,12.785076408979275,12.646933854585326,1706.729,24.77695652346238
202303,76.0,9.0,7.0,12.41337539115855,12.133630976629457,845.613,-6.2425499025544635
202403,347.0,119.0,81.0,12.945802794288912,12.268098637909219,688.364,-2.679289547254068
202409,306.0,19.0,15.0,11.212171661828226,8.589327789175437,221.168,-6.2263945941048435
202210,158.0,36.0,64.0,12.124553431691025,11.879524996856526,816.3,-3.278197545733179
202311,1.0,1.0,0.0,13.466445159285977,13.466446577026877,1959.078,-6.2918148135823255
202310,332.0,117.0,131.0,12.575610012695849,12.556803458071617,1966.113,13.042065419641522
202301,35.0,11.0,18.0,11.91362590672884,11.339155241086031,205.036,-4.347155980963951
202407,410.0,127.0,189.0,14.604853435233604,13.68321154850072,10194.615,10.407652314418458
202303,372.0,63.0,91.0,13.99848856591368,12.457181497126086,1654.178,-3.1128033205812407
202404,205.0,49.0,40.0,12.69583600899533,12.357277562283143,801.289,11.497075454428684
202407,5.0,3.0,0.0,10.715972115684695,10.71599430314656,205.875,-6.27185124575107
202207,62.0,33.0,5.0,11.14075972726299,11.138537423432531,256.272,-6.119471465041206
202403,249.0,80.0,43.0,11.827896775859648,11.804422750233167,312.641,-3.831843771579251
202211,34.0,11.0,11.0,12.650793722580383,12.566460189233771,869.501,-0.13530282880969757
202309,7.0,2.0,1.0,10.96678349607667,6.198478716492308,355.947,-6.2867327161806745
202207,103.0,15.0,16.0,10.01305918896542,9.91081067291591,150.968,-5.271170887812346
202409,399.0,128.0,65.0,11.96596094598581,11.873623306195853,1954.026,22.46523328239502
202212,176.0,5.0,14.0,13.312269432371373,13.178743710840436,1534.626,-6.163963505379513
202210,38.0,10.0,16.0,12.933645407105105,12.709770930050006,1487.65,-2.617183782372393
202303,191.0,49.0,50.0,13.318760408302829,13.096454625616369,992.72,17.815260599823134
202404,68.0,11.0,27.0,11.799179017573213,11.799186528266562,366.002,6.026219188993528
202410,34.0,7.0,9.0,11.236671179250749,9.60918360377546,342.291,-6.2918148135823255
202212,75.0,27.0,28.0,12.147325322984265,12.098559815304204,865.281,-6.153716744429807
202409,121.0,36.0,34.0,11.015871245288155,11.015887683869506,650.373,-3.341393525623576
202406,345.0,117.0,81.0,11.704124169701785,10.937756856503727,643.871,-2.679289547254068
202210,487.0,189.0,111.0,12.554229916870634,12.403984538995218,1006.556,6.589566640271851
202303,133.0,36.0,26.0,11.956591535693557,10.931713141647238,319.287,2.899339325966878
202311,117.0,35.0,25.0,13.380841639597454,13.226723392728571,814.183,-5.255559743171732
202410,406.0,14.0,139.0,13.17170005887264,13.081932972869373,1449.053,-6.241276064534448
202212,57.0,10.0,20.0,13.09903538329848,11.990059859768753,2335.284,-6.276933343152721
202301,216.0,57.0,63.0,12.282695666580986,12.036919996784569,947.965,-5.047950908870839
202207,315.0,87.0,56.0,9.90792768056215,9.90797745780898,553.151,-1.287434953403972
202401,59.0,12.0,17.0,13.211712187135008,12.96971090803242,368.07,3.431479349509548
202310,113.0,14.0,43.0,11.303795759416436,11.299435170684157,372.443,-6.2918148135823255
202301,728.0,258.0,164.0,16.311726186182785,13.792588851393802,7620.516,-0.14955685183721634
202402,262.0,110.0,113.0,12.7333187128635,12.695348737049642,1367.157,0.36590500164775364
202303,483.0,122.0,80.0,12.102527148395907,10.254426074622923,2164.196,81.60180558106921
202306,111.0,28.0,61.0,12.074847163677292,12.056725410667235,798.999,-1.9261143207481028
202211,556.0,210.0,154.0,13.582348235954944,13.126363366769612,1799.716,13.769215586853678
202211,18.0,2.0,5.0,12.212144176426802,10.221613957361983,368.055,-6.2918148135823255
202303,62.0,33.0,5.0,10.955968638860549,10.950051876159495,216.556,-6.119471465041206
202406,101.0,9.0,28.0,11.37105079235144,11.296881650771242,626.897,-6.220500256345779
202309,34.0,8.0,8.0,10.211744013223518,6.846943139585379,40.411,-6.271039005393656
202303,439.0,11.0,17.0,11.013105720380771,10.838658918173572,220.654,-6.271039005393656
202301,1435.0,528.0,169.0,14.418557960967775,14.117879991132932,2951.57,56.23610987129039
202307,39.0,6.0,20.0,12.33248941413179,12.015305525152689,895.545,-0.3939126616257953
202303,39.0,6.0,20.0,12.622312826806297,12.051685271026274,714.714,-0.3939126616257953
202306,241.0,106.0,78.0,10.343998002387092,10.27069681518976,1066.448,-5.304603926843534
202303,269.0,51.0,131.0,15.112587838590809,14.910113486545864,5321.955,-2.2429820961494142
202407,92.0,8.0,38.0,11.994567356147257,11.290644041916629,437.956,-6.271039005393656
202303,14.0,5.0,5.0,11.465970116496505,11.29760126270815,182.155,-6.258381774551138
202310,292.0,43.0,65.0,11.903689709625354,11.90369647499882,497.473,-6.2918148135823255
202402,139.0,25.0,62.0,13.930380911432849,13.815285532647977,717.447,-6.261101471156047
202402,3.0,0.0,0.0,13.863884445026223,13.863885397803257,1193.021,-6.100037851278107
202409,186.0,14.0,47.0,11.863603463120795,11.785978553721787,670.031,-6.2918148135823255
202301,34.0,7.0,12.0,10.98033128273109,10.980348316039725,99.083,-5.319485397273138
202303,11.0,4.0,1.0,12.474518380313533,11.079785928073148,1501.354,-6.2918148135823255
202210,103.0,8.0,31.0,13.805828841031156,12.250539190600442,2459.575,-6.276933343152721
202312,111.0,21.0,42.0,12.095721921691085,11.722181023004264,471.504,-6.140109112020218
202308,103.0,26.0,18.0,10.792078153768005,10.325416386674958,215.36,-5.298709589084469
202312,155.0,38.0,61.0,13.870897960043832,13.565935758508463,1541.106,-6.276933343152721
202301,51.0,10.0,29.0,12.808364707746033,12.77520868599261,368.458,-5.319485397273138
202207,129.0,9.0,40.0,13.749579067094688,13.725950116687219,2446.703,-0.32998700752438914
202402,583.0,121.0,172.0,14.189359776142735,13.483365147117084,2673.586,6.864439025423993
202410,155.0,8.0,35.0,12.631774927028562,12.41074260598789,602.664,-4.296617231916073
202301,58.0,7.0,32.0,13.29317730805668,13.228494795840238,3212.959,-1.332809038903795
202303,14.0,2.0,1.0,15.12773983062631,15.063606079427185,6766.19,-5.111876562972245
202309,262.0,25.0,44.0,12.167155086421062,11.839094808595544,534.918,-6.177948576547749
202207,84.0,9.0,13.0,11.380410698263557,11.163835964389085,378.66,-5.319485397273138
202402,34.0,7.0,12.0,10.86933006323953,10.869349096176029,81.785,-5.319485397273138
202404,179.0,51.0,56.0,13.136074942770014,12.427214194173711,949.963,-0.25500235211586375
202207,268.0,18.0,149.0,14.319845563164666,14.291006576388396,2892.697,13.732153800650094
202307,188.0,84.0,39.0,12.319869971008217,12.250749600134682,1145.441,1.8099026961195293
202303,75.0,15.0,11.0,13.778305971061927,11.857514669693389,1554.197,-3.2135422174207635
202303,532.0,76.0,50.0,12.768199563651715,11.443478919160071,1166.202,9.606859686223348
202210,378.0,67.0,155.0,14.790583273863621,14.673589380090014,4584.892,-3.2279822331382464
202310,252.0,26.0,90.0,14.54117478221088,13.1231370780208,4129.517,-5.319485397273138
202310,124.0,35.0,52.0,12.886742304579007,11.403523460152682,1468.983,9.747246737318589
202309,8.0,3.0,1.0,9.331406899955626,9.33149549353265,193.734,-6.2425499025544635
202405,356.0,207.0,49.0,13.023850474352813,12.355147608530492,833.505,-2.73774490463188
202301,4.0,0.0,3.0,14.243525496739638,14.243526148541102,992.672,-6.227889159480919
202303,70.0,6.0,17.0,13.744335664741321,12.444774535760237,2557.431,0.003126885227985987
202405,37.0,6.0,12.0,11.846880249752688,9.179159254492609,410.457,-6.2425499025544635
202310,74.0,11.0,21.0,11.412707260493317,11.412718314553198,157.188,-6.2918148135823255
202208,55.0,8.0,6.0,12.533064369487796,12.070894182944608,1259.249,-6.194456120449732
202309,114.0,5.0,6.0,11.877096244803889,6.135564891081739,412.446,-5.255559743171732
202210,319.0,59.0,102.0,13.322002450017473,13.08839078872282,2109.872,32.91132266100655
202301,431.0,7.0,31.0,10.827369398856096,10.642396506792736,244.678,-6.271039005393656
202402,392.0,72.0,145.0,15.192098715929404,14.80746222694619,4831.453,15.199087386780297
202212,536.0,162.0,91.0,12.656871156435695,12.558274098311342,642.789,-4.156756520839071
202312,102.0,18.0,32.0,12.624631653149496,12.624634943115593,612.446,-1.7422130591957998
202405,163.0,5.0,5.0,8.194229304819817,7.797291273547472,126.058,-6.2620518727231165
202211,26.0,12.0,8.0,11.043481678983007,11.043497669900166,137.567,-6.2918148135823255
202401,145.0,98.0,19.0,12.249357205445806,12.249361993628572,445.695,-3.906966588197433
202403,34.0,11.0,9.0,12.995919948567332,12.922762997838598,1068.992,0.8421086849011408
202307,87.0,8.0,41.0,10.525541442987828,10.494685060560329,302.745,-6.186337543103582
202407,135.0,6.0,11.0,12.237067309632398,12.213450363119058,1195.533,-6.192231880862646
202207,84.0,13.0,17.0,10.647517943410643,10.647541702869878,140.716,-5.81819238178462
202207,156.0,29.0,77.0,10.676554356271946,10.676577435769277,361.841,-4.021584014101947
202301,551.0,28.0,60.0,13.114280801210972,12.828201690854629,771.853,-6.203717982782034
202409,122.0,14.0,12.0,4.663439094112067,4.672828834461906,100.697,-0.895987170710514
202403,89.0,30.0,11.0,14.260213686768251,13.004916785144518,3645.383,-4.934760343741571
202303,222.0,42.0,49.0,11.901224068156482,11.56098202678591,564.692,1.238768548433999
202406,27.0,2.0,3.0,15.17958896204896,10.346922591895922,14056.899,-6.2918148135823255
202409,2.0,0.0,0.0,8.710454688248527,0.6931471805599453,50.117,-6.2918148135823255
202210,23.0,5.0,1.0,13.490146002010468,12.782601736620359,1896.72,-5.12770843496892
202207,56.0,19.0,28.0,13.506998370531587,13.505593783117831,2002.415,-6.19812621862171
202406,349.0,158.0,59.0,12.764790887934945,12.747649564119213,1361.186,20.607095087914622
202301,29.0,5.0,15.0,13.015003085748925,13.01500531241706,920.971,0.734585796965245
202303,216.0,57.0,63.0,11.86718148567165,11.700309187356448,734.608,-5.047950908870839
202312,168.0,10.0,17.0,11.484392236647922,11.484402526036991,197.769,-6.276933343152721
202207,154.0,15.0,34.0,15.178871445800548,14.603201715779417,15038.98,3.991978124588506
202303,43.0,15.0,8.0,9.823740634445873,9.82379478362688,350.821,-6.20711335129225
202311,137.0,53.0,58.0,13.579236173356863,13.573551092392425,2802.934,-4.1700397617332765
202211,769.0,71.0,166.0,12.756953249736313,12.741790861889202,535.214,-4.182696992575795
202401,381.0,6.0,20.0,12.918304058147319,11.964287667465397,691.963,-5.772818296284798
202207,113.0,24.0,29.0,12.844069101375263,12.747562285806072,1477.762,-6.258381774551138
202212,283.0,76.0,57.0,12.113710615658004,12.113716099452022,368.926,-5.219902464553458
202210,267.0,120.0,71.0,13.57654118636426,12.909313710995347,1410.865,-1.9906254896580986
202212,27.0,17.0,7.0,11.553635453218016,11.553645054247246,134.835,-4.347155980963951
202407,207.0,51.0,66.0,13.112607947556725,12.566013749755527,2480.517,3.751156978612485
202404,65.0,13.0,33.0,12.993270121664416,12.963634902108655,1537.36,4.442649867206365
202210,125.0,44.0,15.0,10.8830722814489,9.744140059301994,618.872,-2.335631070283201
202208,114.0,12.0,15.0,7.0707241072602764,7.071573364211532,301.204,7.320797014746297
202407,129.0,4.0,14.0,11.819939465721502,11.806959818893473,686.44,-6.276933343152721
202303,272.0,39.0,94.0,14.298094102228728,13.851478872413647,5934.178,-1.3967346930052011
202207,88.0,14.0,10.0,12.218796354734609,11.959545312233011,747.533,-6.1915156964887625
202303,374.0,250.0,54.0,10.864216133840852,10.584081267024454,321.02,-3.325561653626901
202210,24.0,9.0,12.0,11.91392059760694,11.713447058408134,685.814,-6.2918148135823255
202306,342.0,165.0,50.0,10.10903723544929,9.9572652582166,497.029,0.46426345494332466
202301,344.0,185.0,41.0,12.552477532508794,11.762905670237998,857.847,-1.2046649732966879
202208,165.0,13.0,8.0,13.021537011380971,12.375372283972265,2266.31,-6.20711335129225
202404,87.0,30.0,12.0,10.176297074865158,10.176335136029452,85.976,-5.287821653279789
202309,38.0,3.0,15.0,9.876835521538702,9.449908301704534,139.511,-6.2918148135823255
202403,173.0,37.0,46.0,12.851588240509244,12.8515908624663,617.074,4.493918290465253
202309,14.0,2.0,1.0,6.274762021241939,0.6931471805599453,7.031,-6.276933343152721
202407,454.0,182.0,131.0,14.853190615008904,13.468565269895285,3784.258,3.833854928671535
202408,51.0,10.0,34.0,12.470285200855283,12.274352596282853,1134.324,-6.266769148349419
202310,584.0,123.0,170.0,13.212083415989056,12.682564555286275,2045.579,6.864439025423993
202303,129.0,4.0,14.0,12.118677558569651,11.99453646725768,479.9,-6.276933343152721
202402,37.0,9.0,15.0,13.809798273890777,13.524595264281377,2078.005,-3.5560801596503926
202408,246.0,54.0,24.0,11.965541298864725,11.537257036783465,621.285,-6.256157534964052
202207,357.0,49.0,37.0,14.78972712025005,14.763350343225287,3296.641,-6.057721343735703
202308,134.0,9.0,40.0,12.816237593911291,10.862339565494358,1507.762,-6.100037851278107
202301,88.0,36.0,17.0,13.485396862902396,11.390475305213664,707.211,-6.023405607738274
202406,391.0,71.0,82.0,12.893563861233961,12.5397481177063,1498.453,-2.9133807682273276
202401,582.0,248.0,165.0,13.128583989217384,13.10861124886797,1860.165,8.059934435594464
202407,54.0,8.0,19.0,11.937330082897788,11.937336624467829,434.048,-2.279280549622662
202309,206.0,19.0,27.0,11.536827521250853,8.777555453213056,445.701,-6.204668384349104
202409,230.0,102.0,59.0,12.847544879935429,12.272843049164026,1619.461,3.651574045892806
202301,23.0,7.0,11.0,14.408428479865234,14.39128424399442,2796.81,-6.173680312261062
202312,88.0,5.0,6.0,10.225208667211332,10.225244911570808,244.598,-6.2918148135823255
202401,262.0,110.0,113.0,12.862931808378603,12.822414372849567,1534.33,0.36590500164775364
202303,81.0,26.0,35.0,13.124155770108368,13.067666402325187,1528.114,-6.213007689051315
202403,82.0,18.0,21.0,11.846765669403093,11.27122326230083,271.278,-5.2809702608402995
202301,339.0,116.0,53.0,12.338490293170942,12.212884392812427,788.949,0.910225478562376
202303,1176.0,548.0,168.0,12.330358933571016,12.280484143043983,2063.361,16.890767227478868
202210,87.0,15.0,31.0,13.601419657481335,12.601827427315111,2573.2,12.93283771008853
202303,109.0,16.0,25.0,13.99212837934155,13.376850544998469,1275.78,11.274040334084452
202210,166.0,46.0,24.0,6.124683390894205,6.126869184114185,203.479,-0.685182180596537
202309,17.0,7.0,5.0,10.679458186295186,9.236495329453033,306.431,-6.2918148135823255
202310,65.0,30.0,18.0,14.165013242633115,13.971770440430369,5845.43,-5.078443523941058
202208,434.0,168.0,107.0,11.25805902146007,11.256380237021988,1548.591,29.513462811795208
202210,107.0,10.0,15.0,9.413689295962213,9.413770891980372,414.227,-4.682144187396456
202210,261.0,92.0,79.0,14.436506312623427,14.313489819423244,2711.881,38.79944998808458
202312,90.0,9.0,45.0,13.497870870422343,12.97029087001342,956.044,-5.2860523582419505
202311,46.0,25.0,8.0,13.012510564248567,11.426942649738638,529.17,-2.402497148345576
202212,287.0,76.0,113.0,14.261935891038425,13.714061272353188,1811.668,-5.216507096043242
202211,3.0,0.0,1.0,13.404815296417176,0.6931471805599453,1900.884,-6.227889159480919
202301,689.0,190.0,123.0,14.235299258545508,13.56163972199877,3475.575,63.689784062262795
202311,529.0,187.0,98.0,12.789898699780547,12.608897604843962,1069.145,13.453410942262527
202208,170.0,48.0,68.0,11.649726506462374,11.632342720117787,1326.596,7.184917505250491
202308,401.0,57.0,82.0,9.305832353435404,9.244258590179644,525.813,-0.3290823817102586
202404,529.0,161.0,90.0,11.663455311771926,11.657242235738467,503.502,-4.156756520839071
202404,11.0,4.0,1.0,12.203905298529557,9.228671328660907,400.042,-6.227889159480919
202405,45.0,17.0,13.0,8.163940954755008,8.164225652265827,171.941,-5.319485397273138
202409,55.0,9.0,18.0,11.982091243316907,9.546026585476431,1437.272,-6.2918148135823255
202306,14.0,5.0,3.0,11.871194138247418,11.600304274448273,756.947,-6.163963505379513
202407,137.0,53.0,58.0,13.536292563924622,13.47181811829711,4520.741,-4.1700397617332765
202210,138.0,61.0,30.0,9.22759072538271,9.227689010310796,423.921,-2.9776156490408296
202210,133.0,13.0,48.0,12.719426071709922,12.150987962376618,1123.468,5.476437299221486
202301,73.0,3.0,17.0,15.54668510250462,13.913393788269511,4646.042,-3.2135422174207635
202303,112.0,28.0,30.0,12.440765249061249,12.241719672976316,742.461,-6.258381774551138
202306,129.0,37.0,45.0,12.392332271275052,12.024436853545774,753.106,-3.1212988292403168
202403,240.0,68.0,125.0,13.557392465734159,13.491676126808015,2122.522,-5.262101908899125
202303,28.0,3.0,6.0,13.53918508782835,12.990549366378316,2672.159,-5.828503362875808
202312,262.0,110.0,113.0,12.613861717807179,12.585056876388741,1284.702,0.36590500164775364
202308,151.0,24.0,83.0,13.365307987386037,12.609535750967664,2457.425,-6.175683824492088
202210,114.0,5.0,12.0,10.206476869055056,10.206513798722508,103.156,-6.2918148135823255
202301,4.0,1.0,3.0,11.795228094127497,11.795235634553606,403.004,-6.2918148135823255
202212,40.0,10.0,14.0,13.112468585008871,12.460307804322058,584.818,-6.2425499025544635
202308,290.0,20.0,59.0,12.619648108945851,12.091648960930206,1730.438,3.656293133233099
202311,15.0,9.0,3.0,12.172851896538504,11.602281590886323,893.276,-6.2918148135823255
202306,11.0,4.0,1.0,12.567408211876076,11.334313020905068,1975.142,-6.2918148135823255
202401,165.0,13.0,17.0,12.427346449956588,12.281486193620042,1177.855,-6.271039005393656
202401,481.0,104.0,37.0,13.909042794527439,13.706192220452104,1321.574,-6.2127869616952545
202306,36.0,24.0,8.0,10.856052352774507,10.856071640107553,678.804,-6.2918148135823255
202208,105.0,14.0,61.0,13.806152911439046,13.731021814638932,4202.379,5.294384953705569
202402,159.0,36.0,64.0,13.397286904657408,12.663747461324256,1013.862,-3.278197545733179
202409,1.0,0.0,0.0,11.11194030688377,0.6931471805599453,0.183,-6.2918148135823255
202301,405.0,77.0,49.0,14.168586332657007,13.292026823950522,700.353,-4.203081007905964
202308,131.0,12.0,6.0,9.031333316150057,8.853808274977197,66.897,-6.271039005393656
202207,192.0,48.0,28.0,10.14983968898722,10.088181293475138,278.172,-2.2694811765947094
202306,14.0,5.0,5.0,11.729889965207722,11.661733325897195,210.041,-6.258381774551138
202403,14.0,0.0,6.0,13.526892047190959,12.986094527073343,433.054,-3.307960486592388
202310,93.0,9.0,22.0,13.971641276220993,12.824170256926884,2370.102,-4.347155980963951
202406,200.0,1.0,0.0,10.555500189737518,8.75573753930647,211.367,-6.271039005393656
202408,52.0,12.0,17.0,14.88926407857229,12.280887867523756,4994.052,-5.298709589084469
202303,5.0,1.0,0.0,14.222079723043848,14.22208038897466,3268.919,-6.100037851278107
202410,1.0,0.0,0.0,12.935216597924923,0.6931471805599453,376.884,-6.2918148135823255
202207,97.0,17.0,44.0,12.73916257006879,12.70454224708658,1176.378,-5.319485397273138
202303,39.0,6.0,17.0,13.332484909055962,13.019568456680327,703.159,-0.14038492621134857
202208,20.0,5.0,4.0,8.463159302923751,8.463370384718731,323.381,-0.45783831572720146
202301,125.0,38.0,40.0,13.14246399951133,13.025290645216739,681.334,-0.37903953233485055
202402,197.0,82.0,108.0,12.532909323180922,12.007786327401963,1005.943,-6.2918148135823255
202401,84.0,8.0,25.0,13.82705862166327,12.299348940209876,1115.611,-4.216364248800169
202408,152.0,51.0,32.0,9.715952428689286,9.716012740501373,421.425,-3.852757740977576
202403,581.0,98.0,87.0,13.599173787862986,13.300193194757084,831.435,14.038393289406473
202403,1.0,0.0,0.0,15.621450014286161,15.621450178606159,6276.951,-6.0717201171990665
202211,104.0,26.0,20.0,13.74513959448746,13.303902961870934,1446.891,11.463642415397496
202208,39.0,4.0,20.0,14.148702420035345,14.014281085614131,3015.487,-5.094275395937732
202405,397.0,212.0,65.0,12.5302915442693,12.524729992281275,648.667,3.1714757984855684
202301,14.0,5.0,3.0,12.44671814038047,12.077841467633093,1027.766,-6.163963505379513
202303,56.0,19.0,28.0,13.749136753724484,13.738727780938156,1557.273,-6.19812621862171
202210,5.0,0.0,0.0,10.696593183839905,0.6931471805599453,114.892,-6.2918148135823255
202404,44.0,11.0,21.0,12.500855696253165,12.500859419711887,2616.848,-4.999857126766107
202211,527.0,120.0,137.0,14.566920986254816,13.894889045092176,3685.192,54.1812757726037
202211,583.0,248.0,166.0,12.254214980856188,12.190781326961215,1280.377,9.03226385190365
202309,235.0,9.0,14.0,13.849797968520175,11.251638619877976,3595.032,-6.256157534964052
202404,51.0,20.0,9.0,10.389825792650848,10.134083267375377,443.552,-4.216364248800169
202301,20.0,4.0,9.0,12.585460683128218,12.30216887994897,613.624,-5.304603926843534
202402,81.0,34.0,8.0,10.435790870478348,10.359106973305016,122.831,-5.996362363483974
202301,153.0,38.0,44.0,14.380601046625648,14.37702511352753,2263.936,10.74701561549393
202207,9.0,3.0,3.0,12.482844163761852,11.929482166634886,1629.838,-6.227889159480919
202405,16.0,0.0,1.0,10.635374561412004,0.6931471805599453,1160.987,-6.227889159480919
202208,1127.0,394.0,204.0,12.511953118016926,12.293181101140854,2909.715,57.33180604220519
202310,372.0,63.0,90.0,13.351283810359966,12.294815855364563,1670.015,-3.1128033205812407
202208,581.0,100.0,86.0,12.236373890539467,12.008749119817871,1212.695,12.093734456788097
202310,54.0,10.0,13.0,13.437630947188241,12.03668310854733,4228.628,-5.005702105929265
202405,340.0,16.0,41.0,13.6551915597833,11.892422981380811,908.13,-6.092648948142966
202311,426.0,144.0,74.0,8.961879012677683,8.844192126244968,208.79,-0.1664290621073956
202310,106.0,22.0,29.0,11.12705708060862,10.82466631848306,499.527,-4.80048887997561
202405,170.0,32.0,109.0,14.13735924695894,13.736714073432,2471.903,-0.017648922960683322
202406,134.0,37.0,47.0,11.970571806464738,11.766217935634762,491.578,-5.319485397273138
202207,66.0,7.0,19.0,13.951681713347265,13.716456779630928,2945.077,6.412393252538516
202306,166.0,15.0,8.0,13.265722321067658,12.46551726737071,1955.528,-6.20711335129225
202207,210.0,23.0,75.0,13.431668478040239,12.815063460582952,2116.994,-0.17381796524253623
202404,78.0,10.0,22.0,12.45045308920815,12.06959978817972,350.861,-5.2860523582419505
202303,103.0,25.0,38.0,12.028893842081875,12.028899811286747,484.549,-1.2682573747507027
202410,2.0,0.0,0.0,3.2188758248682006,0.6931471805599453,286.224,-6.2918148135823255
202406,173.0,33.0,28.0,12.006950750057873,11.982766581011408,463.852,-6.2918148135823255
202311,491.0,140.0,91.0,11.835660925479397,10.353192806623015,1004.03,2.9391879974242396
202211,255.0,51.0,91.0,13.598068223782322,13.524260795535032,1868.326,-5.1969984727612335
202409,82.0,6.0,7.0,10.766398604507042,8.710619527942297,191.494,-6.2918148135823255
202210,103.0,15.0,16.0,10.82683333888396,10.745291779083457,119.486,-5.271170887812346
202409,368.0,147.0,97.0,12.217783801458184,11.927456024092004,3651.312,25.249764053694385
202401,87.0,30.0,12.0,10.291501267030537,10.291535186607224,99.313,-5.287821653279789
202408,62.0,32.0,14.0,7.415776975415394,7.416378479192928,518.644,1.4868205168911732
202208,165.0,13.0,17.0,11.725234534685168,11.679515595869644,1092.248,-6.271039005393656
202404,536.0,160.0,190.0,13.317428390345645,13.306075633394387,1556.277,-4.053854132642224
202310,36.0,12.0,9.0,12.569889028581661,12.39838991168563,809.639,-6.276933343152721
202410,1.0,0.0,0.0,10.80529389020931,0.6931471805599453,174.619,-6.2918148135823255
202210,339.0,102.0,71.0,11.279112699468135,11.162147386011746,575.154,2.891360483269791
202310,161.0,37.0,56.0,12.682899816373984,12.678594975185312,331.914,-5.2860523582419505
202407,176.0,21.0,27.0,12.626856487081506,12.460191471143704,1767.815,-6.227889159480919
202410,67.0,4.0,19.0,12.788564763466567,11.71810054589362,1054.552,-2.3639820119127375
202310,147.0,59.0,16.0,9.99140685057401,9.991452641264772,150.952,-5.255339015815672
202207,104.0,18.0,25.0,11.515532064835178,11.41163443548761,296.74,0.7680188359964326
202408,81.0,15.0,33.0,11.663584341255342,11.66359294262898,817.381,-5.139428754081495
202310,4.0,0.0,0.0,13.53267936760314,11.31824788596669,5828.469,-6.275982941585651
202405,38.0,14.0,9.0,11.2296470156553,11.18578158363726,222.934,-6.271039005393656
202401,141.0,15.0,43.0,13.134372972655022,12.845563214952408,1572.937,-0.5883429704170613
202303,490.0,138.0,88.0,12.316777355508775,10.898959082284724,1269.509,3.159282693807498
202403,62.0,23.0,21.0,13.349621651623268,12.277969961697822,847.209,-1.4143358600397145
202401,143.0,38.0,50.0,13.66607043270033,13.421998229914506,1457.339,-4.2505269620423665
202311,571.0,153.0,101.0,13.071331101580048,13.056118868563566,722.479,3.708390266157201
202408,574.0,153.0,108.0,12.274240510125843,12.267501649626775,1066.025,3.708390266157201
202309,451.0,122.0,71.0,11.649395036915283,11.447938843450675,682.065,-3.0008019271223114
202311,110.0,16.0,25.0,13.154760865209484,12.77609976129651,1298.372,11.274040334084452
202210,383.0,108.0,70.0,12.032867408532494,12.028410218116942,491.734,15.136040025405139
202210,213.0,32.0,103.0,13.684465215412006,13.324863307886408,2832.332,18.482467892504197
202303,216.0,46.0,87.0,14.566513353707263,13.101327670177476,4485.129,-5.2070245063548795
202403,2.0,0.0,0.0,13.654630285135008,13.549646074872497,851.309,-6.2867327161806745
202207,443.0,237.0,46.0,10.967387616194118,10.893697667353607,671.503,4.265318615318435
202303,333.0,113.0,74.0,13.45142824709712,13.421860377900646,1824.139,-2.6820414920359474
202311,83.0,11.0,32.0,12.883047252170565,12.552972468265631,475.455,-5.319485397273138
202208,76.0,9.0,7.0,12.507872097191164,12.37310711461634,1320.759,-6.2425499025544635
202310,86.0,4.0,22.0,11.67595376471695,11.25561739637343,833.954,-5.595873445814275
202210,170.0,30.0,110.0,13.874837396848147,13.530693710166508,2288.31,-0.9899783392698707
202407,414.0,216.0,117.0,15.611339900676988,15.391867891976737,11080.264,23.07982318969237
202303,204.0,18.0,46.0,14.26371709729489,11.643295616132082,1502.637,-4.26834885643294
202308,71.0,23.0,21.0,10.0981081649171,10.098149321414688,167.818,-6.276933343152721
202312,535.0,91.0,173.0,13.675178953362396,13.57991353304745,1217.89,25.642210439757427
202407,501.0,191.0,118.0,14.110277225304186,13.712653572524486,2550.677,11.364541954847182
202410,82.0,5.0,5.0,11.912332258494429,10.464331157823805,333.329,-4.347155980963951
202212,1.0,0.0,0.0,15.05066308314281,15.050663373933174,7090.402,-6.0717201171990665
202210,285.0,51.0,96.0,12.913223810963009,12.699264707874823,1156.864,20.513508983094447
202303,259.0,67.0,96.0,12.68615964133389,12.572661781055197,812.221,-6.121565151594428
202301,295.0,29.0,112.0,14.268071697596502,14.086742312845496,3064.574,14.357324774990603
202408,132.0,22.0,42.0,12.122495365274826,11.123033464099866,984.998,-6.19622541548757
202210,17.0,4.0,7.0,12.035610487248666,10.464702061835247,332.329,-3.3748265646547635
202410,7.0,0.0,0.0,13.703851358290281,12.925194543262315,6005.469,-6.227889159480919
202306,216.0,46.0,87.0,14.655732874193603,12.908731942129318,5250.148,-5.2070245063548795
202312,142.0,37.0,50.0,13.277298321044881,13.040560955675135,1166.776,-4.2505269620423665
202303,14.0,1.0,1.0,13.091477274689105,12.5831074144428,1280.749,-5.319485397273138
202401,454.0,128.0,74.0,12.084464177227597,12.04796163393126,747.146,0.5145814766351418
202208,281.0,2.0,5.0,9.157150543462064,8.992433087457218,93.827,-6.2918148135823255
202306,51.0,9.0,30.0,12.187384097417256,12.162846722220381,289.343,-5.319485397273138
202408,350.0,128.0,91.0,13.765827545324246,12.43388129831752,3907.347,12.298665461435627
202406,39.0,4.0,10.0,12.896746770607722,12.04823099577954,631.096,0.5303229725786602
202311,912.0,309.0,119.0,13.166445332474362,13.15636859037366,1694.085,16.058980325051195
202303,161.0,13.0,35.0,11.959743626561872,11.800747527622924,446.265,0.5144911005819859
202210,536.0,162.0,91.0,11.103151085273966,11.033598508263609,426.974,-4.156756520839071
202405,376.0,110.0,74.0,9.532930988916153,9.53300341332321,576.457,2.634311467564011
202404,109.0,21.0,22.0,13.19561755660913,12.900451567185497,895.555,-6.256157534964052
202208,275.0,9.0,1.0,10.753082771972014,8.98619632032839,467.612,-6.256157534964052
202301,84.0,4.0,11.0,10.9246066585059,10.924624667924826,226.354,-6.227889159480919
202309,307.0,19.0,15.0,11.396829754978903,8.81269461292015,203.96,-6.2263945941048435
202301,57.0,8.0,36.0,14.267690662697303,14.157490456673903,3036.295,-2.113361492908764
202301,376.0,139.0,69.0,12.480061390849952,11.945999255006031,1042.621,-1.1104901029334506
202310,104.0,14.0,59.0,13.608534357859106,13.501480403388278,3063.974,5.294384953705569
202402,241.0,22.0,52.0,13.82882354557637,13.026488838379294,1519.235,-6.2918148135823255
202211,175.0,4.0,11.0,12.009193641401234,11.285008036817057,226.431,-6.2918148135823255
202402,1162.0,408.0,243.0,13.431476162865906,13.35687882292898,2757.139,38.01490885562248
202212,194.0,46.0,23.0,10.259131965660336,10.164350690877352,202.112,-3.3057362470053024
202303,186.0,27.0,51.0,12.449963475855817,12.020339275113667,641.458,-5.894027246512613
202211,34.0,5.0,13.0,12.527246310635919,12.242746849849542,965.213,-4.313722941932763
202403,62.0,24.0,21.0,13.801489723841938,13.431551038055606,2208.335,-3.9962695524169103
202208,279.0,7.0,5.0,9.605687801896062,9.578242059529382,138.563,-6.276933343152721
202308,189.0,18.0,15.0,11.549556288792015,11.009819964219377,647.284,-5.283828118654865
202306,937.0,456.0,205.0,13.264661232068963,13.128768818692846,2804.769,30.91923306882817
202410,276.0,55.0,91.0,12.132232329860951,12.005912930606339,837.426,-6.271039005393656
202212,69.0,23.0,19.0,12.969209866905107,9.871842074700583,847.903,-6.0851563808485025
202406,263.0,36.0,56.0,11.939936777499378,11.756788869858779,437.999,3.055355345493501
202402,113.0,25.0,58.0,13.31582103040063,12.689134395206844,1710.787,-5.95730507264569
202210,5.0,1.0,0.0,11.252962315517482,0.6931471805599453,347.842,-6.163963505379513
202303,27.0,0.0,0.0,14.303231922039295,0.6931471805599453,10239.066,-6.2918148135823255
202303,404.0,33.0,169.0,14.149579193964795,14.096805274621994,3026.515,-6.165341007558852
202402,21.0,7.0,5.0,12.855030188252504,12.14238176504374,731.389,-6.227889159480919
202210,25.0,1.0,4.0,12.919446383123232,11.32390552400818,2157.906,-6.258381774551138
202310,127.0,26.0,26.0,10.875099455998244,10.872029120208696,311.405,-6.201948687744196
202303,98.0,23.0,22.0,14.5650035723104,14.284639429721214,9185.465,-0.08600471023133949
202301,139.0,53.0,62.0,14.829212533588516,14.68929370884848,4533.051,-6.149082034949909
202311,98.0,19.0,44.0,13.085176434737118,12.962194625251508,891.326,-5.319485397273138
202306,484.0,122.0,82.0,11.190099690382866,9.838095333769076,1533.119,81.60180558106921
202408,73.0,22.0,40.0,12.139991601983048,12.13999694353525,635.899,-6.271039005393656
202311,361.0,62.0,127.0,11.701817058396085,11.547568408413769,781.922,-3.269349294176019
202212,35.0,0.0,8.0,14.193575691883824,12.200240672587247,1132.292,-0.3888305642241443
202207,119.0,30.0,30.0,11.754128949500405,11.754136806286901,912.104,-3.038106073968169
202405,35.0,5.0,10.0,13.72335798765977,13.61485597348345,1575.207,-5.20629483214387
202306,627.0,194.0,224.0,13.649830165717136,13.636371930272809,1342.104,25.408809831027632
202310,247.0,49.0,64.0,12.630729083018903,12.292020957666539,1207.575,-2.290256984783378
202403,15.0,9.0,3.0,12.708113798563897,12.036007669041622,973.839,-6.2918148135823255
202405,357.0,49.0,37.0,13.913639488627828,13.850316733677554,2163.531,-6.057721343735703
202405,816.0,391.0,199.0,13.280431516814243,13.241287095568316,1655.364,15.768547392856354
202408,100.0,15.0,16.0,9.670483041375043,9.670546158741807,169.207,-5.271170887812346
202212,20.0,2.0,3.0,14.865531862625266,11.166370568740783,1527.567,-6.031766427099414
202404,62.0,8.0,17.0,12.627650575431103,12.620203431294987,247.179,16.189896262850247
202401,371.0,249.0,54.0,11.610251792799726,11.43206242091279,468.245,-3.325561653626901
202404,225.0,86.0,75.0,13.44039229102796,13.283692799718862,1542.824,10.257255902989138
202208,14.0,5.0,2.0,12.035521544335134,0.6931471805599453,439.26,-4.155379018659732
202401,217.0,46.0,87.0,15.916885176508366,13.508451287708352,6215.523,-5.2070245063548795
202210,14.0,5.0,6.0,11.414948733073855,11.270637319808333,442.391,-6.291742704741504
202402,76.0,11.0,40.0,13.858455098289587,13.50416947190794,1592.506,-5.155260626078169
202210,53.0,12.0,17.0,14.039166777841496,12.546252286939708,2856.348,-5.298709589084469
202207,28.0,7.0,14.0,13.437614895999541,13.434832692115295,1286.695,-6.036112197176701
202409,162.0,31.0,56.0,11.970369299170619,10.694260411880514,1019.595,-6.2918148135823255
202207,78.0,28.0,24.0,13.574678991983818,13.1847727585311,4624.101,-2.108279395507113
202407,29.0,11.0,7.0,11.550346482719728,11.549006639541176,284.531,-3.0908062141700983
202303,716.0,290.0,153.0,12.34613454291433,12.330204374406565,2753.736,40.81900491177231
202410,398.0,56.0,83.0,9.92983732785891,9.57254997141339,348.209,-0.3290823817102586
202310,49.0,7.0,25.0,12.5971751028025,12.188962091351279,1035.801,-5.109886540578346
202407,105.0,14.0,59.0,13.755068169542325,13.640805918661489,4450.362,6.266714370014755
202312,23.0,6.0,7.0,14.659727677739568,9.94059064048763,2106.349,-6.2918148135823255
202208,119.0,18.0,25.0,13.88262606831107,13.082661588552687,3509.988,5.521811384721309
202303,9.0,3.0,5.0,12.637361433647797,12.554731042649573,665.341,-6.2918148135823255
202409,80.0,7.0,20.0,9.870499376709148,9.344958673700944,232.548,-6.271039005393656
202409,352.0,15.0,24.0,10.841481066053516,10.184975480824582,541.752,-5.255559743171732
202301,94.0,8.0,46.0,12.30086450921372,12.300869057014518,456.602,-5.503679416229737
202212,168.0,28.0,83.0,14.36353543002256,13.778823751755503,10297.378,-4.3856767973271635
202402,310.0,17.0,31.0,13.698930673231457,13.630330920746784,2623.863,-2.2504654818286776
202301,66.0,15.0,21.0,14.740443835219772,13.010374274456101,2684.312,-4.177849112367331
202402,68.0,22.0,18.0,12.81348490680888,12.695449888490293,853.425,10.69797143182213
202311,43.0,6.0,7.0,12.601854353822578,11.82479026394501,238.359,1.4868205168911732
202303,285.0,51.0,96.0,13.254979851618616,12.732235057206378,1126.427,20.513508983094447
202303,443.0,174.0,108.0,12.714037180281597,12.696479212046073,1540.785,30.4857922281044
202301,91.0,17.0,10.0,12.211219378349703,12.184675347422093,156.786,-6.2918148135823255
202310,85.0,24.0,20.0,13.112294859567355,13.08652063248677,1137.108,-5.943868808996254
202405,67.0,20.0,10.0,10.022425476607642,9.921032731751877,48.945,-6.271039005393656
202307,214.0,43.0,130.0,12.4945956143295,12.425421004202821,1075.667,-5.255559743171732
202303,194.0,22.0,63.0,13.198097740552633,12.92893395607351,1626.619,-6.088978849970988
202310,84.0,11.0,23.0,11.67127873012338,11.351711565902628,391.994,-4.938106353655879
202402,36.0,12.0,9.0,13.119270599694081,12.98760609082162,1165.954,-6.276933343152721
202405,15.0,9.0,3.0,12.14461204938455,11.677532712413406,823.288,-6.2918148135823255
202308,26.0,8.0,9.0,7.355641102974253,7.356279876550748,160.297,-6.2918148135823255
202301,395.0,136.0,119.0,14.722708878866735,14.58243408426741,3731.714,3.5400494148997677
202210,68.0,3.0,13.0,12.10846532932714,11.245803902483631,665.308,-4.3313241089672765
202207,110.0,23.0,20.0,12.51662249584205,12.234135183295058,1204.938,-6.256157534964052
202210,141.0,16.0,43.0,12.54263416387994,12.11680964462781,1171.045,-0.5883429704170613
202401,82.0,9.0,6.0,13.584802215632786,12.85164854378229,1356.178,-6.271039005393656
202408,467.0,196.0,92.0,10.94404690975562,10.36637215151178,1873.074,11.213438237401467
202211,98.0,21.0,47.0,13.867052171518068,12.60451985234114,1278.861,-6.271039005393656
202401,212.0,40.0,17.0,12.71302578088229,12.343353251064208,470.519,1.3029192553388693
202310,60.0,10.0,31.0,12.916268665189678,12.500073462601073,809.805,-5.2860523582419505
202406,168.0,62.0,35.0,14.455962936167237,14.38588992447798,4807.515,-3.149395835963297
202309,103.0,0.0,5.0,8.330863613224745,8.33110454805304,20.406,-6.275982941585651
202306,43.0,21.0,6.0,13.601331703410645,12.135387271139317,2847.396,-6.179574650020127
202309,81.0,1.0,18.0,9.800623917076889,7.177782416195197,37.447,-6.271039005393656
202405,75.0,10.0,40.0,12.875992139970815,12.757359558770176,982.95,-5.155260626078169
202402,177.0,8.0,8.0,14.670649028844924,12.970914710516709,1032.505,7.320797014746297
202301,249.0,13.0,65.0,12.61072075331778,12.60225816445434,624.617,-6.2918148135823255
202212,241.0,106.0,78.0,11.96920408572242,11.340249242027536,1306.712,-5.304603926843534
202408,63.0,3.0,34.0,13.407303193305207,12.826778157189402,2664.023,-6.124036369717002
202303,213.0,50.0,96.0,12.651469752229684,12.59936057854026,769.534,8.64136519304585
202211,14.0,7.0,2.0,13.02738434276539,12.749352874649734,1140.83,-6.143187697190844
202311,476.0,85.0,129.0,15.314684396369493,14.996863450171363,14199.088,119.79033540351794
202207,453.0,181.0,125.0,14.802791578492206,13.2527914597387,3856.489,3.833854928671535
202409,19.0,0.0,0.0,5.966146739123692,5.968707559985366,4.388,-6.256157534964052
202306,124.0,36.0,51.0,13.441795538794723,11.471301065275696,1584.535,9.747246737318589
202303,139.0,53.0,62.0,14.576144409593946,14.449373124745854,3421.93,-6.149082034949909
202303,287.0,53.0,143.0,13.857371053056095,13.753817052595295,2252.92,-5.051076191429087
202301,194.0,46.0,23.0,10.904211340385112,10.804014689230804,258.055,-3.3057362470053024
202210,420.0,72.0,151.0,13.074470610453536,12.984424572104347,1737.559,-5.214820367151807
202303,296.0,125.0,96.0,11.86917932026358,11.811272959071452,442.873,-6.241276064534448
202401,363.0,70.0,105.0,11.389491492804995,11.350477121216516,478.506,1.2817470255865828
202311,9.0,0.0,2.0,10.829154192888762,10.829174006050646,467.497,-6.163963505379513
202208,289.0,107.0,123.0,14.01709783323878,13.66035270444116,6052.787,-5.9039151188966015
202404,98.0,2.0,16.0,11.552357694213942,11.552367307518757,177.406,-6.270900844183999
202404,67.0,32.0,6.0,12.417981321316853,12.409507245160507,344.972,-6.100037851278107
202403,74.0,14.0,40.0,12.967590837595559,12.733144580389567,967.161,-6.275982941585651
202406,314.0,86.0,57.0,10.250970378105945,10.251005700689444,438.371,-1.287434953403972
202408,258.0,55.0,96.0,13.343049511741269,13.000177664170646,3090.646,-0.45783831572720146
202401,284.0,88.0,103.0,14.371752088060747,13.955704580892228,2683.577,7.814416221925754
202207,758.0,248.0,132.0,13.269820850471701,13.045117255636578,2690.819,22.59851849060356
202303,178.0,20.0,62.0,13.693054746877811,12.972895383337418,1724.108,-3.256692063333501
202210,45.0,16.0,14.0,6.333279628139691,6.335054251498059,183.863,-5.319485397273138
202311,165.0,73.0,33.0,10.804624036638605,10.783093552935505,215.574,-2.934637171888246
202207,166.0,63.0,40.0,10.482933978579906,10.443920521054777,397.615,-4.2689966844012694
202401,157.0,29.0,78.0,11.738194755299453,11.73820273827974,335.512,-4.021584014101947
202402,118.0,53.0,53.0,13.240635182482364,13.141934605380731,1629.754,-4.292947133744094
202208,200.0,62.0,70.0,13.066732267230366,12.89709507039462,3118.522,9.60287280471178
202207,187.0,87.0,37.0,12.406774249605558,12.346138889427015,1177.86,0.837573279810341
202210,204.0,81.0,48.0,11.386715774576441,11.239317223249772,531.047,6.485608612909203
202211,22.0,0.0,0.0,13.609324905265192,10.040768158070161,24637.095,-5.319485397273138
202309,3.0,1.0,0.0,11.485965283387445,11.48597555660363,317.392,-6.227889159480919
202208,53.0,8.0,16.0,10.627382149044733,10.08409931513136,279.78,-6.237605966362469
202402,3.0,1.0,1.0,12.061740274640254,11.98835808056445,553.768,-6.2918148135823255
202407,35.0,0.0,8.0,13.540824997124941,11.859560174014545,1369.377,-0.3888305642241443
202312,184.0,25.0,68.0,14.05636985466823,13.068375930729752,2577.216,16.15646322381906
202303,46.0,18.0,2.0,9.7603097828598,9.726989009044962,110.941,-6.227889159480919
202210,72.0,15.0,21.0,11.773742379062202,11.310980624797013,380.498,-6.222586334723208
202410,306.0,19.0,15.0,11.582488840355545,8.756682421266532,175.547,-6.2263945941048435
202405,300.0,37.0,113.0,14.515057218104786,14.19638716472897,5091.14,54.42601334803218
202404,65.0,20.0,30.0,12.37424879275332,12.162094634357786,1367.317,-6.258381774551138
202407,488.0,182.0,117.0,11.978833217553642,11.855713429613152,1228.828,7.561896056581039
202308,139.0,20.0,7.0,11.073086279770727,10.96921501386846,282.153,-4.874213907104969
202303,173.0,33.0,28.0,12.035373288564006,12.001155725380423,410.514,-6.2918148135823255
202402,133.0,25.0,31.0,12.960660585363994,12.695986126715479,537.818,0.6757754478159859
202310,2.0,0.0,0.0,12.79276426664619,12.687266554396556,0.0,-6.227889159480919
202210,110.0,3.0,21.0,11.473976714831654,11.473987111949572,189.544,-6.2918148135823255
202405,22.0,5.0,9.0,12.741542100208925,12.264577374902737,962.739,-6.163963505379513
202303,297.0,119.0,45.0,8.289288323000317,8.289539484624141,594.736,12.175194927806158
202308,123.0,61.0,44.0,14.273547243108492,13.695902357707858,4099.086,-1.3662420779349826
202410,29.0,0.0,0.0,6.1092475827643655,0.6931471805599453,6.17,-6.276933343152721
202410,6.0,3.0,3.0,9.68190528178887,9.681967682338016,79.836,-6.2918148135823255
202309,78.0,3.0,6.0,9.17076759685636,9.083075020930307,67.218,-6.271039005393656
202301,140.0,26.0,63.0,14.025207304879721,13.893246298942973,689.333,-6.276933343152721
202306,216.0,57.0,63.0,11.469130304970557,11.369239834990735,694.942,-5.047950908870839
202310,28.0,0.0,0.0,14.810856802703169,14.375978554095688,10682.66,-6.100037851278107
202309,135.0,2.0,32.0,11.546369912189585,11.43568798562858,488.576,-6.235381726775383
202404,14.0,5.0,6.0,11.411523769499581,11.325052527737938,426.03,-6.291742704741504
202405,118.0,28.0,29.0,12.10171163020543,11.491681399300735,429.465,-3.3540507564660946
202311,829.0,347.0,371.0,13.622244932723463,13.409330194121702,5528.502,1.9491852544417316
202405,28.0,8.0,10.0,12.412525681899057,12.375368062683885,1295.987,-3.3109009105533573
202405,16.0,4.0,2.0,11.89868434113603,11.220472027639557,676.301,-1.4152862616067843
202306,372.0,63.0,90.0,13.688532502385591,12.587497761378318,1869.401,-3.1128033205812407
202312,37.0,6.0,11.0,12.667524184678365,9.594854193331415,655.055,-6.2425499025544635
202306,229.0,10.0,68.0,13.555032413653336,12.457904717588198,3052.446,-3.4028515413295093
202303,41.0,0.0,0.0,14.09804616002649,0.6931471805599453,5513.896,-6.2918148135823255
202301,14.0,0.0,6.0,13.652382030934968,13.121462972161165,533.352,-3.307960486592388
202308,77.0,21.0,41.0,12.496800076167915,12.496803814758204,1089.426,-6.2918148135823255
202303,331.0,101.0,67.0,12.09759616919409,12.074505037703174,626.142,-1.0324952187598528
202208,98.0,2.0,16.0,11.286488997955225,11.286501539105876,284.476,-6.270900844183999
202311,181.0,25.0,37.0,13.29043048724572,12.888077985671275,873.663,-3.9502639488928804
202405,116.0,2.0,3.0,7.113142108707088,7.113956109566034,37.591,-6.256157534964052
202207,162.0,39.0,60.0,13.531015401895557,11.687525621664896,2039.76,18.891896460945645
202404,203.0,8.0,16.0,10.496289398147198,10.308785980087194,245.385,-6.275982941585651
202407,13.0,3.0,7.0,12.108470841960719,12.108476354563908,1517.555,-6.227889159480919
202410,28.0,1.0,1.0,10.714528873691185,6.598509028614515,60.292,-6.2918148135823255
202406,232.0,11.0,30.0,8.340933226000878,8.341171747170762,254.626,-4.715787417685535
202212,176.0,71.0,27.0,8.522578663692576,8.522777569710138,270.166,2.180537645072137
202410,56.0,3.0,4.0,12.770857905832042,11.870508996018653,1546.206,-6.1971758170546405
202406,61.0,7.0,5.0,7.964155718840937,7.964503363551548,51.134,-6.276933343152721
202307,261.0,91.0,79.0,12.855150376791888,12.118333731222167,828.451,-5.112826964539315
202309,25.0,7.0,12.0,11.387747655241999,11.387758988677334,201.879,-6.2918148135823255
202408,105.0,14.0,52.0,13.111415669335823,12.986990289900435,2613.389,-5.718692015211344
202409,17.0,4.0,2.0,8.234830280442056,8.235095497258357,34.647,-6.2918148135823255
202208,80.0,25.0,35.0,14.12026063969743,14.120165522491208,2415.926,-6.213007689051315
202407,74.0,20.0,41.0,12.42975605109685,12.35966888597003,1191.221,-0.9209705877668135
202404,528.0,336.0,79.0,13.057099259751931,13.051713419421898,831.771,-1.834163689971951
202409,159.0,10.0,3.0,10.648372928500487,10.648396667654662,70.823,-6.271039005393656
202409,19.0,5.0,2.0,7.980023592310645,7.811163385025279,16.006,-6.256157534964052
202404,163.0,5.0,5.0,8.821437352166997,8.4368504387337,97.121,-6.2620518727231165
202406,202.0,24.0,50.0,12.188504220544244,12.170844352052725,564.823,25.362498833797865
202308,26.0,0.0,12.0,9.980263391338177,9.480214825777999,96.637,-6.255792713188703
202410,9.0,0.0,1.0,11.705774743650837,7.3613754289773485,474.577,-6.2918148135823255
202404,43.0,0.0,0.0,14.204117021004848,0.6931471805599453,5795.565,-6.2918148135823255
202405,213.0,51.0,96.0,12.188585635122587,12.188468599581812,680.285,8.64136519304585
202308,135.0,7.0,20.0,10.18259547176777,10.11147685607866,256.96,-6.256157534964052
202311,142.0,9.0,30.0,13.4512843174727,13.279896900388785,2076.62,-4.313722941932763
202212,211.0,35.0,57.0,13.66163534019386,13.529998130130469,1391.938,1.743522893459776
202403,214.0,35.0,54.0,12.98238151084762,12.614410290617377,1188.869,19.304362293842765
202301,171.0,46.0,46.0,12.245730763008234,12.132835063707635,443.049,-4.375180957638697
202301,216.0,41.0,80.0,14.206350572187942,13.983260631140467,2304.352,4.864773966773923
202210,125.0,38.0,40.0,12.077648190273797,12.006981257860247,453.825,-0.37903953233485055
202409,26.0,3.0,9.0,12.499984025495793,11.356037709433084,1010.111,-3.3748265646547635
202208,49.0,26.0,13.0,10.6633817512079,10.262385024827958,429.21,-6.276933343152721
202311,45.0,17.0,13.0,8.535818655539403,8.536014945656826,190.226,-5.319485397273138
202208,375.0,56.0,84.0,12.895106377448577,12.55386626702259,1335.943,-6.000710953668257
202408,176.0,5.0,14.0,12.447829882335165,12.438738713425797,1982.165,-6.163963505379513
202407,20.0,2.0,4.0,12.37253578638967,12.323322205580414,865.533,-6.20711335129225
202402,71.0,7.0,47.0,12.772485282465869,12.772488120250978,747.3,4.403808765818736
202405,56.0,5.0,23.0,13.766081839962732,13.419262838905718,1851.794,3.8436437656013194
202208,29.0,14.0,10.0,11.049444516713686,11.049460412564075,351.325,-2.182402451962317
202303,323.0,57.0,77.0,12.525075316862548,11.8767279475491,808.321,-6.2918148135823255
202307,99.0,8.0,32.0,13.94520898916857,12.325884732380304,3699.922,-6.276933343152721
202208,210.0,35.0,57.0,12.675091414960653,12.587781119550062,1759.328,0.7711934771505886
202404,147.0,53.0,43.0,9.423352776090933,9.423433587436891,246.586,-2.8707115177868396
202405,301.0,103.0,50.0,10.684164725581436,10.306315853989789,550.393,2.1954191155017426
202410,27.0,2.0,2.0,9.1833801903934,9.1834829178063,32.2,-6.2867327161806745
202207,86.0,22.0,34.0,11.19630879542033,11.196322520089739,386.855,-6.276933343152721
202310,476.0,86.0,129.0,15.083277825435275,14.868778488847244,14729.386,119.75690236448675
202405,159.0,18.0,32.0,14.117524437676234,13.333644851642504,2421.489,12.106897680746611
202406,502.0,112.0,175.0,13.388647640933968,13.24875282696047,3923.602,30.009938502751872
202401,520.0,252.0,89.0,12.21269069783175,12.190151575235248,1415.474,3.9417094614925983
202311,12.0,1.0,2.0,13.095368266097065,12.82657386160524,3408.294,-6.194456120449732
202405,82.0,15.0,33.0,12.145727984521054,12.145733295519868,467.005,-5.139428754081495
202309,47.0,9.0,13.0,14.517382070623196,14.500048283295392,4667.674,5.0691749523701635
202303,192.0,40.0,68.0,14.640481736880359,14.545752636039404,2090.047,15.419646130535417
202405,376.0,71.0,157.0,14.76682088293947,14.611659624801375,4361.341,-3.261415272169434
202307,36.0,7.0,17.0,11.318478693977967,11.105994282700339,485.273,-6.234431325208313
202301,149.0,26.0,12.0,13.309985859435333,13.020000586299343,2823.958,-6.22494873551995
202211,177.0,10.0,7.0,9.690851107739814,9.690912952571152,72.884,-6.2918148135823255
202303,204.0,14.0,23.0,12.248365557720426,11.793386528578667,537.459,-6.2918148135823255
202208,16.0,2.0,4.0,12.662984702887043,12.386884730310923,1018.301,-4.246856863870388
202311,237.0,85.0,43.0,11.439429613124947,11.434769309969937,530.191,-5.914105868137046
202210,250.0,82.0,42.0,10.222958947477316,10.204517642507408,265.092,-3.831843771579251
202403,253.0,79.0,68.0,12.588361241187123,12.567446532125372,687.075,5.9703627536423625
202407,526.0,91.0,174.0,13.253542505622896,13.190498547837537,1293.918,25.422115743374164
202403,120.0,38.0,30.0,13.462901622313236,12.513663957241937,1102.894,2.492582972231549
202407,65.0,4.0,4.0,13.640566520229298,13.639085979764333,1918.257,-6.227817050640098
202211,179.0,14.0,46.0,12.717805857313532,12.47682089672384,981.976,-5.972137184479387
202212,20.0,9.0,1.0,13.539295816953388,12.917648961558486,1936.148,-5.122626337567269
202303,57.0,4.0,4.0,9.97878053657156,9.647949933410914,69.544,-6.2918148135823255
202211,125.0,44.0,15.0,11.41751528016557,10.567900840522974,608.715,-2.335631070283201
202210,20.0,1.0,10.0,14.278312064072267,14.109012661132674,3367.589,-5.999738734184544
202207,161.0,35.0,45.0,10.793639626800589,10.040463007563206,757.066,0.6230611659722047
202301,181.0,25.0,37.0,13.794352292205355,13.425233032432176,1217.44,-3.9502639488928804
202306,94.0,36.0,37.0,10.906597976362843,10.876101905463226,570.248,-1.8471271680558905
202405,27.0,6.0,12.0,13.109922307233719,12.918402163006776,1913.032,-3.359945094225159
202403,760.0,136.0,208.0,15.049504775957189,13.638527525855677,4056.227,37.7531977012003
202310,50.0,6.0,22.0,13.947532186468287,13.32889938370642,4579.957,1.740348252305619
202410,16.0,2.0,1.0,9.824552564447986,6.405228458030842,84.631,-6.2918148135823255
202212,229.0,75.0,84.0,13.613006293652802,13.500713508030532,962.569,-1.196546395950537
202306,63.0,19.0,29.0,12.643023500717606,12.602782874614476,1545.084,-6.258381774551138
202409,100.0,2.0,0.0,11.772485802104985,5.796057750765372,360.447,-6.235381726775383
202210,194.0,46.0,23.0,8.57810012631976,8.537779825024625,183.791,-3.3057362470053024
202409,46.0,7.0,6.0,12.10853699119341,8.415824697027949,530.333,-6.256157534964052
202407,469.0,83.0,125.0,8.315077007294104,6.897704943128636,1765.422,34.694754837107745
202301,354.0,58.0,38.0,13.087459254356366,12.55212739430673,610.71,-6.2263945941048435
202306,453.0,182.0,127.0,14.615014857408035,13.549612155782569,3335.05,3.833854928671535
202303,195.0,1.0,3.0,10.177248169646864,10.00960278332483,65.419,-6.208711580827649
202311,144.0,18.0,62.0,12.254977088883777,10.755111755080012,1808.952,-2.3817213401569073
202406,1433.0,528.0,172.0,13.189569587094553,12.973963132090828,1825.058,55.775144670335195
202210,61.0,25.0,27.0,11.713872485887348,11.413127228891343,1033.792,-6.2918148135823255
202211,17.0,1.0,7.0,12.088611433083146,11.46004143234501,775.711,-6.2918148135823255
202208,258.0,56.0,144.0,11.27372874833377,11.273741450536969,1237.281,-6.271039005393656
202312,568.0,131.0,274.0,14.204333279949676,14.055332645995271,4144.258,18.15919705144531
202303,84.0,14.0,17.0,10.921504202914962,10.921522268293566,108.276,-5.851625420815807
202208,6.0,1.0,0.0,15.48468818315119,15.312852209344523,11479.852,-6.163963505379513
202407,166.0,44.0,26.0,8.182279739259018,8.182559264068665,203.434,-0.685182180596537
202207,63.0,4.0,52.0,11.479792583309283,11.39110805214731,345.479,-6.271039005393656
202307,57.0,15.0,22.0,14.04199332787728,13.84399985645168,5806.286,-4.140497548230128
202311,162.0,50.0,30.0,13.96325533516748,12.792658589855774,1577.873,9.270863909721115
202301,411.0,218.0,118.0,16.008791815067262,15.51800119497603,9810.585,19.013610032581006
202410,38.0,3.0,5.0,12.432809732354514,9.222170123729759,101.978,-6.0717201171990665
202301,893.0,191.0,174.0,14.973580356265732,14.824303895729328,6043.492,6.241062330234923
202404,230.0,18.0,32.0,12.401433815831933,11.893735793105693,289.95,-6.271039005393656
202404,505.0,171.0,266.0,14.937909683277892,14.591198093708536,5507.092,-4.777110945824491
202210,248.0,13.0,25.0,11.736964615116051,11.590478923185294,703.562,4.48851022810881
202309,135.0,7.0,20.0,10.00419224665776,9.977481232444454,236.256,-6.256157534964052
202307,318.0,24.0,104.0,15.082545481582747,13.890911122931275,10993.45,-1.0619548661165972
202409,313.0,83.0,84.0,14.637227718671337,14.531899543103858,3410.087,8.719864698626992
202405,11.0,4.0,1.0,11.359611101999183,9.12052506765382,383.196,-6.227889159480919
202308,25.0,4.0,18.0,11.829450063781746,10.62563512702953,341.209,-6.2918148135823255
202402,533.0,159.0,189.0,13.42549892741409,13.40912302455267,1907.427,-4.053854132642224
202408,167.0,34.0,26.0,12.703524234250711,12.583446873471813,1230.792,-6.064380572659834
202303,559.0,69.0,97.0,13.092561685667519,12.965112898159214,1897.117,-5.007106295252184
202212,34.0,0.0,4.0,13.742341836883822,13.050237746804925,3954.213,-2.33857149424417
202407,63.0,16.0,16.0,11.406141714772215,11.406152841646398,375.314,-5.266088790410695
202210,62.0,9.0,4.0,11.08765042953924,10.68679531280403,307.312,-6.2918148135823255
202306,180.0,20.0,26.0,11.965592174562687,11.67461054691374,699.769,-6.222807062079268
202308,164.0,2.0,5.0,10.113626914715084,9.288226910633254,491.246,-6.00779446309766
202303,162.0,8.0,41.0,13.3389494755408,13.1967191759894,1345.154,-0.3631993191995164
202403,67.0,20.0,10.0,10.341387581787455,10.122904167442703,60.866,-6.271039005393656
202301,62.0,8.0,24.0,13.538989963818514,11.748756192616442,1306.938,-6.2918148135823255
202303,55.0,1.0,1.0,11.65943848052539,11.659447117632995,1790.217,-5.780409580771076
202312,188.0,0.0,7.0,10.56429231017482,10.176829799383084,69.405,-6.2918148135823255
202404,323.0,57.0,77.0,12.625292718870673,11.863814703950208,831.222,-6.2918148135823255
202301,238.0,65.0,125.0,13.926957116037645,13.735166721622718,3215.255,-5.262101908899125
202312,88.0,18.0,41.0,13.329491361449731,13.192998899002555,1707.549,-6.19812621862171
202301,171.0,47.0,29.0,11.580771011865295,11.235418120634911,756.769,-0.31870727886120864
202301,85.0,27.0,22.0,12.60643140507002,12.542362722704219,500.429,-6.2918148135823255
202210,277.0,58.0,33.0,12.326594150376954,12.257829832303011,437.518,-5.226444630280852
202208,395.0,137.0,118.0,14.032076524318095,13.934046199230883,3833.235,3.5400494148997677
202301,39.0,6.0,17.0,14.070321754308335,13.599249517740756,1143.183,-0.14038492621134857
202308,8.0,2.0,0.0,10.828282024901505,5.777652323222656,2325.991,-6.276933343152721
202301,63.0,4.0,52.0,12.300514266428213,12.253313991852613,366.39,-6.271039005393656
202407,230.0,113.0,39.0,12.617615910825437,12.585700152465314,1344.962,4.736143625764191
202403,478.0,171.0,105.0,13.198220105307286,12.455690635673255,1113.507,7.411127266748876
202208,262.0,102.0,49.0,10.356599314111646,10.25558704504304,424.283,-3.9969992266279197
202406,36.0,12.0,11.0,13.394041060114377,13.045087006557013,2534.671,-6.067334486457929
202408,135.0,55.0,29.0,12.198231987751013,11.954619636218789,1482.632,-2.2509296079931254
202303,126.0,16.0,49.0,13.41627401202713,12.500516803461077,522.579,10.273978698504814
202405,192.0,13.0,13.0,12.322330073594427,11.885137087224754,1093.359,-6.227889159480919
202311,40.0,10.0,14.0,12.407469440954298,11.853702707456156,483.853,-6.2425499025544635
202406,45.0,17.0,13.0,7.97349996402463,7.973844375944687,188.712,-5.319485397273138
202404,6.0,3.0,2.0,10.493826513114392,10.493854219701634,394.373,-6.2918148135823255
202210,188.0,86.0,37.0,12.840345234576986,12.77635138163385,855.843,1.8099026961195293
202403,33.0,3.0,9.0,11.75699258371986,11.588765507651935,197.788,-6.2918148135823255
202212,163.0,42.0,41.0,12.410408434505909,12.345103886225262,1016.982,-6.2620518727231165
202309,17.0,1.0,1.0,14.491432736296348,13.918090611718021,5571.9,-6.212057287484245
202401,178.0,11.0,7.0,10.274775208842707,10.274809700521592,104.476,-6.2918148135823255
202303,171.0,8.0,41.0,11.501308245630037,11.501318362428476,201.133,-6.271039005393656
202311,423.0,17.0,23.0,11.691096754641098,11.28873136201984,873.213,6.568562294820367
202401,35.0,10.0,12.0,13.09427866815366,12.86816765933465,1831.868,-5.160920746644047
202303,245.0,54.0,24.0,12.2436718524448,12.043188943628682,393.718,-6.256157534964052
202410,58.0,13.0,15.0,10.026545540027982,7.646831391430482,85.884,-5.319485397273138
202208,303.0,57.0,62.0,10.03793102908562,10.036443779784754,713.083,3.2472853305529483
202311,94.0,15.0,28.0,13.03824671577153,11.836941877466879,1710.009,15.483328385828434
202210,17.0,3.0,7.0,11.233766963459324,11.233780183540627,243.721,-6.213007689051315
202210,181.0,25.0,37.0,12.748071301947057,12.384310876886492,971.971,-3.9502639488928804
202303,56.0,20.0,16.0,14.09803032863533,13.772353547748834,1804.527,-2.118476797860911
202303,121.0,38.0,30.0,13.395197259045393,12.395179463618295,999.451,2.492582972231549
202408,196.0,46.0,74.0,13.077464332999705,11.98470875967155,1549.154,-1.1291443806319181
202309,16.0,8.0,1.0,10.070187728427126,9.445333439647541,740.804,-5.319485397273138
202401,40.0,6.0,20.0,13.329320634600082,12.805268971983855,939.698,-0.3939126616257953
202405,22.0,1.0,19.0,12.833742197462447,12.833744866631013,1076.161,-5.319485397273138
202408,47.0,16.0,17.0,10.074537489292018,10.074579627378533,512.643,-4.347155980963951
202405,105.0,33.0,33.0,12.209591447279292,12.162867605477754,524.051,-1.3551830766278634
202311,53.0,10.0,35.0,12.742416882117814,12.579231480552993,543.023,-6.258381774551138
202406,243.0,93.0,71.0,14.143971504006617,13.912518386855691,2295.294,2.830510753130728
202307,371.0,249.0,54.0,10.143291544743445,9.49694686620103,351.731,-3.325561653626901
202211,27.0,7.0,11.0,13.270345355568319,13.09259259269609,1830.024,-3.359945094225159
202404,171.0,25.0,81.0,14.770993541048211,13.099843702274446,2138.606,-6.2918148135823255
202406,84.0,22.0,16.0,12.099071896535929,11.90779463386499,373.968,-6.2918148135823255
202401,176.0,21.0,27.0,13.309626040137012,12.94392546947397,1884.85,-6.227889159480919
202210,101.0,10.0,17.0,12.877518547495756,12.632124387246726,567.459,7.335678485175901
202210,39.0,6.0,20.0,12.320588126316743,12.040732091933748,813.922,-0.3939126616257953
202309,71.0,9.0,23.0,11.965414098294694,11.930865766586795,386.168,-6.250263197204988
202301,252.0,84.0,48.0,13.096273989777728,12.97303936379348,1185.833,35.56444816749319
202406,108.0,20.0,22.0,12.5830148147051,12.340883219653076,973.944,-6.256157534964052
202410,5.0,1.0,2.0,8.39840965542627,0.6931471805599453,54.255,-6.2918148135823255
202207,4.0,0.0,1.0,13.064176905882363,12.906557836913462,1943.664,-6.227889159480919
202310,32.0,8.0,7.0,3.1780538303479458,3.2188758248682006,30.635,-6.2918148135823255
202301,6.0,1.0,2.0,13.431164856876038,13.431166325528029,1504.767,-6.148131633382839
202312,216.0,40.0,74.0,12.602012532413266,12.537431832764563,724.783,-6.2425499025544635
202306,644.0,60.0,221.0,13.916575962825572,13.152698577200402,2507.206,32.537189771194676
202406,11.0,4.0,1.0,11.275010856752338,9.147187556970914,447.784,-6.227889159480919
202404,68.0,11.0,35.0,11.13689293754577,11.087573926054468,595.583,-5.299521829441883
202208,353.0,63.0,144.0,13.837432506539226,12.798750108734284,3282.399,4.105204558476556
202210,77.0,11.0,42.0,13.042436663003313,12.821877012088002,1072.265,-5.091334971976763
202308,2.0,2.0,0.0,7.870547844507712,0.6931471805599453,144.686,-6.2918148135823255
202210,275.0,91.0,73.0,13.133164831098185,12.849562035641839,1160.64,-4.795373575023463
202310,147.0,66.0,20.0,11.573606555780495,11.572730927838153,123.108,-2.635735350973976
202207,46.0,17.0,16.0,10.748239317227968,10.472855631914229,395.551,-4.347155980963951
202211,144.0,37.0,52.0,12.90180149072433,12.829387316491438,866.273,-4.2505269620423665
202208,177.0,10.0,7.0,9.331318298529085,9.331406899955626,103.959,-6.2918148135823255
202308,78.0,3.0,6.0,9.334414687078109,9.218705288307811,79.032,-6.271039005393656
202406,258.0,37.0,34.0,12.554198146913361,12.530005882155013,1674.165,0.17982885910427182
202402,156.0,73.0,35.0,12.777944449303282,12.718201419826556,853.384,-1.2478148192094247
202310,75.0,14.0,16.0,11.914750623157797,11.858817481543491,600.907,-6.036112197176701
202306,174.0,4.0,3.0,12.463060946906884,12.45174842871143,1248.524,-6.115648995918721
202210,25.0,5.0,9.0,12.650017807956186,12.320668384927865,743.224,-4.313722941932763
202208,38.0,10.0,14.0,12.74625802260257,12.532967017638304,2234.417,-5.153036386491083
202308,15.0,9.0,3.0,11.17167382517569,9.920639611353694,441.191,-6.227889159480919
202407,181.0,28.0,39.0,11.212887370308863,11.114907557497114,281.86,-3.3242878156068856
202306,171.0,9.0,27.0,12.872159475118247,12.202576541273466,1085.816,-6.243500304121533
202404,252.0,13.0,25.0,12.642480710763985,12.53795579696037,715.839,4.48851022810881
202403,627.0,193.0,223.0,14.012551583227081,13.97088220639163,1770.661,26.38113924733682
202308,48.0,1.0,2.0,9.677715549868227,9.677778212399186,47.817,-6.2620518727231165
202310,200.0,78.0,81.0,10.471071510120728,10.392619562216863,388.192,-5.035465046788473
202406,120.0,53.0,54.0,13.183806487697076,13.050497812252612,1670.385,-4.287865036342443
202210,68.0,18.0,45.0,11.66517433750789,11.665182925216303,569.793,-5.319485397273138
202306,331.0,101.0,67.0,11.87835993202204,11.866163509530752,666.952,-1.0324952187598528
202406,526.0,90.0,174.0,12.992165849842163,12.904893699185923,1088.828,25.642210439757427
202208,767.0,476.0,132.0,13.463227384639074,13.463161956182223,2661.249,15.029874098172632
202402,54.0,28.0,13.0,12.952317366845854,12.259016077691204,704.041,-3.2774678715221697
202310,184.0,44.0,26.0,11.069213169678562,10.893957682584535,343.985,-0.902336453018826
202405,65.0,30.0,18.0,14.37610986208905,14.013845709985091,5873.353,-5.078443523941058
202405,86.0,14.0,32.0,13.930387151785375,13.158473488416385,2537.872,12.1806029901626
202301,162.0,27.0,40.0,12.926190330119626,12.502656231691926,384.029,-4.311360541136021
202408,204.0,31.0,54.0,12.652542131525736,12.601645654423008,1600.511,17.20537552507217
202403,115.0,7.0,6.0,12.964173885879545,12.96079693532283,1524.663,-6.2918148135823255
202312,773.0,75.0,185.0,12.79728676333255,12.791720914581624,666.795,-4.182696992575795
202207,333.0,114.0,74.0,13.79897153929919,13.795526194155014,2641.848,-2.745967146137353
202402,20.0,9.0,4.0,13.597649280842562,11.99235948794505,750.372,-6.2918148135823255
202210,9.0,0.0,2.0,10.809586524415446,10.809606729088786,661.963,-6.163963505379513
202405,63.0,14.0,14.0,11.438040267778439,11.4380510453245,367.965,-6.2918148135823255
202211,110.0,27.0,61.0,12.311175628029183,12.271125097082882,731.466,-1.9261143207481028
202404,7.0,1.0,1.0,12.34393713670893,11.049968946408427,1003.077,-6.2918148135823255
202210,231.0,8.0,13.0,9.952658596542577,9.81454704323948,135.902,-6.2918148135823255
202307,265.0,47.0,64.0,13.822704618544515,13.316496568055413,3613.731,-1.002154974640141
202210,10.0,4.0,3.0,12.485059524114705,12.034026119343963,1182.13,-6.2918148135823255
202403,282.0,76.0,58.0,12.279829484615323,12.272899172185705,351.35,-5.219902464553458
202403,383.0,78.0,102.0,13.832551532267546,13.296259540037909,1974.045,29.211850475891232
202306,126.0,13.0,52.0,14.181111545977295,13.474537407409613,3233.223,16.601872875196882
202409,45.0,3.0,4.0,4.859812404361672,4.867534450455582,18.405,-6.2620518727231165
202404,301.0,142.0,76.0,12.148183965110482,11.981453005332597,584.495,-3.2144555934356545
202310,516.0,232.0,96.0,10.79544460739483,10.725555513162913,1542.581,20.656971435937876
202311,191.0,39.0,33.0,13.037654801477363,12.845700371434981,744.627,-1.3633016539740135
202306,60.0,6.0,14.0,14.87745817069762,13.965193558271686,13664.998,-6.227889159480919
202410,15.0,4.0,3.0,10.053458079112422,10.053501114853614,32.747,-6.258381774551138
202301,912.0,307.0,119.0,13.942262144555793,13.840843940827275,3028.82,16.058980325051195
202403,67.0,32.0,6.0,12.747864818061519,12.73942659027667,344.894,-6.100037851278107
202211,74.0,2.0,13.0,14.17758997141286,12.889601215211796,2479.553,1.5536865949535485
202405,133.0,14.0,46.0,13.24317471202025,12.5919742977384,1103.22,5.476437299221486
202407,217.0,101.0,55.0,9.720705889909716,9.720765915720834,420.319,-3.9992099763778794
202410,35.0,4.0,5.0,11.587763884567963,10.819098053105419,210.437,-6.2918148135823255
202410,176.0,12.0,23.0,11.784371442481422,11.784379065216992,209.71,-6.250263197204988
202309,23.0,2.0,6.0,9.591171199125986,9.591239526139097,62.306,-6.271039005393656
202303,188.0,28.0,47.0,13.488215482090112,13.119194361373053,947.087,-4.297891069936089
202211,48.0,7.0,20.0,13.927455250280364,13.63681442138536,4216.157,1.740348252305619
202207,88.0,9.0,41.0,10.57813975045983,10.532656055217016,313.566,-6.186337543103582
202207,44.0,12.0,7.0,9.94352523956766,9.943573276075414,109.233,-5.943868808996254
202401,501.0,110.0,176.0,14.084734319122077,13.828550171472077,4703.865,30.009938502751872
202312,4.0,0.0,2.0,12.501213085084846,0.6931471805599453,117.924,-6.227889159480919
202208,103.0,14.0,44.0,12.10886216129055,11.641195541110763,1709.086,14.199091803569493
202210,34.0,2.0,14.0,13.38645845084973,12.8143370910248,2044.827,-6.20711335129225
202409,261.0,83.0,65.0,12.325418903162616,12.269357255850059,1116.551,1.6536284162389459
202307,217.0,101.0,56.0,10.50133455324175,10.501362052588641,413.602,-4.971539392687067
202312,61.0,25.0,26.0,11.89238192823066,11.5647491186924,1087.749,-6.2918148135823255
202312,84.0,18.0,38.0,12.80908995528564,12.757806020139242,380.682,-6.2918148135823255
202408,72.0,17.0,17.0,11.496196309716344,11.496206478363355,364.383,-4.347155980963951
202404,156.0,14.0,35.0,14.638843979863696,13.523800383592057,13977.151,3.019648708279318
202303,49.0,7.0,25.0,12.631356720670304,12.120384029669811,960.307,-5.109886540578346
202404,159.0,18.0,32.0,14.615948589884702,13.73370813623508,2524.54,12.106897680746611
202408,174.0,33.0,46.0,10.954973292458972,10.21008950984042,724.699,-6.258381774551138
202306,106.0,36.0,46.0,11.390192699587931,11.39020400534652,660.637,-5.099390700889879
202409,48.0,4.0,29.0,12.59348918707777,12.119604757187465,1781.955,-6.27185124575107
202207,432.0,108.0,99.0,12.760687377577524,11.55000928120009,1271.984,8.692327369063316
202207,42.0,4.0,30.0,12.014573099550425,11.65772686185026,803.54,-6.2918148135823255
202308,35.0,7.0,16.0,11.251924271099778,11.239093699328496,180.974,-6.2918148135823255
202210,208.0,14.0,82.0,14.976819359814474,13.913261393307943,6054.185,1.1747751897317622
202301,203.0,83.0,40.0,12.849950797283316,12.592789770009965,552.388,-3.0700304059814294
202410,42.0,5.0,15.0,12.523762448566304,9.694739881505651,874.996,-4.185871633729951
202403,123.0,26.0,28.0,12.42399458794171,12.080356349615274,247.495,0.061158201570327364
202208,120.0,16.0,39.0,12.37342437819947,12.0424884429481,992.548,-5.319485397273138
202303,71.0,13.0,11.0,11.737092492354078,11.737100484138523,542.732,8.108932412098886
202210,163.0,72.0,33.0,10.634291724273172,10.530628468683467,195.496,-2.934637171888246
202311,60.0,2.0,10.0,13.311440397917309,12.731794763532253,1525.109,10.711407695471562
202403,83.0,36.0,25.0,14.35230096038389,13.244021561631047,2779.357,-6.140247273229875
202401,201.0,88.0,30.0,9.997797232006869,9.997842731017274,337.513,-5.2860523582419505
202402,75.0,56.0,8.0,12.346564756050288,12.346569100693452,345.32,-3.3748265646547635
202312,45.0,7.0,36.0,10.814423975648358,10.81444408281958,205.994,-6.2918148135823255
202407,911.0,307.0,121.0,12.521416090173135,12.514534808581661,1774.332,16.058980325051195
202211,69.0,6.0,17.0,13.886728285954804,12.468279205255234,2543.314,0.003126885227985987
202406,27.0,10.0,3.0,12.768473124041877,12.236024574370825,1507.038,-6.258381774551138
202402,72.0,15.0,20.0,11.847066414824361,11.844600499107637,555.59,-6.222586334723208
202210,268.0,18.0,148.0,13.945509343272507,13.93419807334441,2055.332,13.747985672646768
202312,122.0,8.0,74.0,13.218462336949196,13.067457248794113,1066.838,-6.2918148135823255
202408,172.0,36.0,70.0,15.65065976224341,13.891660158860688,12176.93,-2.053654744498136
202210,530.0,190.0,95.0,12.491928050640547,12.342415706707467,921.951,13.453410942262527
202404,2.0,0.0,0.0,13.73849883554387,13.646308167343461,835.39,-6.2867327161806745
202312,88.0,39.0,21.0,11.438665173524205,11.438675944337454,400.484,-5.2860523582419505
202210,704.0,215.0,112.0,10.470561175840706,10.111030037621687,1695.391,11.541046640105423
202301,61.0,7.0,5.0,10.372021352111275,10.372052647587516,76.349,-6.276933343152721
202312,450.0,121.0,203.0,15.584343375208562,14.952370971590447,4834.328,7.5277511487728255
202408,40.0,10.0,14.0,12.032802005336634,11.246965744590764,774.52,-6.2425499025544635
202312,10.0,4.0,3.0,12.743699875906602,12.296735680427416,1435.803,-6.2918148135823255
202405,7.0,1.0,1.0,12.343222483677406,10.872788104723899,1040.33,-6.2918148135823255
202208,74.0,15.0,13.0,13.014127621089735,11.410261310860145,1975.032,-3.2135422174207635
202211,150.0,24.0,42.0,13.637858880291706,13.008780259732156,1169.076,25.353318183128998
202402,65.0,14.0,33.0,13.064560520661535,13.03711263141212,1869.486,4.409216828175177
202301,582.0,248.0,166.0,13.140329024367162,13.10837600866839,1928.576,8.059934435594464
202409,28.0,2.0,3.0,12.046654785096509,0.6931471805599453,95.095,-6.2918148135823255
202211,420.0,72.0,151.0,13.330948669652086,13.200928686569638,1526.053,-5.214820367151807
202308,5.0,1.0,2.0,10.560852102956302,0.6931471805599453,51.92,-6.2918148135823255
202309,77.0,13.0,33.0,10.329669902233015,10.329702551562889,120.831,-6.193830110398045
202404,50.0,18.0,19.0,14.693128234693122,14.319662562588881,4583.712,-3.1042424778195348
202403,96.0,9.0,28.0,13.360839974456907,12.43194846080936,1152.216,-1.4301677320363888
202402,878.0,407.0,173.0,13.684106044784425,13.674765782767128,3214.414,17.306108066547367
202212,126.0,16.0,88.0,12.175515495104882,12.175520650235654,344.769,-6.256157534964052
202312,215.0,28.0,83.0,15.428023936301175,14.327004558316862,8646.267,7.781762215701484
202403,257.0,37.0,15.0,13.56710817128583,13.01004985664339,2110.138,-6.256157534964052
202402,50.0,12.0,38.0,12.946327623492913,12.946330008451456,699.148,-6.2918148135823255
202311,41.0,4.0,18.0,13.32530422140102,13.127661318497626,1451.579,0.5479241396131735
202307,37.0,10.0,13.0,12.802108525240664,12.648724348092156,1926.434,-5.153036386491083
202312,181.0,122.0,26.0,13.85702767083378,13.730121500665765,1209.839,-5.999504516991357
202408,98.0,2.0,16.0,11.351664567347825,11.351676317193608,325.629,-6.270900844183999
202207,65.0,16.0,32.0,12.744622379810924,12.703791752925413,2068.416,4.189122131791917
202207,59.0,6.0,14.0,15.212532670439966,14.265909515319366,16215.76,-6.227889159480919
202409,75.0,11.0,31.0,13.332732886943441,12.622269956967365,6950.296,-5.078614892701211
202410,18.0,1.0,2.0,11.699346938939176,10.914942999089615,326.282,-6.22494873551995
202303,85.0,25.0,19.0,12.303217504916535,12.270000042469386,1071.863,-5.943868808996254
202307,45.0,17.0,13.0,7.528869256642251,7.529406457837013,237.313,-5.319485397273138
202308,7.0,0.0,0.0,11.47389353399647,0.6931471805599453,1037.005,-6.2918148135823255
202207,235.0,29.0,55.0,11.622721130793112,11.220753327245582,704.793,-1.1951915652235252
202306,138.0,54.0,58.0,13.654827589117666,13.622487544292616,3806.086,-4.1700397617332765
202406,103.0,14.0,44.0,12.45218635124524,12.181282903222863,1186.715,14.199091803569493
202309,21.0,4.0,15.0,11.469527238144758,11.444046872667448,195.654,-6.2918148135823255
202406,529.0,161.0,90.0,10.62546511476395,10.621790652977191,489.887,-4.156756520839071
202408,214.0,71.0,23.0,10.499820923406714,10.441354248613159,744.563,-3.1131802518941663
202301,270.0,52.0,128.0,15.636900671513363,15.259454531710679,8251.34,-2.2429820961494142
202402,9.0,3.0,3.0,12.893490947356533,12.882302532213108,954.198,-6.227889159480919
202212,47.0,17.0,20.0,13.64323120899079,13.511846789153523,2763.033,-2.901204132857058
202301,107.0,21.0,14.0,11.542076417061915,11.542086129713129,191.785,-6.2918148135823255
202211,91.0,10.0,44.0,12.779554707927062,12.539862716931447,659.788,-5.2860523582419505
202212,332.0,81.0,71.0,14.435876808537339,14.069478130210674,2870.212,7.535137108019555
202310,95.0,47.0,17.0,11.860832079217104,11.86083914084036,580.462,-6.177278301592221
202303,38.0,3.0,19.0,12.10510247817364,11.188994259843327,415.692,-6.094955753876456
202312,259.0,66.0,97.0,13.11682607480235,12.92555986142196,974.604,-6.121565151594428
202301,527.0,160.0,192.0,13.413356960746512,13.403969025727509,1935.526,-4.117779786743631
202404,106.0,20.0,45.0,11.60144903135826,11.545683029208401,359.565,-6.250263197204988
202303,188.0,86.0,36.0,12.989355276410285,12.901881281274179,915.031,1.8099026961195293
202210,268.0,93.0,54.0,11.067715906582434,11.030298495562917,449.173,4.653666403061202
202212,165.0,63.0,40.0,12.486099239439817,12.39520015585643,426.986,-4.2689966844012694
202312,70.0,23.0,19.0,12.775947061910404,9.498822124598528,776.023,-6.0851563808485025
202310,162.0,27.0,40.0,12.51606889457846,12.4651160173171,372.341,-4.311360541136021
202210,225.0,77.0,38.0,10.113951050692963,10.113991560303875,337.111,2.7850645382767176
202309,70.0,14.0,54.0,11.012017168212456,10.695189643065287,660.68,-6.2918148135823255
202311,14.0,0.0,6.0,12.71758403410572,12.43905563045957,395.847,-3.307960486592388
202207,46.0,10.0,33.0,13.0702276229838,13.070229730019086,1079.683,-5.298709589084469
202406,19.0,3.0,5.0,12.058865304837092,10.24498286663967,462.945,-6.2918148135823255
202404,188.0,0.0,7.0,10.526024482928522,10.145256567973503,54.311,-6.2918148135823255
202303,261.0,91.0,79.0,11.962350040578848,11.727859409491659,539.146,-5.112826964539315
202402,265.0,113.0,71.0,14.543579802633241,13.419831905896395,1965.668,-1.0822217274503174
202212,74.0,2.0,13.0,14.736338182558873,13.183345582339122,3192.235,1.5536865949535485
202408,76.0,19.0,24.0,13.704083902650842,13.21622159452992,3531.321,-5.142369178042463
202404,20.0,5.0,4.0,9.320986892063246,9.321076413570848,209.207,-0.45783831572720146
202310,149.0,32.0,89.0,13.956378844636564,13.730924963656065,2811.719,8.610579820571337
202212,103.0,14.0,44.0,13.055531027451844,12.80992402360453,1422.333,14.199091803569493
202310,563.0,247.0,213.0,13.980473149286958,13.943967974717417,2734.622,-0.0641371561697408
202208,98.0,22.0,44.0,13.122895235942499,12.23354675203092,1946.524,-6.271039005393656
202303,24.0,3.0,3.0,13.830281922205407,12.293332325023519,1475.321,-4.347155980963951
202406,38.0,2.0,15.0,10.303303400245593,10.303336921858657,200.511,-6.163963505379513
202405,363.0,70.0,105.0,10.346986772628886,10.316557007504228,298.66,1.2817470255865828
202306,118.0,44.0,19.0,13.274284144251224,12.557102686943452,1458.753,-3.244034832490982
202403,45.0,17.0,2.0,10.20736280488266,10.13281196292542,116.659,-6.227889159480919
202310,45.0,17.0,13.0,8.342601680684194,8.34283980427146,187.839,-5.319485397273138
202210,73.0,10.0,26.0,11.622470214499264,11.08071075511935,512.01,-1.3020236664292817
202405,190.0,65.0,38.0,8.372860820526318,8.302761580704049,477.001,-5.185519023955201
202401,461.0,58.0,158.0,14.596463008630632,14.457533903461837,2957.804,-6.2867327161806745
202408,113.0,14.0,43.0,11.187347667846776,11.182753340897495,551.192,-6.2918148135823255
202312,49.0,6.0,22.0,13.862455210700798,13.270974743522263,2049.47,-6.179574650020127
202407,177.0,21.0,63.0,13.562603433444377,12.80451896061611,1871.824,22.17414746522816
202301,118.0,18.0,25.0,15.414236299418699,14.102053231547627,3261.553,4.54948196841212
202211,129.0,4.0,14.0,12.239913528698892,12.122685601793746,480.001,-6.276933343152721
202311,96.0,9.0,28.0,12.834241208124144,11.92740317066775,1148.814,-1.4301677320363888
202309,74.0,1.0,2.0,4.543294782270004,4.553876891600541,22.941,-6.2918148135823255
202306,313.0,76.0,122.0,13.810360318218596,13.722321227568068,2976.919,46.90986567628593
202407,86.0,22.0,34.0,11.079415757636284,11.073986300004346,421.106,-6.276933343152721
202207,106.0,33.0,34.0,11.876616736811588,11.787917356605492,724.65,-1.3551830766278634
202405,268.0,54.0,130.0,14.840820703557334,14.670067152737488,5751.615,-3.2311433844552764
202210,211.0,33.0,56.0,12.700125387681837,12.669812951050712,1087.158,17.226151333260837
202207,114.0,15.0,62.0,13.714406526167965,13.700879424840233,1953.819,4.752514633444225
202308,99.0,13.0,20.0,11.294035354935634,11.23109291730734,311.907,-6.2918148135823255
202404,165.0,12.0,18.0,12.293588895050217,12.145488960375822,772.049,-6.271039005393656
202301,35.0,2.0,17.0,14.022414152129695,13.744023149133135,3869.344,-4.072852437360835
202405,144.0,82.0,25.0,12.027119409568973,12.027125389375168,415.318,-6.227668432124859
202408,78.0,21.0,26.0,12.1372904661318,10.886445787656298,1045.099,-2.3817213401569073
202312,253.0,149.0,44.0,11.718882164861617,11.718890303511659,331.524,-2.0023458087706736
202312,209.0,41.0,55.0,14.539138930767262,13.881999363560155,2180.789,0.6771874470456583
202308,55.0,17.0,14.0,12.484014939960984,9.996841274269336,528.965,-6.227889159480919
202301,716.0,290.0,153.0,12.74818179693564,12.73114135328417,3509.438,40.81900491177231
202309,114.0,4.0,4.0,11.548437385971589,7.842278779117352,258.023,-6.250263197204988
202208,1098.0,201.0,162.0,13.468147834681888,13.336286955089589,4840.865,95.85273304677688
202407,32.0,5.0,2.0,14.774946599371019,14.155075863255693,17433.93,-4.155379018659732
202311,188.0,27.0,54.0,14.341089021460514,13.886598832559942,1288.352,13.692321598500532
202406,816.0,391.0,199.0,13.224067617023879,13.15217651623162,1816.298,15.768547392856354
202207,15.0,9.0,0.0,14.64421476566518,0.6931471805599453,3438.641,-6.227889159480919
202405,142.0,15.0,43.0,12.452960066837866,12.36062895736336,1002.44,0.38398644589212516
202310,65.0,4.0,4.0,12.657033608636084,12.652769264295413,1457.212,-6.227817050640098
202407,35.0,10.0,12.0,12.576300827988957,12.449375623225297,1778.261,-5.160920746644047
202404,277.0,72.0,58.0,9.99624903261744,9.996294602122335,386.378,3.623549069218061
202406,122.0,8.0,74.0,12.683557594782235,12.581508007186642,1040.92,-6.2918148135823255
202303,114.0,10.0,46.0,11.77808581673972,11.778093487539671,563.748,-6.227889159480919
202311,131.0,26.0,49.0,13.776467189084567,13.598590102956775,855.489,25.483010597461444
202403,51.0,12.0,39.0,12.89845953714371,12.898462039042025,633.88,-6.2918148135823255
202301,458.0,98.0,108.0,14.908790655736569,14.717433363763973,3390.379,46.19891702469078
202406,713.0,288.0,151.0,12.011856629289145,12.01186270106359,2781.401,41.323119958640234
202303,151.0,64.0,26.0,11.660224151991107,11.660232782315479,361.602,-4.009656457470438
202312,163.0,46.0,71.0,12.967116763927777,12.599657461607622,870.778,-5.2050209941238545
202210,47.0,18.0,8.0,12.03891355535412,11.189491854811298,667.873,-4.216292139959348
202404,181.0,42.0,55.0,13.233113741696531,12.792163428793133,1080.923,20.104104962802445
202309,38.0,3.0,6.0,11.757282412683635,9.18307194482199,135.992,-6.0717201171990665
202408,106.0,30.0,39.0,13.748954001963387,13.542438569894125,2884.852,-4.150296921258081
202301,56.0,18.0,10.0,12.583333733265262,12.523030713247085,1044.876,-6.1222737277925185
202409,1.0,0.0,0.0,13.118562161930207,0.6931471805599453,468.936,-6.2918148135823255
202301,74.0,21.0,33.0,12.948869144890015,12.760785002702864,886.52,-6.276933343152721
202307,181.0,122.0,26.0,13.027331558853914,12.678127294995203,1396.641,-5.999504516991357
202407,106.0,23.0,25.0,13.299039026011458,12.047862068796546,1853.157,-6.258381774551138
202312,1.0,0.0,0.0,9.061376218836225,9.061492275239766,117.961,-6.227889159480919
202303,97.0,26.0,36.0,12.25278446095213,12.010902903154921,445.109,-4.265408432471971
202303,50.0,2.0,21.0,12.716008873901309,11.985999376073183,780.084,-6.227889159480919
202410,4.0,0.0,0.0,11.848382901141312,4.787491742782046,157.469,-6.2620518727231165
202409,7.0,2.0,1.0,11.472030551124757,7.844240718141811,399.2,-6.2867327161806745
202403,326.0,81.0,95.0,14.576647173403673,14.228211424717001,1848.458,15.731398700290532
202311,84.0,31.0,21.0,14.387140175693848,14.094922527189523,6459.06,0.6118497937145797
202307,25.0,2.0,3.0,12.907902026472954,11.241103618229046,3388.136,-6.258381774551138
202409,100.0,12.0,19.0,10.927340374822949,10.927358335076908,81.223,-6.2918148135823255
202307,23.0,6.0,7.0,14.605176732872307,9.53575166123797,2997.595,-6.2918148135823255
202307,165.0,3.0,9.0,11.4343907863158,11.434401603265961,136.347,-6.271039005393656
202303,7.0,1.0,1.0,12.258223821831784,11.009042352770813,964.155,-6.2918148135823255
202404,230.0,74.0,84.0,12.733377733939943,12.675025723139731,984.671,-0.9125260454658726
202301,231.0,8.0,13.0,10.565737285268195,10.489522684399441,222.03,-6.2918148135823255
202312,12.0,0.0,0.0,14.07759247488314,0.6931471805599453,4809.805,-6.2918148135823255
202311,7.0,1.0,3.0,13.675941546976658,13.281230346605279,2142.597,-6.227889159480919
202408,221.0,7.0,10.0,13.673290095904754,11.888700828930999,2376.217,-4.211282151398518
202301,45.0,1.0,10.0,12.997736224115528,12.997738489565045,700.114,-2.3275124929370503
202301,16.0,2.0,4.0,12.522436922531751,12.093385354485887,806.683,-4.246856863870388
202303,43.0,21.0,6.0,12.787421968468287,12.16804881582605,2578.706,-6.179574650020127
202210,97.0,12.0,34.0,12.123999962182832,11.563361892352079,615.645,-6.276933343152721
202303,409.0,116.0,63.0,11.321171563145283,11.279630562599642,617.333,2.034891970098874
202401,98.0,2.0,16.0,11.753397998406212,11.753405860937713,263.256,-6.270900844183999
202311,84.0,9.0,13.0,12.028505767315895,11.884847577803336,278.055,-5.319485397273138
202311,101.0,10.0,17.0,13.160833809166906,12.842763224745688,553.111,7.335678485175901
202306,42.0,4.0,30.0,12.168448656933483,11.780062934930301,661.324,-6.2918148135823255
202306,180.0,56.0,39.0,12.886709395977581,11.536700583620998,1526.273,-4.19852886457247
202408,209.0,34.0,56.0,12.758988898758705,12.71662723256903,1675.485,1.9636175898430341
202303,95.0,21.0,25.0,11.805923383244245,11.757063090388645,232.06,-4.1062854763920225
202405,246.0,54.0,24.0,12.06186734604878,11.821571255097677,364.699,-6.256157534964052
202306,64.0,0.0,4.0,9.718241724224926,0.6931471805599453,403.218,-6.2918148135823255
202303,51.0,18.0,16.0,13.379345491743809,11.8337037649112,723.265,-6.2918148135823255
202306,23.0,8.0,3.0,12.932821416115136,10.787709534884778,104.716,-6.2918148135823255
202312,375.0,56.0,85.0,14.010443917253246,13.064982115206117,1124.108,-6.000710953668257
202312,12.0,1.0,2.0,13.32069934951976,13.112609967161024,3678.075,-6.194456120449732
202210,31.0,5.0,7.0,12.963360611891478,12.39405730332149,1477.869,-1.4092537626380626
202208,131.0,22.0,43.0,14.809211859551075,14.154920617810909,7657.866,9.46017323362986
202309,99.0,8.0,9.0,11.976357548832926,8.044305406990638,464.458,-6.171456072673977
202409,73.0,2.0,4.0,7.808729306744399,0.6931471805599453,471.08,-4.3420738835623
202312,199.0,22.0,78.0,14.893364542822843,14.491598045940762,3473.812,15.263233689445178
202208,70.0,19.0,44.0,12.182942187141318,11.929310730527384,1726.347,-6.2918148135823255
202210,224.0,84.0,75.0,13.296657802810897,13.194019632268175,1524.899,9.284926486679952
202207,48.0,11.0,18.0,12.648753252564482,12.148321703238732,888.607,-6.178624248453057
202405,525.0,95.0,64.0,12.318905672304494,12.267304141984468,534.518,-6.124010118537575
202212,8.0,2.0,1.0,14.65549761658868,0.6931471805599453,1798.798,-6.2918148135823255
202407,103.0,42.0,25.0,8.527539483470381,8.527737405291909,178.785,-5.319485397273138
202207,327.0,77.0,56.0,12.5386946222618,12.535013017307424,855.351,-6.164693179590523
202309,91.0,16.0,8.0,7.87359778968554,7.644919344958857,85.417,-6.271039005393656
202211,515.0,232.0,96.0,11.132089552807496,11.016347854469439,1872.212,20.656971435937876
202211,84.0,31.0,21.0,14.442159431593701,14.155372044583483,6297.878,0.6118497937145797
202307,340.0,170.0,36.0,12.087075122682688,11.847760648064504,1667.136,-5.222126704140544
202402,103.0,14.0,44.0,13.603355165110441,13.335721608250408,1599.429,14.199091803569493
202405,46.0,9.0,30.0,11.824519357468322,11.824270351659342,508.98,-6.271039005393656
202301,116.0,13.0,14.0,13.59367365261629,13.510146408259969,1604.872,-6.171456072673977
202306,913.0,308.0,119.0,12.673858191647307,12.58957158757914,1661.815,16.058980325051195
202303,205.0,71.0,40.0,12.895277063607347,12.836514290673994,1012.476,-6.235381726775383
202402,163.0,46.0,71.0,13.468253978798808,12.793172963839236,893.577,-5.2050209941238545
202409,60.0,29.0,22.0,13.503849951240836,13.458895612225614,3510.38,-5.12770843496892
202208,84.0,4.0,10.0,10.437785532487261,9.59859149934966,293.326,-6.227889159480919
202409,23.0,0.0,7.0,8.751949058058614,0.6931471805599453,112.484,-6.2918148135823255
202401,57.0,8.0,12.0,14.20353173486427,13.574248859819717,5099.102,1.5507461709925794
202310,489.0,185.0,115.0,12.264987571354867,12.100339838358238,1013.063,7.561896056581039
202207,95.0,14.0,56.0,12.745692701811684,12.7416094183001,736.763,-6.271039005393656
202308,2.0,0.0,0.0,11.608508334863958,0.6931471805599453,106.573,-6.2918148135823255
202312,4.0,1.0,3.0,11.539265500302069,11.53927524029301,288.665,-6.2918148135823255
202306,277.0,71.0,57.0,8.603554357064281,8.603737792816423,371.497,3.8436437656013194
202303,150.0,24.0,42.0,14.286725328482232,13.474640063170485,1345.469,25.353318183128998
202303,211.0,40.0,16.0,12.424259934844136,12.125616102238489,382.319,1.3029192553388693
202310,314.0,98.0,86.0,11.560295573719015,11.560305111017003,413.184,17.382996047448003
202211,345.0,119.0,81.0,12.61074076946414,12.057659640387401,786.558,-2.679289547254068
202303,188.0,18.0,49.0,13.001814771080307,12.907014369556032,643.969,-6.256157534964052
202403,25.0,2.0,3.0,13.144285325979281,11.657873934032688,2198.902,-6.258381774551138
202212,34.0,2.0,14.0,13.88493586926898,13.092751233740156,2329.614,-6.20711335129225
202310,39.0,6.0,17.0,12.928399915852445,12.60194185996489,755.764,-0.14038492621134857
202207,409.0,124.0,189.0,14.508836722505631,13.709526514620123,10821.631,10.187557618035198
202306,294.0,20.0,8.0,11.062708776623133,10.182179333149776,196.379,-6.2918148135823255
202309,194.0,14.0,49.0,11.889064743696563,11.770168948281443,640.383,-6.276933343152721
202208,350.0,44.0,109.0,11.436638196798109,11.318903727228037,725.495,-2.1624388841310616
202403,139.0,39.0,64.0,13.524513664224612,13.475126480059023,647.468,-6.0666380197974155
202208,65.0,4.0,4.0,13.624318575010125,13.622088417029412,2168.492,-6.227817050640098
202310,54.0,21.0,13.0,9.562967133068346,9.563037414545692,155.986,-5.030349741836326
202208,268.0,94.0,53.0,11.004513592428173,10.82013821962583,621.125,4.653666403061202
202403,147.0,59.0,16.0,11.345760465065284,11.345772284488143,190.669,-5.255339015815672
202402,99.0,15.0,25.0,12.39430586065459,12.394310002753432,1183.02,-6.2918148135823255
202402,9.0,3.0,5.0,12.964232453571514,12.905395715961838,863.315,-6.2918148135823255
202207,54.0,14.0,25.0,11.282215863146103,10.924120281554181,533.51,-6.00779446309766
202311,66.0,20.0,23.0,14.438096852630679,14.074612584036684,7542.313,-5.158201050039138
202409,5.0,0.0,0.0,12.187251636289309,0.6931471805599453,1017.824,-6.2918148135823255
202309,193.0,14.0,80.0,14.224761822859845,13.369763934250809,3843.499,-4.317393040104742
202303,7.0,1.0,0.0,12.350549541975772,9.926813377839625,1314.4,-6.227889159480919
202410,195.0,8.0,30.0,13.097724313380207,11.784295211929704,1710.767,-5.198176254797719
202401,145.0,32.0,66.0,13.22246388343505,12.838731757449874,576.652,-6.276933343152721
202211,114.0,7.0,5.0,12.865401891608078,12.865404477595389,1256.85,-6.2918148135823255
202301,556.0,209.0,91.0,15.71985870661965,15.569801085457826,1756.632,27.94024569250825
202408,331.0,116.0,132.0,12.643801631725028,12.60085758985523,2954.538,13.950469181849302
202403,34.0,15.0,9.0,10.56452467917784,10.564550494623223,76.177,-6.194456120449732
202404,701.0,383.0,121.0,14.546504912650665,14.28480018236921,4217.704,43.390026707392664
202303,54.0,23.0,19.0,10.695234949335683,10.678859673351743,120.357,-6.2918148135823255
202410,122.0,16.0,25.0,11.30612267324407,10.916196940536757,174.497,-6.212655453598952
202212,107.0,42.0,26.0,10.027738514873985,10.027782671807735,192.311,-5.319485397273138
202309,109.0,4.0,7.0,7.437206366871292,7.4377951216719325,56.709,-6.2918148135823255
202303,153.0,45.0,55.0,12.087035699056104,12.087041331097916,623.201,-4.3313241089672765
202306,13.0,3.0,6.0,12.112821843750526,12.112827332420538,1233.816,-6.163963505379513
202303,188.0,28.0,47.0,13.905738755434529,13.500988836354448,1015.795,-4.297891069936089
202407,233.0,34.0,99.0,14.053995033257074,13.67696317770984,3656.564,20.61617050098475
202301,342.0,165.0,50.0,12.123592803789881,11.983060335603437,686.225,0.46426345494332466
202303,62.0,33.0,5.0,11.32535415229005,11.306909397316609,268.12,-6.119471465041206
202312,54.0,21.0,13.0,10.5610334618531,10.561059367582153,192.839,-5.030349741836326
202407,40.0,10.0,14.0,12.00143799284913,11.234084197183929,652.613,-6.2425499025544635
202303,144.0,37.0,52.0,13.064348596987172,12.994795879637797,954.417,-4.2505269620423665
202210,51.0,8.0,20.0,11.438158814397037,11.312716884938515,466.744,-6.194456120449732
202405,582.0,121.0,172.0,13.420845914292803,12.98991026037453,1863.044,6.864439025423993
202301,420.0,17.0,23.0,11.672481509456038,11.289306800807783,1086.039,6.568562294820367
202406,34.0,7.0,12.0,10.125710680390595,10.125750716423031,59.18,-5.319485397273138
202308,167.0,10.0,62.0,13.659114024761893,12.705974825121773,2092.82,-6.271039005393656
202409,44.0,1.0,13.0,9.042040056544483,9.042158378735948,179.586,-6.276933343152721
202406,278.0,20.0,157.0,14.134638970525,14.114488590157906,2293.602,13.469047419563752
202404,124.0,38.0,40.0,12.36163518535674,12.361639465015308,452.035,-1.351368948644038
202212,574.0,222.0,201.0,15.788591361708495,15.607158020919861,6127.431,29.324729285806562
202407,25.0,1.0,7.0,11.340510673724053,9.383873422737057,569.637,-6.276933343152721
202301,287.0,76.0,113.0,14.175572360018572,13.74323767024346,2048.976,-5.216507096043242
202407,135.0,59.0,34.0,10.68533218785736,10.685355065655601,431.425,-1.8983821014776519
202303,21.0,7.0,5.0,12.545031074726063,11.878581953808839,665.689,-6.227889159480919
202301,261.0,43.0,105.0,13.585748905248488,13.372144185846832,1659.195,11.697191721435113
202303,556.0,234.0,162.0,14.100534600983627,13.74573916922568,5669.024,16.622141613227726
202403,74.0,3.0,17.0,15.187200288763659,13.554214622629942,3779.505,-3.2135422174207635
202306,254.0,79.0,68.0,11.779664760402085,11.773025629835935,656.283,6.942692169951551
202301,118.0,27.0,32.0,15.09313114285774,13.877100360902341,2746.641,1.3204483923251482
202405,610.0,192.0,79.0,11.133420458531596,0.6931471805599453,832.593,5.61243555092158
202408,202.0,24.0,50.0,12.044917491550033,12.016895643779236,857.142,25.362498833797865
202309,259.0,40.0,50.0,11.592752764829783,10.999178912776575,550.558,21.956277008431982
202210,15.0,9.0,0.0,13.329844104600298,0.6931471805599453,2173.532,-6.227889159480919
202410,6.0,1.0,0.0,9.014690384970896,0.6931471805599453,188.226,-6.271039005393656
202309,6.0,0.0,0.0,9.951658477397421,0.6931471805599453,191.263,-6.2918148135823255
202402,101.0,33.0,49.0,14.618130337964907,13.53842415264586,2108.111,-0.7698836428866125
202403,387.0,111.0,154.0,15.028054623852418,13.610049741502372,4158.259,2.741621716003248
202303,155.0,38.0,40.0,14.103373863992259,13.432196787360017,1308.109,-4.347155980963951
202403,106.0,27.0,16.0,11.720866034381803,11.152041676257442,209.537,-3.359945094225159
202401,125.0,46.0,15.0,13.38174319283086,12.89383032880568,633.989,-2.0396696733299002
202303,9.0,3.0,3.0,12.212094477848668,12.14441530314137,1009.072,-6.227889159480919
202303,22.0,0.0,0.0,13.641116693809836,10.033243075528665,25635.471,-5.319485397273138
202303,420.0,17.0,23.0,11.605103471911217,11.193794004244857,823.998,6.568562294820367
202301,45.0,5.0,14.0,14.78778494725551,14.184335886110546,2439.787,-4.313722941932763
202301,53.0,24.0,17.0,12.78743874262937,12.787441538295528,442.225,-0.017648922960683322
202405,90.0,9.0,31.0,12.410616285994731,11.589543854815515,230.544,-6.192961555073656
202311,48.0,20.0,11.0,12.488371504453065,12.480893617446013,706.006,-6.163963505379513
202408,44.0,11.0,8.0,9.647368744540465,9.647433337764658,148.113,-5.943868808996254
202408,181.0,24.0,38.0,13.041886242047417,12.962502089716553,1322.653,-3.9502639488928804
202303,187.0,0.0,1.0,13.365897618366272,12.617138705647983,3118.498,-6.19812621862171
202312,64.0,11.0,38.0,14.691102204431207,14.679343106705044,2468.463,1.5227211943178336
202210,164.0,3.0,9.0,11.591191210165295,11.591200457309084,144.827,-6.271039005393656
202212,571.0,131.0,273.0,14.190954850452481,14.03135231595128,4241.443,19.131526467754497
202208,161.0,33.0,59.0,12.932572393768325,12.903194416928862,1374.851,29.78743310275093
202408,135.0,6.0,11.0,11.812444700947704,11.769016246073141,1395.829,-6.192231880862646
202212,110.0,3.0,21.0,11.717350920671109,11.717359071792908,207.404,-6.2918148135823255
202309,22.0,4.0,5.0,9.667005436782738,9.65509029374725,290.979,-4.313722941932763
202306,319.0,42.0,118.0,13.495897404975889,13.485873905414817,1982.34,5.044799498068629
202404,17.0,4.0,7.0,12.836429109984405,12.487522840105436,1399.565,-6.275982941585651
202306,541.0,92.0,172.0,13.285271031338969,12.704621213717145,1090.236,25.578284785656017
202210,532.0,77.0,50.0,12.84435701064093,11.384580599033006,1274.402,9.606859686223348
202207,208.0,28.0,47.0,12.922587170656728,12.821069077532686,3040.201,-6.076321619128469
202312,201.0,40.0,56.0,13.993722013184152,13.476870573474486,1224.216,-3.3748265646547635
202402,22.0,5.0,14.0,12.242322604204954,12.033954852819008,565.035,-6.2918148135823255
202307,482.0,111.0,134.0,13.881490227648243,13.580901528540787,7133.09,62.39706832412114
202406,172.0,37.0,45.0,11.812155601121004,11.812163014981216,491.159,4.493918290465253
202403,191.0,39.0,33.0,13.444827963370933,13.223572487891678,951.262,-1.3633016539740135
202311,39.0,6.0,17.0,12.905343537835643,12.699747023978269,722.872,-0.14038492621134857
202207,17.0,1.0,7.0,11.985083022845304,11.353531060819916,1119.954,-6.2918148135823255
202211,311.0,134.0,30.0,12.090167844885563,11.62831452624415,469.315,-2.855830047357235
202407,204.0,31.0,54.0,12.925720559142588,12.82998228181608,1299.903,17.20537552507217
202410,26.0,2.0,6.0,11.35435168430532,7.036148493750536,259.588,-6.163963505379513
202207,258.0,50.0,92.0,13.375606167422259,13.25977821966765,2608.457,-5.181166600764559
202303,161.0,14.0,34.0,12.301882700376149,12.185512731564813,530.109,0.5144911005819859
202410,13.0,4.0,3.0,12.401413252182294,11.7183367243642,1821.429,-6.276933343152721
202207,213.0,32.0,104.0,13.775327942331101,13.48911537683959,3507.755,17.51013847619501
202301,118.0,44.0,19.0,14.048903009416792,12.655832112517514,2052.726,-3.244034832490982
202402,79.0,19.0,15.0,13.366095129723817,13.075975924411193,1902.153,6.390019214814448
202409,366.0,43.0,47.0,10.787874735397274,10.787895383542557,403.466,-2.8199520413829013
202210,106.0,33.0,34.0,12.173172316601608,12.080220265106584,582.056,-1.3551830766278634
202310,266.0,60.0,66.0,9.498522319469615,8.408939605975984,366.33,-4.574499845833286
202401,75.0,18.0,26.0,13.550472822957039,12.623044628224104,615.366,-6.213007689051315
202308,179.0,42.0,77.0,13.075527502367297,12.066063172521835,2699.725,9.198550881821427
202210,125.0,45.0,16.0,12.316929528449139,11.966590086657627,630.316,-2.1035953274313064
202211,100.0,9.0,10.0,11.347932890298049,11.18326795526103,122.436,-6.271039005393656
202308,1.0,0.0,0.0,12.906791091586436,0.6931471805599453,489.136,-6.2918148135823255
202409,131.0,18.0,20.0,12.137954391453883,11.212495819695945,885.548,-6.2867327161806745
202210,702.0,388.0,116.0,14.360451770498374,14.05389576289416,4500.025,43.175014108411055
202312,41.0,11.0,10.0,12.501745208810583,12.203409101443933,1347.232,-5.260056291441973
202409,415.0,58.0,59.0,15.290122525917349,14.859724737291355,14548.894,8.31084066036391
202405,81.0,17.0,26.0,13.622537272395128,12.888343391535269,3806.532,-3.3109009105533573
202403,101.0,10.0,50.0,13.119238500056804,13.098068635652856,1026.235,20.75215524807929
202207,190.0,44.0,54.0,12.203153388643111,12.023104879988313,819.979,4.14597228587918
202308,46.0,4.0,3.0,11.382873725609954,10.844022015780748,877.025,-4.185871633729951
202402,114.0,62.0,20.0,13.864676841868,13.05928512289162,1274.952,-1.2657087436482328
202307,110.0,3.0,21.0,11.495036405634488,11.495046586082937,243.73,-6.2918148135823255
202407,163.0,5.0,5.0,8.065265208897733,7.628517626575055,166.384,-6.2620518727231165
202407,66.0,15.0,21.0,13.33740378676101,12.481383509166957,2748.304,-4.177849112367331
202211,583.0,121.0,170.0,13.778622482096017,13.095690805988493,2035.201,6.864439025423993
202303,498.0,13.0,18.0,12.497300922758612,12.183801473883943,897.178,-5.099390700889879
202312,150.0,15.0,21.0,12.822608723718279,12.822611422769967,1432.098,-5.224846400745453
202208,163.0,39.0,26.0,11.443135847594123,9.539572174084759,2250.931,-3.2418931590503
202208,48.0,6.0,14.0,11.252975284256337,11.04817202930662,367.432,3.431479349509548
202405,502.0,191.0,119.0,13.548552257052469,12.951942723108692,1825.252,11.364541954847182
202211,4.0,0.0,0.0,13.420926040952322,11.10150767475264,4811.066,-6.275982941585651
202303,14.0,7.0,2.0,13.33354770138336,13.072202073652502,1188.972,-6.143187697190844
202410,186.0,14.0,47.0,11.94733429946817,11.827057142182628,536.494,-6.2918148135823255
202211,334.0,126.0,16.0,11.412342407950504,10.782927560612269,1085.542,-2.684315090218941
202409,9.0,0.0,1.0,11.407187100158623,6.54965074223381,683.025,-6.2918148135823255
202405,101.0,15.0,16.0,10.630867063391808,10.630891221774164,106.518,-5.271170887812346
202309,2.0,1.0,0.0,11.950522114765763,11.9505285706062,19.027,-6.276933343152721
202407,205.0,81.0,50.0,11.017382464735395,10.969972576618833,634.121,6.5495342670106105
202404,413.0,176.0,153.0,13.827145607495506,12.438679280298944,2030.914,7.651948412724895
202308,119.0,11.0,17.0,12.305804851929148,12.12427673522799,1955.969,-3.2135422174207635
202210,217.0,34.0,53.0,11.891060485406436,11.637185258850824,1014.27,20.496786406535207
202405,1.0,0.0,0.0,5.940171252720432,5.942799375126701,64.815,-6.227889159480919
202311,190.0,83.0,41.0,13.251312286470762,13.251314044506966,898.124,1.8738283502209345
202301,333.0,115.0,74.0,14.289542313405446,14.269295243342746,2796.715,-2.7667429543260225
202310,389.0,69.0,82.0,12.722097728649539,12.3751189751241,1443.935,-2.9133807682273276
202311,67.0,7.0,20.0,14.461820815536639,13.530067310805142,2148.926,6.412393252538516
202301,316.0,23.0,102.0,16.265968954938618,14.674138278122147,9308.533,-1.0619548661165972
202403,60.0,6.0,14.0,15.228223115169339,14.216764143380892,11098.459,-6.227889159480919
202208,563.0,247.0,212.0,14.41195298675629,14.397477543558047,3616.518,-0.0641371561697408
202208,174.0,39.0,35.0,11.973825279966494,11.548649687904334,1149.734,-5.255559743171732
202403,82.0,9.0,23.0,11.775105097009586,11.411003475244845,174.362,-6.271039005393656
202312,172.0,48.0,29.0,10.88034643404396,10.575819593382153,546.223,-0.31870727886120864
202406,210.0,28.0,48.0,13.023448709229891,12.9707704238048,2697.877,-6.076321619128469
202210,117.0,22.0,47.0,14.447399165803366,13.93952833935973,7111.016,-5.083558828893205
202405,60.0,2.0,11.0,10.780434363667258,10.536167911328556,122.769,-6.250263197204988
202303,177.0,10.0,7.0,9.559728833863941,9.559799343294607,72.626,-6.2918148135823255
202408,81.0,17.0,26.0,14.108993274105725,12.685862607033528,5717.267,-3.3109009105533573
202306,143.0,12.0,78.0,13.335356385824277,13.194570544171569,1688.563,-6.097838814997305
202307,68.0,11.0,22.0,13.625568438298906,13.177595604002816,4248.904,-5.138237482207883
202401,575.0,219.0,204.0,15.710826566663128,15.55465603650783,6601.435,28.352399869497376
202403,73.0,23.0,39.0,12.152508353325427,12.15251362843561,493.488,-6.271039005393656
202309,76.0,4.0,2.0,11.3874642776054,9.008958312443486,87.494,-6.2918148135823255
202303,347.0,42.0,110.0,11.993596989340478,11.900362370559002,517.136,-2.1624388841310616
202408,43.0,20.0,7.0,12.928778628331663,12.125502298679566,4730.778,-6.179574650020127
202303,119.0,17.0,26.0,14.932630845408918,13.604996912550087,2409.596,5.521811384721309
202406,115.0,7.0,6.0,12.560518106016621,12.555989807005526,1306.791,-6.2918148135823255
202307,332.0,126.0,18.0,12.989193062440563,10.981624988014852,1385.432,-2.684315090218941
202309,292.0,26.0,53.0,12.45480596784338,12.28920902440279,788.512,-4.085509668203354
202208,63.0,13.0,15.0,11.231808461880517,11.23182170787857,638.548,-6.2918148135823255
202408,113.0,28.0,30.0,12.044082987708137,12.028135463304018,1253.27,-6.258381774551138
202409,287.0,30.0,14.0,11.048808475413166,10.14203190042636,272.331,-6.271039005393656
202303,107.0,21.0,14.0,11.11161172798454,11.11162666573148,128.112,-6.2918148135823255
202407,376.0,110.0,74.0,8.898092345579153,8.898228985601227,680.419,2.634311467564011
202301,145.0,41.0,47.0,13.53899128235175,12.666142725031937,1155.597,0.6906569182455904
202409,19.0,2.0,4.0,13.701748178625609,13.177671302367578,6050.501,-6.2918148135823255
202403,32.0,5.0,2.0,14.278211965768094,13.697379961915775,10885.608,-4.155379018659732
202207,143.0,37.0,51.0,12.446879282049894,12.35680033073295,1061.107,-4.2505269620423665
202307,57.0,8.0,36.0,13.688529096203483,13.602510388174682,2750.649,-2.113361492908764
202210,61.0,8.0,22.0,13.020642895444873,12.652692492792957,924.083,-5.2809702608402995
202310,383.0,79.0,100.0,12.967492771826038,12.73361378341701,1868.274,29.211850475891232
202407,143.0,13.0,78.0,13.488028191101105,13.339855791076282,1979.246,-6.097838814997305
202406,205.0,81.0,50.0,11.029925751269287,10.94840014498095,538.202,6.5495342670106105
202306,274.0,43.0,186.0,12.618539848321724,12.50617353426995,1770.202,7.264747061396806
202307,85.0,8.0,25.0,12.868848243632206,11.598488293319674,1028.609,-4.216364248800169
202303,54.0,21.0,13.0,10.458779721372386,10.45880841618867,174.434,-5.030349741836326
202311,318.0,70.0,104.0,14.059263469901339,12.817212272704213,3393.168,24.90548162687338
202301,118.0,18.0,58.0,12.253542891371492,12.253380759624788,803.896,-6.2867327161806745
202401,36.0,18.0,10.0,14.05763365283612,13.890078924120411,5199.833,-6.00779446309766
202212,124.0,26.0,27.0,11.878005982882916,11.56325729730123,255.314,1.0334876178795147
202408,62.0,9.0,4.0,10.976662367940685,10.672831593431527,492.763,-6.2918148135823255
202311,20.0,2.0,3.0,14.296950418516603,11.651895789751016,1211.557,-6.031766427099414
202309,446.0,60.0,85.0,12.929351279869449,11.356049408007612,2172.987,-2.1960384357546063
202301,189.0,1.0,0.0,10.609600315486096,10.23001767255615,2.239,-6.250263197204988
202301,135.0,1.0,2.0,10.201033318424798,8.54907938027856,33.48,-6.2918148135823255
202311,36.0,24.0,8.0,11.029114957944724,11.029131180255268,573.993,-6.2918148135823255
202309,16.0,3.0,1.0,10.181422273533029,9.843790625278,58.904,-6.2918148135823255
202312,502.0,191.0,119.0,14.368078136956875,13.477754097079966,2175.034,11.364541954847182
202407,38.0,14.0,9.0,11.272126978417297,11.244588398782223,303.229,-6.271039005393656
202308,45.0,3.0,4.0,5.552959584921617,5.556828061699537,10.323,-6.2620518727231165
202303,482.0,11.0,19.0,10.73815599652319,10.330094260397669,100.723,-6.241276064534448
202401,50.0,12.0,38.0,13.128232122581148,13.128234110876056,731.647,-6.2918148135823255
202311,176.0,21.0,27.0,12.705741260700155,12.456625116928983,1346.435,-6.227889159480919
202311,38.0,2.0,3.0,14.096441392005604,13.653135147578903,5449.825,-5.969246119114326
202210,61.0,8.0,17.0,11.456154035065866,11.440494547312625,234.379,16.169120454661574
202405,201.0,12.0,22.0,12.145473023401244,11.378776738977525,279.331,-6.271039005393656
202207,22.0,1.0,19.0,12.726166189142075,12.726169161462343,1623.371,-5.319485397273138
202403,323.0,57.0,77.0,12.805236016268095,12.052740797035685,817.612,-6.2918148135823255
202406,147.0,27.0,71.0,13.30484992058728,12.999793402614904,2535.306,-2.3049177278569215
202406,145.0,41.0,47.0,12.371129352145857,11.635010345520465,845.084,0.6267312641441842
202407,210.0,28.0,48.0,13.148227985865987,13.100312023616883,3182.852,-6.076321619128469
202212,153.0,5.0,35.0,11.641028400144563,11.641037197734024,276.263,-6.2918148135823255
202308,33.0,3.0,1.0,10.91994935817656,7.01301578963963,240.447,-6.243500304121533
202402,336.0,129.0,72.0,12.315886231536561,12.281616015578681,1221.408,7.275651466509288
202410,92.0,6.0,6.0,7.3310603052186325,6.699500340161678,13.735,-6.276933343152721
202312,152.0,31.0,58.0,13.647812356811706,13.647310817287803,1065.624,-6.20711335129225
202303,1176.0,548.0,168.0,13.141879689206336,13.045082685185236,2123.101,16.890767227478868
202212,106.0,24.0,24.0,14.311512654118447,13.10997900667808,1267.727,12.264191644784214
202402,258.0,87.0,78.0,14.88706506423173,14.707214701627274,3364.967,38.04721526815865
202402,516.0,132.0,107.0,13.456173502319839,13.193235548567582,2928.985,38.665956400332135
202303,213.0,45.0,84.0,13.79498330819263,13.478467358374724,1874.733,22.07218727016616
202210,409.0,117.0,63.0,11.266654013763995,11.232986669156219,585.903,2.034891970098874
202403,944.0,144.0,199.0,14.958434744350122,14.509844034596705,4123.622,80.4863232418864
202403,363.0,81.0,80.0,14.591187504748264,13.706516783340685,2252.347,11.719345031803117
202310,27.0,2.0,3.0,14.778292432329224,10.65558736968861,11211.542,-6.2918148135823255
202303,101.0,9.0,27.0,13.678642175204757,12.096754308018003,620.143,-6.220500256345779
202403,145.0,41.0,47.0,13.271918944424616,12.364745940043417,940.177,0.6267312641441842
202303,409.0,156.0,66.0,12.217936985083648,11.682355954514504,1823.086,43.8856084093459
202410,4.0,0.0,2.0,10.303336921858657,9.127393451155257,293.734,-6.2918148135823255
202210,268.0,89.0,78.0,12.135848659389612,12.094051105536376,619.81,-2.7010878658506288
202311,371.0,66.0,156.0,14.790844615005238,14.663790079221885,4960.168,-3.261415272169434
202409,233.0,13.0,12.0,8.83869681234353,8.837100411162755,84.356,-6.250263197204988
202405,32.0,12.0,12.0,13.670161034090084,13.533030929303518,2949.035,-6.161023081418544
202207,823.0,393.0,200.0,13.523875348820274,13.302118309900967,2214.266,15.548452696473097
202308,44.0,21.0,7.0,11.815737500098805,8.224431573221159,290.751,-6.2918148135823255
202208,103.0,15.0,16.0,10.116095801934955,9.994835346995403,160.778,-5.271170887812346
202406,78.0,28.0,24.0,13.573244073309604,13.230774634813704,3849.996,-2.108279395507113
202403,563.0,247.0,213.0,14.347590108323141,14.223680670912504,3223.937,-0.0641371561697408
202211,114.0,5.0,12.0,10.014671081496743,10.014715819221838,105.619,-6.2918148135823255
202211,530.0,190.0,95.0,12.92494848716272,12.695688933048725,1027.114,13.453410942262527
202403,163.0,38.0,57.0,12.866314329910557,12.862833292851958,395.818,-5.2860523582419505
202409,28.0,8.0,4.0,11.509579874719131,10.457200237104496,481.892,-6.258381774551138
202403,105.0,21.0,14.0,11.418230096130904,11.418241089309637,144.636,-6.2918148135823255
202405,78.0,18.0,42.0,13.16562208073685,13.16562399606223,704.054,-6.163963505379513
202406,95.0,21.0,24.0,11.709749681298344,11.695405342564117,243.153,-3.886190780008764
202401,293.0,91.0,32.0,13.1085483883706,13.018080059138791,563.838,-0.755002172457008
202303,139.0,44.0,61.0,13.605384411397992,12.221242006787643,1462.638,-4.871956459967388
202309,5.0,1.0,0.0,11.40332263005427,11.403333788340134,663.729,-6.243500304121533
202404,154.0,61.0,19.0,11.785940500378606,11.785948111163087,369.891,6.4282251245351905
202212,361.0,62.0,127.0,12.173910958721777,11.966189770211665,895.954,-3.269349294176019
202210,89.0,31.0,9.0,13.35273196516977,12.846261989225342,3566.195,-4.870834689640164
202406,214.0,62.0,56.0,10.216142686053809,10.216179260491938,454.543,3.1907485795866837
202210,44.0,3.0,15.0,13.25448402539642,11.07117493153335,782.71,-6.2918148135823255
202404,32.0,12.0,9.0,8.298290634359283,8.29853954537488,73.641,-6.0717201171990665
202301,116.0,23.0,45.0,15.708136107992045,14.470633908820096,10306.016,-5.083558828893205
202303,316.0,82.0,72.0,13.436857278735175,13.158525571900435,1432.612,58.793278658899546
202308,77.0,8.0,37.0,12.924188010463196,12.10938001057493,1378.628,-5.319485397273138
202405,145.0,23.0,60.0,12.506906601559848,11.620020475521713,767.468,0.04627673114072284
202212,253.0,61.0,97.0,13.225818478913034,12.601702882786075,1498.08,13.08523394510152
202210,616.0,200.0,75.0,10.398000850809813,0.6931471805599453,983.86,5.172246158155062
202207,280.0,2.0,5.0,9.33326571881348,9.170559501964338,87.766,-6.2918148135823255
202407,6.0,1.0,0.0,15.394772109506734,15.268655764737604,11630.767,-6.163963505379513
202210,11.0,4.0,1.0,12.450065335180344,11.505427424792872,1610.901,-6.2918148135823255
202212,419.0,12.0,38.0,10.732585072707906,10.72092985236768,1198.719,3.9823106763028644
202410,1.0,0.0,0.0,10.301491562412671,0.6931471805599453,0.0,-6.2918148135823255
202402,264.0,28.0,38.0,12.575962388124418,12.209382163030657,607.242,-4.2266590788459455
202208,25.0,4.0,11.0,12.568125601999895,12.229100458476166,2903.033,-6.097097427317138
202301,57.0,15.0,22.0,14.127856218194967,13.959682760827981,5823.575,-4.204423202331534
202402,581.0,123.0,260.0,14.687279543000573,14.613175399079458,3577.713,35.35737684388795
202301,78.0,18.0,42.0,13.821854393223331,13.801222974816195,804.254,-6.163963505379513
202407,56.0,20.0,15.0,13.614428111077473,13.305211462224737,2246.548,-1.8983821014776519
202308,9.0,1.0,4.0,7.122059881629142,7.122866658599083,32.081,-6.271039005393656
202402,163.0,32.0,60.0,13.524741057641616,13.516677207143786,1428.092,31.73209193536931
202210,45.0,10.0,14.0,3.2188758248682006,3.258096538021482,10.803,2.899339325966878
202303,88.0,17.0,41.0,12.878588455481045,12.676916546648599,1242.801,-6.19812621862171
202210,22.0,5.0,10.0,12.496347603546942,12.087773226570878,1041.242,-6.227889159480919
202207,154.0,61.0,19.0,10.810071323940141,10.81009151882074,560.914,6.4282251245351905
202310,424.0,148.0,68.0,12.025365784413221,12.004182873963277,881.136,3.147520303791616
202409,208.0,19.0,20.0,11.826267974202349,11.61613166174864,865.112,-4.165095825541282
202212,118.0,27.0,32.0,14.819749894159948,13.649284766535173,2134.236,1.3204483923251482
202210,126.0,16.0,88.0,11.373284015335528,11.373295513883836,313.017,-6.256157534964052
202406,293.0,110.0,129.0,13.77416446779655,13.53852837036336,4499.548,-5.935578862889951
202210,386.0,77.0,80.0,13.468193124216475,12.95817953329331,1963.941,-1.0280128802304604
202406,57.0,8.0,12.0,13.916481051560755,13.166910265885333,4112.488,1.5507461709925794
202405,114.0,7.0,16.0,12.789999091587545,12.790001880104988,1132.157,-6.227889159480919
202311,179.0,8.0,36.0,9.682903223616842,9.68296556192687,223.356,-4.604992460903505
202312,470.0,180.0,91.0,11.46902582268021,11.469036271400503,1016.345,11.848983662786301
202301,25.0,1.0,7.0,12.262046469131182,11.244274480424577,636.026,-6.276933343152721
202410,41.0,9.0,8.0,10.03819325538842,9.640302951684735,68.975,-6.2918148135823255
202405,36.0,24.0,8.0,10.97411180466407,10.974128944240208,543.021,-6.2918148135823255
202301,126.0,16.0,88.0,12.619909281081261,12.619912586620519,445.376,-6.256157534964052
202306,95.0,34.0,20.0,11.525209703803448,10.220303579712972,237.477,-4.02752771045692
202310,58.0,6.0,19.0,13.524144374167163,12.639422015460763,1817.961,-5.319485397273138
202307,356.0,58.0,39.0,11.910929474846773,11.760246374202698,684.832,-6.2263945941048435
202306,54.0,28.0,13.0,11.744679836532333,11.37531720176228,498.807,-3.2774678715221697
202406,90.0,10.0,30.0,12.077534480256958,11.408742034054042,238.503,-6.192961555073656
202303,134.0,44.0,40.0,12.466461883994103,11.643795820173104,456.594,-4.283230326862545
202308,8.0,0.0,1.0,15.210396158473959,14.358703657312699,6485.358,-6.212057287484245
202308,366.0,62.0,30.0,9.30946146284399,9.30955202204713,283.67,-6.250191088364167
202407,74.0,12.0,6.0,11.80422847391185,11.576247621636389,599.161,-6.2918148135823255
202409,1.0,0.0,0.0,10.806206604380188,0.6931471805599453,228.018,-6.2918148135823255
202403,284.0,88.0,103.0,14.121913054694673,13.798368468297017,2130.743,7.814416221925754
202406,76.0,9.0,7.0,12.319227208535912,12.05474381387507,930.327,-6.2425499025544635
202403,129.0,15.0,64.0,12.524922661753756,12.466596756414631,841.104,6.356636056593318
202402,168.0,27.0,84.0,14.483639885548927,13.98770601845922,9822.464,-4.3856767973271635
202403,19.0,3.0,5.0,13.089569487906402,10.569854317561104,440.313,-6.2918148135823255
202211,898.0,361.0,147.0,11.137999261170897,11.015887683869506,1560.791,56.24591504310905
202311,68.0,22.0,18.0,12.319838735161957,12.268540273848648,646.139,10.69797143182213
202212,505.0,64.0,90.0,12.753430757022452,12.74404445477915,958.342,34.500736961956875
202306,280.0,7.0,5.0,9.582524425515684,9.551373619924957,90.902,-6.2768612343119
202303,24.0,5.0,7.0,11.761479419981614,11.665492033612775,416.368,-6.227889159480919
202408,25.0,1.0,7.0,11.710669153651706,9.608243627877057,776.743,-6.276933343152721
202307,26.0,2.0,10.0,13.204803823588627,12.954846094572362,2985.0,-6.1410595135872885
202404,155.0,37.0,41.0,13.831246102350333,13.227189950540215,1223.101,-4.347155980963951
202405,72.0,24.0,5.0,11.141194894591692,11.05529299637949,232.094,-4.283230326862545
202211,71.0,8.0,46.0,12.184946042164352,12.184951148908063,571.402,4.403808765818736
202207,119.0,16.0,76.0,12.264723556153601,12.213112805346316,585.736,-6.255207133396982
202409,150.0,7.0,47.0,12.780973870802974,12.726460405999852,1297.498,-6.241276064534448
202307,502.0,170.0,264.0,14.427673796361779,14.155359942738627,8273.836,-4.777110945824491
202310,103.0,14.0,44.0,12.111992708666579,11.720874156901896,1116.295,14.199091803569493
202403,215.0,35.0,82.0,11.944136289496809,0.6931471805599453,861.588,8.768923743844367
202407,248.0,12.0,65.0,10.912065718500257,10.912083955194309,559.684,-6.2918148135823255
202212,116.0,23.0,69.0,13.327109937053553,13.042492988216443,469.581,-6.2918148135823255
202306,139.0,44.0,61.0,13.289491766999124,12.464753210422877,1604.22,-4.871956459967388
202207,305.0,143.0,77.0,12.208115557364055,11.558730224870715,739.838,-3.2144555934356545
202408,413.0,109.0,41.0,8.58876938990546,8.588955557643128,377.898,-1.243429188468288
202210,176.0,21.0,25.0,12.654686638847439,12.436521448399208,1331.64,-6.227889159480919
202207,146.0,22.0,61.0,12.199953964521997,11.447127484379797,1094.274,0.04627673114072284
202402,122.0,10.0,13.0,12.319195952605655,12.060376128349473,544.823,-6.2918148135823255
202311,559.0,125.0,101.0,12.490909423969324,12.436299054085232,579.261,3.1271340288944938
202401,24.0,5.0,7.0,11.964071145570367,11.938271628671542,578.643,-6.227889159480919
202403,167.0,60.0,57.0,13.980808023752433,13.180005674154057,1538.758,13.903332454424996
202301,264.0,109.0,116.0,13.010278078771634,12.95823609637884,1628.326,0.36590500164775364
202301,12.0,4.0,6.0,12.148152176694177,12.04381250607278,433.921,-6.2918148135823255
202311,442.0,174.0,107.0,12.685809998012926,12.683051888512335,1066.639,29.513462811795208
202212,53.0,9.0,13.0,15.575840245760288,12.261800592295323,5501.991,-5.005702105929265
202208,6.0,2.0,4.0,12.852832896836937,12.85283551553259,2124.963,-6.2918148135823255
202210,96.0,49.0,16.0,12.035711279654933,12.029651646157177,641.183,-6.177278301592221
202207,25.0,13.0,11.0,12.723675253575188,12.717440122467217,1408.154,-6.2918148135823255
202301,119.0,17.0,26.0,15.322720376912944,13.964329621379227,3059.254,5.521811384721309
202301,390.0,115.0,152.0,15.631478457544747,14.082263639009923,5282.093,2.725789844006572
202406,67.0,5.0,16.0,13.255027143750002,12.96142672485765,1845.741,13.636451673312243
202301,77.0,18.0,16.0,13.620102545815454,13.132390932998362,2084.285,6.369243406625779
202306,84.0,19.0,38.0,12.20019037887194,12.175221608713057,412.18,-6.2918148135823255
202402,335.0,152.0,84.0,14.215397470159427,13.679496085045946,2588.68,6.888483322731693
202312,99.0,9.0,10.0,11.573201790844555,11.32523351338627,132.737,-6.271039005393656
202211,118.0,34.0,26.0,13.225551535200498,13.091584531211744,761.215,-5.255559743171732
202207,98.0,22.0,24.0,11.967606043617645,11.96761239010407,1082.13,-6.115648995918721
202303,44.0,3.0,15.0,13.82333586026554,11.797126485585354,913.892,-6.2918148135823255
202311,410.0,115.0,63.0,11.830345935185798,11.830353215405077,540.601,2.098817624200281
202409,425.0,26.0,20.0,9.931491748945726,9.931540366978163,96.199,-6.271039005393656
202409,9.0,5.0,0.0,11.248478032213574,0.6931471805599453,104.866,-6.2918148135823255
202308,19.0,6.0,10.0,12.618311427092122,12.506347593839498,2596.407,-6.212057287484245
202303,170.0,14.0,69.0,14.28972966458707,14.051477141653843,2047.155,12.740767990380013
202211,101.0,9.0,27.0,13.088146603637592,11.803458469649996,602.158,-6.220500256345779
202307,53.0,8.0,16.0,10.765744395917798,10.096666619330865,212.298,-6.237605966362469
202410,114.0,54.0,38.0,13.990294612358598,13.8154495561037,3215.181,1.6146718250939855
202306,166.0,28.0,74.0,13.577779879954903,13.530370584971301,2372.92,30.897573510738717
202403,202.0,7.0,35.0,12.632512895884503,12.525863663899575,150.159,-6.256157534964052
202401,139.0,25.0,62.0,13.986939673591806,13.869381128321079,739.676,-6.261101471156047
202410,64.0,6.0,9.0,10.609699022425275,10.474438850135297,87.205,-6.2918148135823255
202207,239.0,93.0,72.0,14.1458044622215,14.023977330346419,1883.451,2.894436407232133
202301,418.0,189.0,96.0,13.716440217608637,13.556032324898887,1292.215,-2.7072522895616618
202410,1.0,0.0,1.0,7.875499292445208,7.87587915949631,31.883,-6.2918148135823255
202406,17.0,4.0,7.0,12.636181584551098,12.354626262411653,1382.243,-6.275982941585651
202405,86.0,22.0,34.0,11.477495159138261,11.45449094313306,281.804,-6.276933343152721
202303,72.0,24.0,5.0,11.39596459124608,11.256793737829039,251.292,-4.283230326862545
202407,215.0,35.0,82.0,9.559658319461347,0.6931471805599453,703.285,8.768923743844367
202309,92.0,0.0,3.0,9.360483030405902,7.8961806086154915,28.174,-6.276933343152721
202308,113.0,5.0,2.0,11.064745947854508,11.053473965658284,496.259,-6.276933343152721
202212,88.0,32.0,19.0,10.589056087572523,10.589081277441158,419.578,1.8350592788815394
202212,181.0,50.0,50.0,11.670800628859256,11.618698895367029,529.603,-4.5469611445611635
202207,121.0,21.0,60.0,13.71202162313923,13.209985900939193,2482.106,-6.11447786699559
202312,293.0,91.0,32.0,12.944859795507002,12.851391574134759,472.635,-0.755002172457008
202402,46.0,10.0,7.0,14.44237903748483,11.904758071347096,2069.94,-5.304603926843534
202301,93.0,0.0,16.0,13.474068994666132,10.323874113321294,108.485,-6.2918148135823255
202207,82.0,9.0,14.0,12.901587022069597,11.822224693934459,3091.822,-2.182402451962317
202403,153.0,3.0,9.0,10.67710811724595,10.67713118396644,93.082,-6.2918148135823255
202407,6.0,1.0,2.0,13.117768838657586,13.117770847865787,2088.755,-6.148131633382839
202307,203.0,82.0,41.0,11.248595269325769,11.122634642832976,411.402,-3.0700304059814294
202301,203.0,49.0,37.0,13.602735566864823,13.127512099954856,1093.676,11.497075454428684
202308,5.0,0.0,3.0,10.738958608308268,10.60460290274525,598.549,-5.319485397273138
202403,153.0,34.0,31.0,11.901678365512081,11.901685144506688,455.823,4.951992948269529
202303,168.0,28.0,83.0,14.300352921612578,13.776063659232964,8213.35,-4.3856767973271635
202310,380.0,25.0,76.0,13.517349775091423,13.324543115506867,2383.331,31.67921662317398
202303,182.0,43.0,54.0,13.116898471973261,12.823938473487042,1016.398,20.104104962802445
202311,94.0,36.0,37.0,11.793884991661182,11.680759245591487,521.786,-1.8471271680558905
202211,133.0,43.0,41.0,12.676163770948008,11.862483141140077,457.57,-4.283230326862545
202410,33.0,7.0,8.0,10.729043620947776,7.903596289614301,98.027,-6.271039005393656
202308,46.0,22.0,10.0,14.855586896189115,14.626688299099339,9024.058,-2.0387192717628304
202303,33.0,4.0,10.0,14.5984568511655,14.306567869845304,1848.291,-5.20629483214387
202401,318.0,81.0,72.0,14.609410806176317,14.265919075880902,2162.151,58.793278658899546
202410,44.0,1.0,13.0,9.58520880610688,9.585277541715389,122.844,-6.276933343152721
202408,67.0,5.0,16.0,12.943231926806451,12.709057611517004,2714.23,13.636451673312243
202408,68.0,18.0,45.0,11.651773946789037,11.651782650350098,929.335,-5.319485397273138
202210,431.0,7.0,31.0,9.986357030358423,9.901335237967984,165.411,-6.271039005393656
202401,35.0,2.0,17.0,13.899812183558184,13.71650425590798,3429.093,-4.072852437360835
202303,37.0,6.0,8.0,13.928107725777584,13.605335056832315,969.466,7.5408917111295555
202208,3.0,0.0,0.0,13.234239222135088,11.502440691327951,1469.343,-6.227889159480919
202211,98.0,7.0,66.0,12.497857539885784,12.48680185273678,518.915,-6.271039005393656
202207,61.0,8.0,17.0,11.883626580642053,11.875093295348556,309.708,16.169120454661574
202301,171.0,30.0,51.0,13.81700044752741,13.666307286172735,1209.719,-3.3540507564660946
202210,405.0,76.0,49.0,12.788785348520452,12.065113737076855,443.105,-4.203081007905964
202309,6.0,1.0,0.0,10.731362285036713,9.761463052506711,381.994,-6.2918148135823255
202212,354.0,58.0,38.0,13.165240857964996,12.083955857720905,576.051,-6.2263945941048435
202210,49.0,7.0,25.0,12.383251836328398,11.818658631679384,1076.634,-5.109886540578346
202208,891.0,190.0,173.0,13.369701466070518,13.275417456184382,5063.208,6.241062330234923
202211,202.0,23.0,50.0,13.02064068129446,12.86961849794436,602.821,25.362498833797865
202402,296.0,125.0,96.0,12.939007686077534,12.895016002392031,574.611,-6.241276064534448
202309,96.0,7.0,12.0,10.536460010060003,10.447699595319753,63.504,-6.193830110398045
202404,35.0,11.0,18.0,10.675792433881902,10.493687968662183,107.538,-4.347155980963951
202301,82.0,9.0,6.0,13.570896914907436,12.901893747972512,1336.536,-6.271039005393656
202410,4.0,0.0,2.0,8.782476268924539,8.782629654920699,61.585,-6.2918148135823255
202403,180.0,14.0,46.0,12.95133540730717,12.583453730042637,1145.699,-5.972137184479387
202310,17.0,5.0,5.0,12.204611578691658,11.52380605606644,580.642,-4.347155980963951
202303,74.0,11.0,21.0,11.523172781421778,11.523182679422877,140.689,-6.2918148135823255
202207,529.0,121.0,137.0,14.223838231685916,13.952373519744098,4609.637,56.12593460522208
202308,134.0,10.0,25.0,10.081215240319855,9.413526083949446,229.317,-6.2918148135823255
202405,4.0,0.0,3.0,12.946437325699229,12.946439710396152,1288.411,-6.227889159480919
202301,159.0,23.0,29.0,12.545430001902213,12.485460415157135,625.726,-6.1833971191426125
202403,505.0,63.0,90.0,12.449618644212531,12.438453402196865,1075.79,34.500736961956875
202403,254.0,57.0,29.0,13.506642982484273,13.43207207282775,663.84,26.84236999633857
202406,8.0,2.0,1.0,12.914204493083789,0.6931471805599453,2414.849,-6.2918148135823255
202306,230.0,19.0,31.0,12.41564451681429,11.006539969230259,335.921,-6.271039005393656
202212,5.0,0.0,0.0,12.141518124264602,0.6931471805599453,945.667,-6.2918148135823255
202401,418.0,190.0,97.0,13.669081489615447,13.539157403631213,1269.314,-1.734922873252474
202210,120.0,1.0,14.0,10.241672607161016,10.241708259691459,57.551,-6.2918148135823255
202406,300.0,59.0,60.0,11.304350277831416,11.303339591588085,445.985,3.2472853305529483
202402,32.0,5.0,2.0,14.342586625131913,13.760830482270418,10761.354,-4.155379018659732
202408,517.0,132.0,107.0,12.660264423728572,12.424066962261724,3778.372,38.72988205443354
202303,178.0,28.0,37.0,12.171046323606495,11.999823083758931,323.404,-3.3242878156068856
202406,12.0,4.0,6.0,11.63562970494568,11.513025459970562,380.471,-6.2918148135823255
202406,96.0,17.0,30.0,12.698736335326297,12.418955737906472,903.222,-5.265276550053281
202301,33.0,8.0,14.0,13.00130473279381,12.828604210093774,458.233,-4.3263801727752815
202402,113.0,16.0,56.0,13.63043802069099,13.301870978736648,1105.825,-6.2918148135823255
202210,103.0,16.0,30.0,12.501350794603583,12.492919369175272,505.802,-4.211915769625998
202312,187.0,34.0,98.0,13.998048757956063,13.880473051712755,3812.456,-5.623970452537256
202303,96.0,18.0,27.0,14.681310620629517,12.385573561387355,9133.515,-6.2918148135823255
202303,45.0,17.0,16.0,10.919352089306376,10.599605316540906,276.61,-4.347155980963951
202207,9.0,0.0,0.0,13.710684343986324,12.67103860700857,6009.185,-6.163963505379513
202408,36.0,12.0,8.0,7.649216319820633,7.649692623711514,46.914,-6.2918148135823255
202301,106.0,29.0,35.0,14.947278086553382,14.015990417036502,4977.624,-4.971539392687067
202308,21.0,0.0,0.0,10.141046698084647,0.6931471805599453,70.921,-6.2918148135823255
202303,387.0,76.0,81.0,13.962826505559413,13.298083190563721,1838.021,-1.0280128802304604
202404,150.0,15.0,21.0,12.847808103637611,12.847810735524765,1184.291,-5.224846400745453
202210,57.0,8.0,36.0,13.711188391923738,13.685970048304714,2053.649,-2.113361492908764
202403,47.0,17.0,20.0,13.475942734955686,13.303487550954335,2835.948,-2.901204132857058
202408,480.0,103.0,37.0,12.856727165951574,12.759647365762103,1450.777,-6.2127869616952545
202403,20.0,5.0,4.0,9.245610986058102,9.245707515813473,234.89,-0.45783831572720146
202303,166.0,15.0,8.0,13.415271768827692,12.588057572422581,1670.407,-6.20711335129225
202312,106.0,29.0,35.0,14.413294307302063,13.714379972413761,4291.302,-4.971539392687067
202303,101.0,49.0,28.0,10.083890603507452,9.546312483555713,192.612,-4.387617461125155
202403,416.0,216.0,119.0,15.735607538269171,15.431070890079562,8137.975,22.12237524381279
202309,746.0,209.0,128.0,12.882027887977385,11.497750911599281,1967.643,14.502556079450303
202408,180.0,15.0,45.0,12.395535310475495,12.171564013066511,1713.967,-5.972137184479387
202407,113.0,14.0,43.0,11.121880879523294,11.116974949230649,477.588,-6.2918148135823255
202306,94.0,8.0,46.0,11.856422966528195,11.856430059355572,425.646,-5.503679416229737
202407,90.0,39.0,17.0,12.261303925862839,11.181792946644501,738.536,-6.023405607738274
202307,174.0,33.0,46.0,11.170082981341173,10.261756225813318,609.083,-6.258381774551138
202403,215.0,19.0,65.0,14.194594044575906,12.70752043453583,1377.512,-0.5778139231780983
202303,49.0,20.0,11.0,12.564184057254868,12.556014472827684,673.477,-6.148131633382839
202308,356.0,38.0,22.0,10.867958738935036,10.735679026718607,242.996,-5.227395031847922
202303,458.0,98.0,108.0,14.659655023051148,14.481927651692182,2606.641,46.19891702469078
202406,273.0,75.0,90.0,14.558556335773716,14.14439047429609,4859.905,19.895191277890547
202303,1110.0,388.0,206.0,12.824472033910595,12.377425936884634,2156.332,56.34459515546639
202310,396.0,17.0,16.0,12.522057877865548,12.137938333946597,1262.781,-6.250263197204988
202312,189.0,46.0,19.0,12.653910545051247,11.906027801294876,702.703,-4.139547146663057
202408,152.0,31.0,58.0,12.789622570332655,12.789625359900231,1366.87,-6.20711335129225
202409,92.0,0.0,3.0,8.591001118560957,8.12740456269308,29.874,-6.276933343152721
202308,15.0,6.0,6.0,10.479510855147508,10.041203925899962,278.552,-6.2918148135823255
202401,45.0,10.0,12.0,13.367055481978982,12.864858686061266,764.533,1.5507461709925794
202403,28.0,7.0,14.0,12.700567647606723,12.618460403377028,821.878,-6.036112197176701
202407,396.0,18.0,15.0,12.636831811340592,12.251800984235203,1612.168,-6.250263197204988
202405,30.0,8.0,10.0,10.566871159890386,10.566896914832117,87.011,-6.2918148135823255
202301,108.0,35.0,6.0,12.617168537644128,12.608994522365556,267.91,-6.100037851278107
202208,41.0,8.0,21.0,12.884900289142161,12.788651327959263,1107.672,-3.3748265646547635
202406,266.0,54.0,41.0,13.510561600502653,12.920518882197612,3375.8,20.03089373869583
202303,54.0,22.0,10.0,10.892582549964887,10.892377976824626,322.304,-6.237605966362469
202210,52.0,18.0,14.0,11.4557094024098,11.45571999119945,219.337,-5.319485397273138
202210,131.0,28.0,46.0,13.384395278953075,13.158398251927812,1014.294,26.45534001377063
202306,263.0,43.0,106.0,12.056818292440415,12.053853432552662,858.826,11.697191721435113
202303,181.0,123.0,25.0,13.097082491815321,13.087962390686899,964.298,-5.999504516991357
202312,167.0,59.0,58.0,14.19891681541749,13.50527062604773,1435.053,13.903332454424996
202301,143.0,68.0,28.0,13.400652473651979,13.280854907806779,1551.148,0.260957685237166
202303,561.0,126.0,99.0,12.142408408761286,12.07999341643069,583.331,3.1271340288944938
202406,497.0,16.0,11.0,12.505065509127821,12.241391525654528,1844.572,-1.5474956729306122
202403,40.0,10.0,14.0,12.850848574164699,12.01485765916607,523.134,-6.2425499025544635
202212,44.0,12.0,7.0,10.30293458831873,10.302968122297036,109.135,-5.943868808996254
202208,51.0,20.0,9.0,9.931929226167432,9.63971730013066,798.088,-4.216364248800169
202301,152.0,34.0,33.0,13.859918754368724,13.190167809643697,919.324,-6.256157534964052
202308,145.0,38.0,45.0,13.772149927165325,13.55560576651194,2497.963,17.584106902132753
202211,54.0,1.0,1.0,11.201415072985869,11.201428727752408,1686.079,-5.780409580771076
202310,160.0,15.0,33.0,13.822104768290462,13.778561263185996,2492.038,72.59255214458024
202303,74.0,26.0,20.0,10.809101489746167,10.764561513772353,142.433,-5.319485397273138
202307,15.0,1.0,6.0,12.001358229684332,11.259219608073378,1099.755,-6.2918148135823255
202402,250.0,92.0,26.0,13.256213969079413,12.253137512706504,499.28,-4.061690423699117
202407,152.0,31.0,58.0,12.80741150760593,12.8074142479889,1135.138,-6.20711335129225
202210,391.0,69.0,80.0,12.859118925685666,12.393236625511651,1579.798,-1.8771256978167346
202306,326.0,77.0,57.0,12.486892476568645,12.477602469936985,675.378,-6.164693179590523
202403,195.0,62.0,54.0,13.064992705745166,12.889194742443031,638.242,1.3531158883865455
202404,176.0,58.0,59.0,13.228548752771827,12.353155550231419,1693.092,-1.1951194563827041
202410,58.0,2.0,0.0,10.395833473555248,4.110873864173311,3.9,-6.275982941585651
202306,107.0,10.0,15.0,9.622052592844813,9.622118842140939,392.81,-4.682144187396456
202211,53.0,10.0,35.0,12.909137978207735,12.795940476636117,508.5,-6.258381774551138
202211,279.0,26.0,27.0,12.75234552575447,12.710797698597885,577.529,-5.947218290822283
202303,334.0,130.0,72.0,10.861936985140591,10.827726612592778,994.812,7.211725812407881
202210,39.0,5.0,8.0,13.919537184387279,13.723447899250424,2026.002,-3.341393525623576
202312,191.0,39.0,33.0,13.338688536222206,13.134876757472515,943.448,-1.3633016539740135
202312,50.0,7.0,26.0,13.855983371527953,12.932731968622567,1081.745,-5.191561980229505
202211,281.0,2.0,5.0,9.310095205113175,9.080345575359996,63.179,-6.2918148135823255
202408,103.0,41.0,26.0,8.571681376700306,8.571870752706934,225.291,-5.319485397273138
202301,110.0,21.0,37.0,14.203594823885954,13.375599957167887,2695.94,-6.2918148135823255
202307,92.0,11.0,27.0,11.998919316463589,11.62872431120187,852.258,-5.319485397273138
202210,74.0,11.0,21.0,11.056572243535474,11.056588026488308,143.366,-6.2918148135823255
202210,42.0,8.0,22.0,12.412330431367598,11.393353329829383,522.585,-6.2918148135823255
202308,177.0,49.0,43.0,13.668877714920086,12.864765535475515,3277.205,6.118470387080725
202309,67.0,4.0,19.0,12.872441978407437,11.748653498475054,1315.205,-2.3639820119127375
202303,326.0,77.0,57.0,12.928021059895746,12.92303644535425,649.447,-6.164693179590523
202307,43.0,15.0,8.0,9.277438115508676,9.277531621516506,401.179,-6.20711335129225
202406,238.0,10.0,74.0,13.42381816903648,12.484684961809076,2965.146,-4.375180957638697
202309,24.0,11.0,5.0,9.82460666968268,8.765614549914716,57.735,-6.2918148135823255
202301,168.0,28.0,83.0,14.684896247709396,14.126456173592487,11009.124,-4.3856767973271635
202208,27.0,17.0,5.0,8.545391845774915,8.436200032206706,130.973,-5.787699766714401
202404,88.0,32.0,19.0,10.738503150945302,10.73852484409569,397.177,1.8350592788815394
202312,77.0,19.0,24.0,14.186778208551974,13.230799757736579,2294.414,-5.142369178042463
202312,348.0,78.0,91.0,13.65919937927255,12.560486535211195,1172.348,3.6664555163224097
202405,198.0,48.0,40.0,13.679324215505961,13.12685129163488,1296.768,-5.271170887812346
202309,215.0,8.0,34.0,13.310105217883816,12.412415858166037,2204.545,-5.198176254797719
202208,463.0,133.0,190.0,15.099794341667982,14.973888118921604,13558.634,49.30288235982703
202208,62.0,22.0,22.0,13.344075504719857,13.170762989127606,3349.173,-3.023940136107723
202409,40.0,8.0,19.0,9.70838466137744,9.708445431332793,310.124,-4.299660364973927
202408,103.0,44.0,12.0,11.452187711754679,11.269489916638006,526.295,-6.227889159480919
202301,40.0,13.0,15.0,10.974026102376623,10.817014468587551,296.378,-6.2918148135823255
202312,53.0,8.0,16.0,12.353811384156362,11.063210619337342,213.512,-6.237605966362469
202406,203.0,8.0,16.0,10.734307538221145,10.13118073854891,228.229,-6.275982941585651
202407,525.0,36.0,132.0,15.188444819069797,13.619482291953643,11955.509,-0.1456532539187263
202308,3.0,0.0,0.0,10.555578336105706,0.6931471805599453,1045.7,-6.2918148135823255
202407,65.0,13.0,33.0,12.667136433206435,12.62873240796405,1957.922,4.442649867206365
202211,32.0,5.0,2.0,14.17836039793109,13.816654902951718,9934.815,-4.155379018659732
202208,471.0,85.0,128.0,15.431431808071228,15.161697512934813,21708.11,119.62905105628394
202306,254.0,57.0,29.0,12.40634053260319,12.32529908342461,574.461,26.84236999633857
202210,207.0,51.0,66.0,13.492840826994872,12.995978955659549,1919.698,3.751156978612485
202210,267.0,73.0,72.0,13.543049390902501,13.266598777192703,1494.525,-3.0893610073899302
202207,240.0,63.0,128.0,12.909318660767534,12.707135770801395,2453.277,-5.262101908899125
202405,5.0,0.0,0.0,11.581630294977215,0.6931471805599453,711.63,-6.2918148135823255
202301,196.0,46.0,92.0,12.990211604095848,12.85537765041071,1342.434,-5.265276550053281
202210,132.0,26.0,28.0,9.549523217290366,9.549594449971952,101.954,-5.298709589084469
202211,29.0,8.0,10.0,10.726500038828679,10.726521993930495,92.72,-6.2918148135823255
202303,144.0,12.0,14.0,11.87392305280765,11.326595886778735,198.576,-6.2918148135823255
202210,106.0,26.0,46.0,10.396963537967006,10.396994062531652,629.456,6.4928026435630475
202410,2.0,0.0,0.0,11.645969238727993,8.392989587956931,128.376,-6.227889159480919
202207,144.0,12.0,79.0,13.467533392728736,13.286077891905435,1778.475,-6.097838814997305
202303,144.0,18.0,62.0,14.005672961487372,12.916398916882827,2146.752,-2.3817213401569073
202404,52.0,16.0,16.0,12.298902479090135,11.49290641425619,446.407,-6.2918148135823255
202208,63.0,33.0,14.0,7.546446273746024,7.546974117516527,451.231,1.4868205168911732
202210,64.0,0.0,4.0,9.573176298028388,0.6931471805599453,383.215,-6.2918148135823255
202403,190.0,65.0,38.0,9.724121623567806,9.61273410155986,582.573,-5.185519023955201
202303,362.0,82.0,79.0,14.131349236447589,13.419301480332603,1844.083,11.655419377701714
202309,220.0,8.0,9.0,10.125630603516754,9.28628237555134,53.389,-6.214605918586714
202301,138.0,60.0,31.0,10.18267111473301,10.182708934070043,577.674,-2.9776156490408296
202210,45.0,17.0,16.0,10.906212828397074,10.637440727488327,292.293,-4.347155980963951
202210,9.0,4.0,4.0,11.831699144899684,11.705651045062906,629.728,-6.2918148135823255
202403,39.0,4.0,20.0,13.733294573768498,13.35579146114588,2100.304,-5.094275395937732
202405,486.0,138.0,93.0,12.089937626148672,11.993460939125372,528.742,38.44912294820756
202306,32.0,3.0,9.0,11.129055494298653,11.081157448441012,110.499,-6.2918148135823255
202409,84.0,5.0,9.0,11.810887022018932,8.417372856134026,526.867,-6.171456072673977
202410,95.0,21.0,37.0,10.95369710197607,10.953714595044442,598.364,1.9938759877200667
202405,42.0,10.0,20.0,11.323663881806612,11.196391140611418,502.678,-6.2918148135823255
202210,250.0,82.0,42.0,10.222958947477316,10.204517642507408,265.092,-3.831843771579251
202309,4.0,0.0,3.0,10.450365413594616,8.549853973655786,125.245,-6.2918148135823255
202407,44.0,16.0,13.0,8.073714641109857,8.07402621612406,235.88,-5.319485397273138
202303,527.0,337.0,79.0,12.991315754810518,12.952507006365401,844.486,-1.834163689971951
202406,521.0,185.0,171.0,13.349062201240772,13.146322062198987,2820.055,22.66765500065197
202208,27.0,0.0,0.0,13.871875768412684,0.6931471805599453,14157.0,-6.2918148135823255
202406,505.0,63.0,90.0,11.709338929452402,11.696837423071969,790.548,34.488079731114354
202409,3.0,1.0,2.0,7.558516743045645,7.559038255443384,13.696,-6.2918148135823255
202207,203.0,8.0,16.0,11.263258250715662,10.138085253895454,287.512,-6.275982941585651
202401,54.0,23.0,19.0,11.005111966862197,10.986783137092344,167.944,-6.2918148135823255
202409,27.0,2.0,6.0,9.31874624581997,8.750207862525711,396.758,-6.2867327161806745
202403,12.0,0.0,0.0,14.113665844344018,0.6931471805599453,3878.827,-6.2918148135823255
202303,166.0,28.0,73.0,14.316327663184225,14.225720392036516,2325.403,30.897573510738717
202211,191.0,42.0,37.0,11.88663155212989,11.49940446686545,387.754,-4.255065615538735
202403,1.0,0.0,0.0,13.993012184199689,0.6931471805599453,17.01,-6.2918148135823255
202301,77.0,19.0,26.0,13.738251472417323,12.753364230062376,693.172,-6.213007689051315
202408,56.0,5.0,23.0,13.828047639301666,13.46523225468507,3251.17,3.8436437656013194
202310,22.0,1.0,19.0,12.827135574063552,12.827138260924666,1156.299,-5.319485397273138
202207,7.0,0.0,0.0,14.539254836501597,14.31322054658289,2109.577,-5.319485397273138
202410,332.0,62.0,39.0,9.419952789006041,9.414260328322634,360.93,-1.8488964630937286
202408,36.0,13.0,9.0,11.204550769293357,11.181918267780073,358.217,-6.271039005393656
202404,575.0,153.0,106.0,12.940783945167812,12.932233817333879,805.401,3.708390266157201
202212,213.0,32.0,102.0,14.12133505681165,13.612026241313071,2952.97,19.454797308813383
202303,33.0,8.0,14.0,12.532140948435993,12.362114393303647,330.449,-4.3263801727752815
202212,60.0,4.0,26.0,14.178134968675263,13.991359546140055,2631.838,2.726434217288661
202207,36.0,6.0,8.0,13.167200978573355,12.742226777223209,1197.829,7.5408917111295555
202306,25.0,4.0,11.0,12.547120114083183,12.18228699652396,2173.616,-6.097097427317138
202309,2.0,0.0,0.0,11.089057050060134,0.6931471805599453,169.217,-6.2918148135823255
202406,829.0,346.0,371.0,13.904188794970551,13.619555282967266,6806.393,2.921514670750918
202311,143.0,12.0,78.0,13.562848078613534,13.410150944291376,1485.527,-6.097838814997305
202403,25.0,1.0,7.0,11.964796945892548,10.816874071262893,518.062,-6.276933343152721
202210,195.0,47.0,74.0,12.37690343560863,11.98622989058883,1103.283,-1.1291443806319181
202407,113.0,13.0,14.0,8.875426919818963,8.875566691990551,252.626,7.320797014746297
202406,42.0,27.0,9.0,12.461392928539604,12.38782320600342,1170.891,-6.227889159480919
202410,12.0,3.0,2.0,13.163862262782269,6.625392368007956,1139.195,-6.276933343152721
202210,4.0,0.0,0.0,15.721597023544804,15.588830730139,16257.65,-5.239727871175058
202308,89.0,7.0,34.0,10.828123367145782,10.826277121150113,460.032,3.759618194172992
202404,246.0,49.0,64.0,13.616686378863204,12.969198211798362,1210.263,-2.290256984783378
202409,78.0,5.0,31.0,11.793137203831895,11.583607575555758,554.757,-6.243500304121533
202303,194.0,63.0,53.0,12.522954232386383,12.367502482181576,568.182,0.38078647207735816
202303,97.0,26.0,36.0,12.813738187544693,12.427987442234546,523.13,-4.265408432471971
202403,372.0,63.0,90.0,14.659702313684774,12.955264564468141,1924.0,-3.1128033205812407
202310,116.0,13.0,13.0,12.999492671474188,12.7849755217319,1430.137,-6.1380230336427894
202306,6.0,2.0,4.0,13.016860629409742,13.016862851945588,1708.983,-6.2918148135823255
202211,453.0,181.0,127.0,14.111790809900686,13.597864368429418,2862.651,2.8615255123623484
202405,85.0,31.0,21.0,14.224585808326568,13.900984336788813,6334.511,0.6118497937145797
202301,312.0,43.0,58.0,14.187073424741348,12.677871537327317,970.598,-3.345063623795555
202401,162.0,27.0,40.0,13.345868463357014,13.13277300870349,378.098,-4.311360541136021
202211,161.0,26.0,40.0,11.997922381034122,11.706261143027284,300.985,-4.311360541136021
202401,113.0,28.0,30.0,12.821325849905389,12.793334172571539,1153.126,-6.258381774551138
202207,89.0,31.0,9.0,13.690452876115717,13.237019752369793,5173.395,-4.870834689640164
202212,368.0,73.0,105.0,11.016117795639095,10.972327682870567,431.365,1.2966284960161865
202210,146.0,58.0,16.0,9.950895809931119,9.938033896288712,141.336,-5.255339015815672
202403,311.0,132.0,33.0,12.41808649080162,11.919077004097373,531.13,-2.855830047357235
202301,20.0,3.0,4.0,10.938609659255954,10.721150607793641,731.124,-6.20711335129225
202407,101.0,10.0,19.0,12.440887817704784,12.159180179591896,767.795,7.335678485175901
202409,120.0,41.0,39.0,11.407942655750121,10.992907722835323,1350.407,2.577284434521623
202311,171.0,14.0,69.0,13.224968701003933,12.920362241743426,1999.284,12.740767990380013
202303,96.0,9.0,28.0,12.120525650355383,11.619004722271386,1113.372,-1.4301677320363888
202408,166.0,27.0,75.0,13.509432308700983,13.478986920022036,3759.708,30.897573510738717
202303,68.0,18.0,45.0,11.86565764642619,11.865664674055314,518.394,-5.319485397273138
202404,55.0,22.0,12.0,12.913024107066516,12.631294628253894,1065.401,-5.035244319432413
202303,345.0,59.0,38.0,11.847495894301845,11.798856004383204,173.676,-4.296617231916073
202303,404.0,33.0,169.0,14.44494820701311,14.388967823428317,3173.048,-6.165341007558852
202405,388.0,75.0,82.0,13.767788772874612,13.155211908181393,1826.52,-1.0280128802304604
202403,104.0,15.0,49.0,14.015414959898521,12.849154724533301,1732.794,-5.319485397273138
202409,90.0,4.0,3.0,8.765458531504226,0.6931471805599453,35.859,-6.2918148135823255
202405,29.0,11.0,2.0,12.884674554648083,12.75114606102384,2101.28,-5.031079416047335
202210,166.0,46.0,24.0,6.124683390894205,6.126869184114185,203.479,-0.685182180596537
202207,25.0,5.0,9.0,12.594055831421823,12.414630338515964,940.598,-4.313722941932763
202303,175.0,36.0,26.0,13.328048208325118,13.044628837194908,678.409,-5.092051156350646
202303,522.0,56.0,37.0,11.534706526031886,11.394569765373147,305.636,-6.250263197204988
202212,114.0,10.0,46.0,10.538051775663776,10.53807828363605,645.017,-6.227889159480919
202210,256.0,27.0,37.0,11.984334356372427,11.766109256014413,529.956,-4.2266590788459455
202210,41.0,6.0,6.0,12.070522072875882,11.458490398275341,247.28,1.4868205168911732
202409,67.0,11.0,13.0,10.500976992899632,7.956476798036782,158.222,-6.271039005393656
202208,77.0,18.0,16.0,12.368803552559124,12.002774612749164,1669.041,6.369243406625779
202403,179.0,27.0,39.0,12.594242380551773,12.421905538986945,334.162,-3.3242878156068856
202409,67.0,4.0,19.0,12.876247982127834,11.817390905456355,1345.543,-2.3639820119127375
202211,66.0,15.0,21.0,13.759555889919797,12.479525206983086,1925.55,-4.177849112367331
202407,209.0,41.0,55.0,14.177999965101638,13.72611197021669,2424.583,0.6771874470456583
202401,72.0,11.0,42.0,13.370780055704648,13.363040316570675,2245.668,2.07103552411977
202402,268.0,94.0,54.0,11.994734139665727,11.93702912440816,656.463,4.653666403061202
202301,49.0,22.0,21.0,13.72669245892576,13.693729290019064,3448.399,-6.1915156964887625
202303,26.0,2.0,10.0,13.620930167774379,13.32582979754739,2778.73,-6.1410595135872885
202309,398.0,37.0,46.0,10.894811542640495,10.490162488585556,754.972,4.644679270390663
202207,36.0,7.0,11.0,12.926090552671923,12.213341165719834,2749.952,1.4868205168911732
202207,46.0,25.0,8.0,12.315724938323072,10.603858578185394,632.27,-2.402497148345576
202212,20.0,4.0,9.0,12.238520474396026,11.907194800317658,464.211,-5.304603926843534
202303,38.0,12.0,6.0,12.397370461563805,11.822408167380862,559.302,-6.2918148135823255
202210,151.0,24.0,43.0,13.08286342526747,12.371519285099284,1294.78,25.353318183128998
202208,17.0,4.0,7.0,12.59610934548112,12.322690558249919,1503.191,-6.275982941585651
202308,1493.0,44.0,11.0,10.571239999076129,10.480690630565247,133.712,-6.184842977727505
202301,62.0,9.0,4.0,12.22042416800409,11.849554832102939,522.579,-6.2918148135823255
202407,278.0,20.0,157.0,14.341214941958734,14.309765238912085,2856.01,13.469047419563752
202401,643.0,59.0,224.0,15.207451944580367,14.080844255452293,3227.189,32.537189771194676
202303,174.0,4.0,3.0,12.688810474592326,12.664986889196147,1000.591,-6.115648995918721
202311,133.0,25.0,31.0,12.168261738133582,12.00133982189661,373.679,0.6757754478159859
202408,478.0,171.0,105.0,11.85130302816056,10.545604561983295,1064.621,7.411127266748876
202405,153.0,5.0,35.0,11.561963217534743,11.561972738941245,234.883,-6.2918148135823255
202409,36.0,7.0,12.0,9.78790833668397,8.493924564476883,493.864,-6.163963505379513
202301,376.0,110.0,74.0,10.816954300719182,10.816974357077548,1085.111,2.6501433395606853
202308,483.0,168.0,112.0,13.864017824979221,13.426706382487884,8990.19,-3.23990125995928
202307,163.0,5.0,5.0,7.948031990637284,7.403061091090091,138.308,-6.2620518727231165
202404,13.0,0.0,1.0,15.550758404138117,13.505059222099689,3741.567,-4.2193046727611385
202212,127.0,17.0,49.0,13.483483626318199,12.882251677859964,496.381,10.273978698504814
202408,532.0,75.0,50.0,10.874531586063053,10.701985248703899,476.278,9.670785340324755
202303,27.0,17.0,7.0,11.016462864040005,11.01647929289894,114.447,-4.347155980963951
202312,101.0,10.0,18.0,13.542631708482173,13.206053578723854,709.762,7.335678485175901
202308,161.0,7.0,8.0,12.018410855036601,12.016333647408358,345.456,-6.163522050667392
202301,191.0,40.0,68.0,14.878120469076869,14.743221035622,2492.612,14.447316714226227
202407,363.0,70.0,105.0,9.780076207620894,9.761001904239373,320.088,1.2817470255865828
202211,180.0,29.0,38.0,11.837556441200212,11.756796705774699,337.914,-3.3242878156068856
202306,310.0,180.0,93.0,13.077271864782519,12.848444818421433,1842.141,-3.383827957864139
202309,208.0,25.0,20.0,7.1372784372603855,7.138073034044347,179.487,-6.2867327161806745
202301,6.0,1.0,0.0,12.772760510133377,12.577384446136888,2291.189,-6.163963505379513
202211,582.0,282.0,96.0,11.889064743696563,11.774897344772617,851.016,28.37666207405414
202406,143.0,13.0,78.0,13.278527457551592,13.141455948748868,1677.682,-6.097838814997305
202409,151.0,29.0,34.0,12.965213537923942,12.183893496542032,2709.624,6.515632793593049
202301,48.0,6.0,22.0,14.471006233519573,13.835335734025836,2229.226,-6.179574650020127
202306,197.0,48.0,40.0,13.735419182439811,13.094753714356209,1669.819,-5.271170887812346
202405,436.0,238.0,96.0,11.873783646955166,11.849961828156411,812.603,-3.303245858364916
202404,250.0,92.0,26.0,12.318038795864993,11.714641068870817,409.005,-4.061690423699117
202212,102.0,27.0,13.0,13.859755168645854,13.719059127180717,729.832,-3.3748265646547635
202301,122.0,39.0,30.0,13.693506752377374,12.626331123501416,1238.135,2.492582972231549
202212,311.0,76.0,121.0,14.719518160124595,14.529832952803512,3157.375,46.90986567628593
202306,104.0,14.0,60.0,13.750064958889205,13.64844129136768,3562.833,5.294384953705569
202404,188.0,18.0,49.0,12.824412763475749,12.725648870860878,624.731,-6.256157534964052
202207,350.0,44.0,108.0,11.482002232316718,11.369135922692621,639.569,-2.141663075942393
202407,65.0,19.0,23.0,14.830285699168805,14.477436385009893,10820.049,-5.158201050039138
202311,248.0,12.0,65.0,12.030075050272906,12.030081012431088,451.52,-6.2918148135823255
202207,75.0,19.0,26.0,12.621458381080068,12.007621706806335,701.187,-6.213007689051315
202309,91.0,8.0,8.0,9.20099685697303,9.20109779060925,38.155,-6.240325662967377
202409,7.0,2.0,1.0,13.018009022064069,12.95831622194035,710.104,-6.22494873551995
202404,40.0,13.0,15.0,10.70504060693986,10.587442614727157,213.944,-6.2918148135823255
202208,210.0,57.0,46.0,12.67824579466479,12.015438635828362,1112.627,4.843998158585254
202407,103.0,14.0,44.0,12.277243809481172,11.872807261456428,1422.512,14.199091803569493
202211,55.0,15.0,19.0,12.072912612514564,12.064583963197288,603.632,-6.160479637513261
202408,45.0,8.0,30.0,13.043718359174337,13.043720522812452,1239.182,-1.4093919238477195
202301,703.0,215.0,112.0,12.549804183832977,12.067901936471507,2576.119,11.541046640105423
202210,14.0,9.0,0.0,10.077860939480908,10.077902937758985,2919.177,-6.227889159480919
202410,62.0,4.0,7.0,10.151440782758913,0.6931471805599453,57.158,-6.2867327161806745
202410,30.0,2.0,15.0,12.808214118737377,12.229183520027266,918.232,-5.009607141198153
202405,163.0,41.0,41.0,11.804908275973702,11.68222088212394,853.227,-6.2620518727231165
202211,219.0,41.0,15.0,12.049483160901254,11.884461434815309,369.924,1.3029192553388693
202307,314.0,87.0,56.0,9.827577958435779,9.827631900232593,521.093,-1.287434953403972
202212,832.0,346.0,376.0,14.160070004768107,13.74927780242178,7326.677,1.8852596003403246
202407,177.0,29.0,79.0,11.146719530814181,11.146733953232388,1229.888,-1.32159766664617
202404,19.0,3.0,5.0,12.679442477752062,10.395650099471604,373.666,-6.2918148135823255
202408,75.0,56.0,8.0,11.379816840109676,11.379828263785244,378.497,-3.3748265646547635
202308,39.0,2.0,3.0,9.751617603198001,9.692766521220475,32.004,-6.2918148135823255
202306,144.0,41.0,47.0,12.34330530500787,11.783173951729472,842.106,0.6267312641441842
202307,47.0,17.0,20.0,13.053780421890345,12.905865196623015,3200.506,-2.901204132857058
202406,28.0,12.0,5.0,11.291193417016286,11.244287562323809,730.436,-2.1438873155294784
202405,90.0,9.0,45.0,12.37926936399157,12.12679672713192,645.234,-5.2860523582419505
202401,177.0,19.0,63.0,14.535074717199013,13.591653001809265,2538.44,-3.223259024302313
202309,281.0,53.0,13.0,9.541871851706224,9.501665799342762,255.768,6.067698775322631
202306,40.0,10.0,14.0,11.921824669812676,11.026743672116998,554.374,-6.2425499025544635
202407,413.0,177.0,153.0,13.133866956787744,12.455651679997018,2783.325,7.6185153736937075
202301,259.0,67.0,96.0,13.280393949278054,13.043268220662581,1241.35,-6.121565151594428
202402,179.0,27.0,39.0,12.596149966577691,12.46900982277487,425.701,-3.3242878156068856
202301,39.0,6.0,10.0,13.468174725590428,13.092425683392362,3772.926,-6.213007689051315
202402,153.0,34.0,31.0,12.105528291303413,12.10553382015156,518.113,4.951992948269529
202405,6.0,0.0,1.0,10.791666834249208,0.6931471805599453,119.967,-6.2918148135823255
202308,31.0,2.0,3.0,12.196022309676673,0.6931471805599453,90.167,-6.2918148135823255
202407,52.0,10.0,30.0,12.107318040498228,11.967237878472377,560.822,-5.319485397273138
202311,103.0,15.0,49.0,13.045817050262464,12.370891927187987,1460.818,-5.319485397273138
202308,28.0,16.0,5.0,11.576547941667176,9.122601457668177,159.142,-6.2918148135823255
202210,48.0,11.0,14.0,12.080702147746308,11.692894256180585,495.064,1.5507461709925794
202401,307.0,178.0,93.0,13.366386622828779,13.115137332312589,2242.478,-3.4172609968953265
202212,100.0,22.0,21.0,11.82121866132612,11.77324147935882,415.204,-6.227889159480919
202407,331.0,116.0,132.0,12.625174351161247,12.581435870621789,2380.925,13.950469181849302
202211,279.0,7.0,5.0,10.177704374034338,10.126711100650509,75.537,-6.276933343152721
202308,432.0,31.0,18.0,5.673323267171493,5.676753802268282,101.244,-4.263184192884886
202408,532.0,261.0,88.0,13.600801337470507,13.345274901802375,2081.586,10.0892631806931
202207,182.0,43.0,53.0,12.486325942833405,12.33322938817837,979.645,20.3241996591857
202407,150.0,56.0,21.0,10.100040691576806,10.098643067310169,349.884,5.297421433650069
202409,285.0,16.0,72.0,10.947925206757965,10.88494785639338,300.643,-6.1539029747355345
202406,46.0,17.0,3.0,9.084550365917883,9.080573313917117,126.385,-6.227889159480919
202301,542.0,167.0,87.0,14.145036582559685,13.626087041852628,1855.147,36.01560806221079
202207,343.0,74.0,160.0,13.209831983182276,12.818283594342818,1425.817,-6.039817603102448
202401,22.0,5.0,14.0,12.345717189710086,12.079306885738216,628.338,-6.2918148135823255
202404,215.0,35.0,82.0,11.4640292951824,0.6931471805599453,796.51,8.768923743844367
202402,77.0,28.0,28.0,12.593108982169905,12.353051958176836,929.839,-6.089791090328401
202306,29.0,5.0,15.0,11.737971205973961,11.73797919073903,573.564,0.734585796965245
202210,25.0,1.0,4.0,12.919446383123232,11.32390552400818,2157.906,-6.258381774551138
202308,1.0,0.0,0.0,14.277881381320121,14.277882011108678,3463.275,-5.319485397273138
202310,62.0,23.0,21.0,13.412324850048533,13.2351186840755,2212.368,-3.023940136107723
202301,23.0,8.0,3.0,14.055563142401375,11.1985982082334,147.563,-6.2918148135823255
202405,205.0,81.0,50.0,11.271006758329685,11.115785605608053,508.912,6.5495342670106105
202303,262.0,43.0,105.0,12.80492562999951,12.635979928367702,921.432,11.697191721435113
202212,38.0,9.0,15.0,13.740754683659583,13.449941896188754,1762.082,-5.153036386491083
202403,17.0,4.0,7.0,13.02901048087078,12.738619642856122,1504.326,-6.275982941585651
202311,36.0,9.0,15.0,13.289425769725295,13.052987575466013,1532.37,-3.5560801596503926
202308,537.0,290.0,154.0,14.384493762902908,13.995997933676067,5108.247,5.73495913767022
202402,73.0,23.0,39.0,12.142680134139178,12.142685461349771,574.917,-6.271039005393656
202308,193.0,14.0,80.0,14.267578041951998,13.407015865295746,4347.689,-4.317393040104742
202208,119.0,45.0,19.0,12.86972922152306,11.339666716585016,1819.916,-3.244034832490982
202403,195.0,47.0,74.0,12.989380405798077,12.53741029411525,1232.774,-1.1291443806319181
202402,201.0,88.0,30.0,9.881190817537517,9.881241943588808,309.258,-5.2860523582419505
202306,104.0,18.0,25.0,11.799899787025774,11.48589336791891,241.284,0.7680188359964326
202310,4.0,0.0,0.0,12.372048841787992,12.372053077111008,648.432,-6.036112197176701
202401,116.0,23.0,70.0,13.216574771946984,13.004181012026445,638.316,-6.2918148135823255
202312,48.0,6.0,13.0,13.117680429499947,12.743162329442633,294.656,3.431479349509548
202210,77.0,18.0,16.0,12.58952047581303,12.192201889844382,1430.886,6.369243406625779
202408,68.0,22.0,18.0,11.613458346331175,11.56269610070124,879.565,10.69797143182213
202211,263.0,35.0,132.0,13.783476915831253,13.59954617464309,2216.219,-5.2860523582419505
202310,284.0,83.0,41.0,11.036259692850942,10.97529374678373,508.459,-4.23646438508353
202303,176.0,29.0,79.0,11.37858231438792,11.378593752174936,914.318,-1.32159766664617
202406,65.0,30.0,18.0,14.255997190344608,14.067693164824627,6932.815,-5.078443523941058
202307,576.0,221.0,204.0,14.719492243401504,14.611503544949523,7350.223,29.324729285806562
202207,265.0,23.0,98.0,14.022807614161621,13.801775664680495,4760.981,44.10258541412122
202307,36.0,10.0,15.0,13.130922642163634,13.072813824972602,1983.913,-3.5895131986815803
202409,346.0,51.0,82.0,13.362606297658878,12.373872605805108,2422.996,-6.044520668987901
202309,114.0,5.0,28.0,11.29318860429045,11.196363692967797,436.321,-6.258381774551138
202303,54.0,14.0,19.0,11.704314124402291,11.704322382483856,296.284,-6.227668432124859
202303,204.0,81.0,49.0,11.665603632611933,11.417955227379002,552.901,6.485608612909203
202301,92.0,10.0,27.0,12.912757773151263,12.40478415030373,1043.331,-5.319485397273138
202407,300.0,103.0,50.0,10.272081185868387,9.91526789107166,722.684,2.1954191155017426
202408,4.0,1.0,3.0,11.312619147558776,11.312631365253663,432.866,-6.2918148135823255
202303,56.0,5.0,23.0,13.867175633232748,13.44277301267647,1945.52,3.8436437656013194
202401,498.0,13.0,17.0,12.744844120946563,12.513972700182812,1171.7,-5.084509230460275
202303,268.0,89.0,78.0,12.943274988286289,12.87286558375736,643.931,-2.7010878658506288
202301,106.0,33.0,34.0,13.089821590484556,12.921389747173185,982.661,-1.3551830766278634
202402,280.0,7.0,5.0,10.827488484280181,10.827508330472194,129.19,-6.2768612343119
202303,196.0,47.0,74.0,12.027119409568973,11.919010380957799,1037.266,-1.1291443806319181
202307,336.0,21.0,36.0,13.926095303538139,12.926246298475618,3973.011,-3.77172637685948
202312,49.0,7.0,25.0,13.325034797354517,12.69963714963168,1176.422,-5.109886540578346
202401,180.0,14.0,46.0,13.0643782690054,12.676932158403002,1398.562,-5.972137184479387
202306,531.0,161.0,90.0,10.33514009039794,10.300987690989995,484.26,-4.156756520839071
202309,231.0,11.0,15.0,9.139059169971219,9.070618428801046,63.628,-6.276933343152721
202308,218.0,10.0,10.0,9.042631527550073,9.042749779782222,60.11,-6.250263197204988
202409,161.0,2.0,5.0,9.687878048875998,9.543019710358694,437.572,-6.00779446309766
202210,1.0,0.0,0.0,12.880245955280392,0.6931471805599453,17.515,-6.2918148135823255
202308,437.0,66.0,55.0,13.738631673453197,12.629223763394242,3018.519,20.989841929881862
202210,144.0,37.0,52.0,12.65164589342492,12.594001556048921,850.402,-4.2505269620423665
202303,374.0,64.0,90.0,14.628101616440459,12.91679448310663,1705.565,-3.1128033205812407
202211,339.0,15.0,41.0,13.989144486360663,11.94439614449918,970.111,-6.092648948142966
202401,67.0,5.0,16.0,14.449331211318299,13.87185497393116,2485.643,13.636451673312243
202401,84.0,14.0,33.0,14.285240399733638,14.031973443240709,3404.547,2.9364608091749673
202211,134.0,22.0,42.0,12.161331522916942,11.606770936248916,615.791,-6.19622541548757
202311,78.0,20.0,24.0,13.650376447152963,12.946613777913328,2096.619,-5.142369178042463
202401,85.0,13.0,16.0,13.554885779713027,13.554887077452818,683.136,32.583827021868515
202303,280.0,41.0,157.0,13.429564213337358,13.363992610791533,1102.969,-5.252164374661515
202210,383.0,108.0,70.0,12.032867408532494,12.028410218116942,491.734,15.136040025405139
202303,146.0,22.0,61.0,12.794170373158376,11.735460831377486,815.835,0.04627673114072284
202303,15.0,1.0,6.0,11.928340903931561,11.228451574129409,809.213,-6.2918148135823255
202212,146.0,22.0,61.0,12.903570348827378,11.526739608803599,845.07,0.04627673114072284
202211,652.0,290.0,156.0,8.331345424845724,8.31434234336979,1462.955,12.779100144912695
202310,491.0,140.0,90.0,11.098712203104354,9.46923709299621,964.06,2.9391879974242396
202207,395.0,137.0,118.0,14.036088420712655,13.933026002265729,3422.344,3.5400494148997677
202308,2.0,0.0,1.0,11.077083620203348,11.077099082726058,78.809,-6.291742704741504
202208,92.0,10.0,45.0,12.901088079816802,11.96333844445096,970.235,-5.2860523582419505
202301,556.0,211.0,153.0,14.062216717801018,13.60932367628309,2599.315,12.996205058739077
202409,44.0,5.0,25.0,10.883372609935437,10.883391377471353,727.679,-6.036112197176701
202310,72.0,11.0,42.0,12.753829825867122,12.740769080885942,1597.01,2.07103552411977
202210,9.0,0.0,0.0,13.690569590327504,0.6931471805599453,3346.883,-6.2918148135823255
202410,50.0,3.0,1.0,11.07933862154504,10.392374268783366,634.122,-6.2918148135823255
202403,54.0,13.0,19.0,11.985001944376894,11.985008181415548,322.774,-6.163742778023453
202409,546.0,189.0,64.0,8.395251520610994,4.867534450455582,560.969,-3.153691090651278
202402,83.0,36.0,25.0,14.510658735194387,13.385985312211286,3237.517,-6.140247273229875
202402,65.0,30.0,18.0,15.026016276262066,14.515268340269548,7222.775,-5.078443523941058
202210,48.0,12.0,36.0,12.788187701667258,12.788190495240364,718.12,-6.2918148135823255
202303,211.0,35.0,57.0,13.428438260297954,13.304823257964443,1114.822,1.743522893459776
202211,141.0,16.0,43.0,12.48348844972582,12.200471991103818,1121.405,-0.5883429704170613
202208,184.0,43.0,25.0,10.959383692795505,10.780746353436525,455.231,-0.8384107989174199
202211,233.0,123.0,16.0,11.445524183374717,11.438180366817912,250.175,-1.332809038903795
202308,6.0,0.0,0.0,10.9244805834911,0.6931471805599453,206.122,-6.2918148135823255
202310,33.0,8.0,6.0,9.574983485564092,9.575052927597383,160.731,-4.134603210471063
202407,159.0,18.0,32.0,14.044350653119302,13.221797768219554,3480.318,12.106897680746611
202403,84.0,9.0,13.0,11.895053707713954,11.746351965081452,339.897,-5.319485397273138
202402,74.0,11.0,21.0,11.71018489412839,11.71019310387089,183.32,-6.2918148135823255
202207,284.0,80.0,42.0,12.00861511565136,11.985344923748489,638.788,-4.23646438508353
202309,63.0,31.0,23.0,13.792364748456961,13.749721121424832,3418.213,-5.12770843496892
202409,189.0,28.0,21.0,9.203617826215355,9.203718495667296,115.684,-3.33916928603649
202208,27.0,7.0,11.0,13.0402157893569,12.82467675929645,3304.007,-3.359945094225159
202212,249.0,13.0,65.0,12.581549225744617,12.573898189809382,483.379,-6.2918148135823255
202211,342.0,166.0,50.0,11.687676772934015,11.557353749004575,496.962,0.46426345494332466
202405,216.0,58.0,63.0,11.619768880588227,11.487525602337497,599.542,-5.047950908870839
202303,455.0,130.0,71.0,11.385444304154147,11.31183690443685,655.998,0.5145814766351418
202307,244.0,72.0,73.0,11.700789964566923,11.377975924391935,751.055,6.825899863055858
202410,16.0,0.0,0.0,9.22197245620589,0.6931471805599453,0.386,-6.2918148135823255
202210,53.0,13.0,9.0,9.158415299111264,9.158520623246385,145.691,-3.3748265646547635
202309,218.0,20.0,21.0,11.965019673672396,11.733593955847798,863.392,-4.165095825541282
202210,86.0,22.0,34.0,11.215017957160839,11.21503142744203,248.524,-6.276933343152721
202409,10.0,0.0,5.0,12.2813888160896,8.867990898182093,958.209,-6.2867327161806745
202303,28.0,12.0,5.0,11.707249700555334,11.678812715300758,708.594,-2.1438873155294784
202403,165.0,32.0,18.0,13.301389510248486,13.263796965279543,1216.124,0.6772700131920617
202210,64.0,17.0,29.0,12.497072956533996,12.398257895761018,1178.332,-5.958220325357702
202312,33.0,16.0,13.0,13.524827988520254,13.457539059576252,1873.008,-6.00779446309766
202408,182.0,20.0,27.0,11.78681536112235,11.561668008958218,991.227,-6.222807062079268
202309,207.0,61.0,43.0,13.68804416456423,13.685754885471725,1064.728,-5.155026408884982
202207,289.0,106.0,123.0,13.963636554348973,13.621267825477702,5489.403,-5.9039151188966015
202212,191.0,42.0,37.0,12.411862488496919,11.980970928259799,467.344,-4.255065615538735
202402,133.0,14.0,46.0,13.999006424985998,13.093352604967015,1607.702,5.476437299221486
202408,46.0,17.0,20.0,12.445908108524735,12.373682345041589,2321.439,-4.1062854763920225
202401,74.0,14.0,40.0,13.336070545771516,13.026601095417211,1299.149,-6.275982941585651
202309,402.0,41.0,38.0,11.92280083356694,11.600624938500458,767.899,-6.2425499025544635
202212,118.0,18.0,58.0,12.012311910099031,12.012172312685605,644.238,-6.2867327161806745
202405,263.0,43.0,106.0,12.465305087881498,12.33395121601857,783.669,11.697191721435113
202303,27.0,17.0,7.0,10.887306083202157,10.887324777062158,112.212,-4.347155980963951
202303,88.0,32.0,19.0,10.481083579935971,10.481111641840535,336.004,1.8350592788815394
202211,7.0,1.0,0.0,12.48736056891218,9.726631035173233,1227.532,-6.227889159480919
202310,173.0,33.0,28.0,11.604930187765827,11.58189166943495,438.546,-6.2918148135823255
202303,547.0,28.0,60.0,12.77276618413369,12.580384147038759,582.716,-6.203717982782034
202301,26.0,3.0,4.0,14.273655398909876,12.201567512641383,703.567,-4.3263801727752815
202211,77.0,18.0,27.0,13.633438170125157,12.753722844772314,1780.346,-5.20629483214387
202303,110.0,23.0,20.0,13.053724728887298,12.74855099425545,887.755,-6.256157534964052
202208,113.0,10.0,45.0,9.13550906135318,9.135616825780247,961.007,-6.227889159480919
202303,94.0,36.0,37.0,11.763653054428243,11.660621069842954,690.244,-1.8471271680558905
202405,253.0,79.0,68.0,11.800027369156943,11.791185791843027,548.104,5.9703627536423625
202410,23.0,8.0,3.0,12.07863692222049,8.523374050491318,770.402,-5.298709589084469
202402,698.0,215.0,113.0,11.760176091627672,11.760183901046611,2439.545,11.541046640105423
202402,17.0,3.0,7.0,11.9942893217866,11.994295501167857,237.913,-6.213007689051315
202405,114.0,4.0,13.0,10.26210560741145,10.262140538858489,95.71,-6.2918148135823255
202211,120.0,1.0,14.0,10.671278276091838,10.67130147767883,55.913,-6.2918148135823255
202211,1164.0,409.0,244.0,12.61155775343834,12.521704216279534,1926.648,33.16591900491906
202303,767.0,72.0,176.0,12.734233148322359,12.73423609676153,572.828,-4.182696992575795
202307,51.0,5.0,12.0,11.863673881688792,11.43054335636426,938.185,-6.2918148135823255
202303,134.0,22.0,42.0,12.768213813436187,12.203504350281593,689.395,-6.19622541548757
202208,161.0,14.0,34.0,11.727157425753695,11.510592746296402,697.827,0.5144911005819859
202408,943.0,145.0,202.0,14.061694626202726,13.81200341512219,5659.627,80.26622854550314
202311,98.0,23.0,22.0,14.484665205820727,14.252290853768201,10012.686,-0.08600471023133949
202404,9.0,0.0,0.0,13.949833387320108,13.014481909035952,3623.305,-6.163963505379513
202407,33.0,15.0,9.0,8.716535732544495,8.716699572964293,77.131,-6.258381774551138
202306,203.0,8.0,16.0,11.122634642832976,10.348557915236652,227.043,-6.275982941585651
202403,409.0,126.0,188.0,15.467129604869337,14.002143640093788,6706.451,10.407652314418458
202301,214.0,34.0,53.0,13.036563629731717,12.574908346815548,1417.711,19.52445699022602
202404,258.0,37.0,34.0,13.027085197088015,12.95357542682767,1640.518,0.17982885910427182
202307,106.0,29.0,35.0,14.101513220997164,13.421129296453346,5029.134,-4.971539392687067
202301,232.0,56.0,79.0,13.287489604944566,13.2836962037598,986.445,-6.260874810590354
202408,195.0,1.0,3.0,9.449672183486918,9.252441547994819,117.124,-6.208711580827649
202211,33.0,8.0,4.0,11.712890456936778,11.712898644497418,114.463,14.127102928910608
202406,60.0,15.0,23.0,13.903843727667562,13.76409409809743,4799.409,-4.076571894128723
202207,38.0,12.0,6.0,11.815079807099481,11.568870921252277,713.429,-6.2918148135823255
202401,35.0,12.0,7.0,14.510677697033685,14.101845223070345,884.416,-2.33857149424417
202310,78.0,28.0,24.0,13.77369536204943,13.347774755254918,3435.812,-2.108279395507113
202307,104.0,33.0,19.0,9.604070223865927,9.604137675216665,97.25,-5.287821653279789
202309,104.0,38.0,52.0,12.513149173752176,10.762106797794535,1277.664,-6.222724495932864
202406,248.0,31.0,92.0,10.957904106461543,10.694373778997369,262.509,-5.807709751409733
202410,11.0,0.0,3.0,11.969717200243734,6.480044561926653,75.65,-6.2918148135823255
202407,478.0,10.0,28.0,10.204258589529626,10.204295601206814,134.87,-6.241276064534448
202309,5.0,0.0,1.0,5.176149732573829,0.6931471805599453,21.222,-6.2918148135823255
202207,229.0,22.0,29.0,13.960767808221384,13.936371518612605,2839.779,5.724084186713993
202312,94.0,15.0,28.0,13.798103937948756,12.211428278491223,1832.755,15.483328385828434
202306,17.0,5.0,5.0,12.19017697612479,11.470883977170216,614.989,-4.347155980963951
202303,82.0,9.0,23.0,11.214007168592376,10.774236837439904,161.672,-6.271039005393656
202210,49.0,17.0,21.0,13.06163625033441,12.248571633111201,917.842,-4.292947133744094
202301,5.0,0.0,0.0,12.129801566315567,0.6931471805599453,190.777,-6.2918148135823255
202210,52.0,15.0,16.0,11.182669864959387,10.528382658579849,436.945,-6.2918148135823255
202303,5.0,0.0,0.0,11.497507212241848,0.6931471805599453,731.929,-6.2918148135823255
202207,6.0,4.0,1.0,10.719294745831961,10.71931685969625,188.057,-6.276933343152721
202303,89.0,39.0,21.0,11.190141120266247,10.818737743235035,291.116,-5.2860523582419505
202212,9.0,0.0,2.0,12.145600512086796,12.145605823762656,657.406,-6.163963505379513
202307,20.0,2.0,3.0,13.981002962300792,12.576100540679597,1636.381,-6.031766427099414
202311,144.0,12.0,14.0,11.905379629992922,11.306393179461216,203.439,-6.2918148135823255
202409,5.0,2.0,1.0,11.512785455169313,11.026467197652533,170.09,-6.2918148135823255
202309,13.0,5.0,3.0,7.261225091971921,7.261927092702751,126.101,-6.276933343152721
202307,66.0,20.0,23.0,14.870233653062659,14.543732368541043,10354.798,-5.158201050039138
202408,95.0,18.0,14.0,10.906561301994556,10.906579639346825,580.612,-6.2918148135823255
202404,353.0,62.0,146.0,13.95050725151085,13.416245688588365,2261.865,4.105204558476556
202404,314.0,96.0,88.0,12.551738208019573,12.551741746759038,484.214,17.382996047448003
202211,97.0,9.0,51.0,12.494988955996758,12.234339351238482,488.471,-6.2918148135823255
202405,165.0,73.0,33.0,10.867939679517301,10.848773821251536,175.334,-2.934637171888246
202207,254.0,27.0,37.0,11.72036230924258,11.544307846198897,681.757,-4.2266590788459455
202401,610.0,195.0,77.0,12.114352015576383,0.6931471805599453,1208.764,5.61243555092158
202402,90.0,22.0,15.0,13.151442452944933,12.896699151858456,451.987,-2.3690641093143885
202309,89.0,24.0,31.0,8.818334283552174,0.6931471805599453,447.831,-5.319485397273138
202402,257.0,131.0,69.0,13.525080713843273,12.841384124118807,1819.253,-5.0637827808675135
202402,77.0,19.0,24.0,14.45661942984032,13.171031629380867,2629.227,-5.142369178042463
202301,95.0,48.0,17.0,12.931159287458271,12.846304163743504,787.652,-6.177278301592221
202210,196.0,47.0,39.0,13.600097052711975,13.15848313371069,1218.742,-5.271170887812346
202308,331.0,150.0,95.0,12.441887574764129,12.39723831097802,1822.123,4.391615661140666
202409,56.0,9.0,8.0,11.092169038293106,7.051855622955894,315.125,-6.271039005393656
202406,62.0,24.0,21.0,13.451130289829472,13.212198596928383,2223.153,-3.9962695524169103
202309,71.0,1.0,2.0,8.83200393125627,7.9247959139564355,30.683,-6.2918148135823255
202403,97.0,21.0,24.0,12.876746686147111,12.87674924296275,903.737,-6.115648995918721
202404,92.0,16.0,25.0,11.65637624737519,11.347531819196922,340.855,-6.152904504072394
202301,7.0,1.0,1.0,12.518541228602793,11.372651391478314,1253.601,-6.2918148135823255
202403,50.0,18.0,19.0,14.73109784247734,14.327116077532457,4675.529,-3.1042424778195348
202307,449.0,231.0,80.0,12.134195260688896,11.962904942385036,2001.519,18.541847684209216
202309,13.0,1.0,2.0,11.843243086457699,7.510430556378006,363.314,-6.271039005393656
202211,361.0,62.0,127.0,11.869620408708963,11.675171857333131,824.332,-3.269349294176019
202401,257.0,37.0,15.0,13.639186182077658,13.106246190522036,2468.358,-6.256157534964052
202401,7.0,1.0,1.0,12.454142928368242,11.084079134024153,1243.761,-6.2918148135823255
202303,110.0,49.0,40.0,13.165256186307676,13.164211405372194,588.287,-6.2918148135823255
202303,215.0,98.0,47.0,12.485914060202793,12.458891497154132,640.472,-0.9199376200533393
202301,125.0,13.0,50.0,15.328568838934428,14.102108042463122,3718.696,16.601872875196882
202210,9.0,0.0,2.0,10.809586524415446,10.809606729088786,661.963,-6.163963505379513
202301,34.0,11.0,7.0,14.217820694379137,13.867633258299598,829.863,-2.33857149424417
202306,451.0,122.0,202.0,15.021280746027857,14.584252105445703,4221.289,8.279985868698754
202308,1.0,0.0,0.0,8.131236549696116,0.6931471805599453,0.0,-6.2918148135823255
202401,74.0,12.0,6.0,12.399816221989102,11.832302406162803,564.541,-6.2918148135823255
202301,42.0,6.0,6.0,13.147777680732792,12.45854196222621,310.483,1.4868205168911732
202403,22.0,0.0,0.0,13.723925830038482,9.97720259035841,21773.883,-5.319485397273138
202208,646.0,106.0,148.0,12.81109874269494,12.76823376279332,2156.532,-4.284828556397944
202407,160.0,39.0,58.0,13.576012751877203,12.068378314173414,1777.309,18.891896460945645
202301,216.0,97.0,47.0,12.963831782031288,12.93367922214169,940.341,-0.9199376200533393
202311,47.0,17.0,20.0,13.077242572893022,12.921837115955528,2293.297,-2.901204132857058
202303,210.0,23.0,75.0,14.005817645367815,13.238728519435583,1720.925,-0.17381796524253623
202303,233.0,46.0,73.0,12.882414402687555,12.869376408349426,621.969,-6.101636080813506
202303,433.0,235.0,97.0,11.791208504576165,11.658323667659586,894.123,-3.303245858364916
202307,130.0,21.0,42.0,14.580466175916177,13.962543394512394,6673.135,9.46017323362986
202210,66.0,7.0,19.0,14.17232519214587,13.290902051826269,2134.427,6.412393252538516
202307,110.0,22.0,33.0,12.497883682065632,12.497887416606964,674.779,-6.235381726775383
202210,116.0,23.0,69.0,12.651540212430909,12.549414092156487,493.463,-6.2918148135823255
202401,144.0,18.0,62.0,14.084038862565048,12.772839943208217,2548.702,-2.3817213401569073
202303,228.0,10.0,67.0,14.816012282743493,13.082682398344945,2887.755,-3.4028515413295093
202405,41.0,4.0,18.0,13.429868665175649,13.208682348069349,1252.111,0.5479241396131735
202301,97.0,9.0,52.0,13.42737000927675,13.061055897493365,826.986,-6.2918148135823255
202310,212.0,45.0,84.0,13.575842475520806,13.25811031389798,1888.148,22.07218727016616
202207,124.0,31.0,29.0,11.821740162232203,11.302981909119962,596.028,-3.3540507564660946
202301,410.0,125.0,189.0,15.538191259159232,14.092100843349543,8204.471,10.187557618035198
202309,212.0,26.0,73.0,12.684723157499631,12.004219584682811,1567.848,20.889215269844385
202207,100.0,9.0,10.0,10.781370041113963,10.711480124765114,160.381,-6.271039005393656
202212,201.0,40.0,55.0,13.920516310701176,13.406648687384894,1127.745,-3.3748265646547635
202408,241.0,69.0,126.0,12.893005557456945,12.610523906535674,2713.236,-5.262101908899125
202402,79.0,21.0,27.0,13.83753033341313,12.065113737076855,800.915,-2.3817213401569073
202301,28.0,0.0,0.0,15.99627643085722,15.365704707257617,11197.929,-6.100037851278107
202207,155.0,34.0,33.0,12.037405442308762,11.782525029871243,623.537,-6.256157534964052
202207,291.0,27.0,111.0,13.869411449613072,13.749053397414684,3027.357,14.357324774990603
202306,55.0,17.0,34.0,12.418102669740687,12.195178519442365,837.773,-6.2918148135823255
202408,88.0,7.0,15.0,11.537579052408885,10.965332117012023,703.093,-6.2918148135823255
202407,25.0,4.0,11.0,12.491638730859389,12.314819421332066,1608.114,-6.097097427317138
202306,101.0,13.0,31.0,13.037820224569062,13.002320039187662,1147.392,21.593692932224698
202406,252.0,13.0,25.0,11.902924927466383,11.751288608481122,765.137,4.48851022810881
202403,65.0,4.0,4.0,13.155927738904458,13.153076852560273,1321.103,-6.227817050640098
202401,347.0,42.0,112.0,12.908130012219875,12.908132490040286,704.218,-2.1624388841310616
202211,50.0,18.0,19.0,14.345180114331388,14.01155173554455,4779.823,-3.1042424778195348
202312,11.0,0.0,0.0,14.944569604039591,12.160928825360894,4118.11,-6.227889159480919
202211,181.0,25.0,37.0,13.206776214444861,12.797491594582766,887.65,-3.9502639488928804
202410,248.0,65.0,87.0,13.27454869860752,12.877357579232983,1680.661,-3.271848263424867
202311,81.0,13.0,35.0,13.296380548034668,13.16399848126157,1094.618,10.271290411545868
202207,174.0,36.0,25.0,13.065439524288157,12.698192400340618,1025.738,-5.092051156350646
202210,187.0,28.0,51.0,13.686647110653881,13.348904350938335,1428.655,15.642062528520556
202408,555.0,207.0,95.0,14.245188163425933,14.108017472125034,1771.977,27.94024569250825
202312,877.0,406.0,171.0,13.257291044783406,13.248879722014905,2822.536,17.526202762930623
202410,64.0,9.0,19.0,13.388293584028267,9.619266151713328,325.161,-6.271039005393656
202303,627.0,194.0,224.0,13.595575603593007,13.58155754434914,1290.997,25.408809831027632
202308,111.0,21.0,12.0,10.275257984120195,10.228357022355016,85.019,-5.319485397273138
202211,17.0,5.0,5.0,12.775304903784486,12.01245148802774,590.759,-4.347155980963951
202301,22.0,0.0,0.0,13.663517216075874,9.858385578623707,26317.791,-5.319485397273138
202311,55.0,17.0,34.0,12.433379518182262,12.26119509932041,752.974,-6.2918148135823255
202402,62.0,8.0,24.0,13.490626320386344,11.92036861546202,1168.377,-6.2918148135823255
202301,88.0,18.0,13.0,10.20559014764914,10.172254353874754,263.581,-6.2918148135823255
202211,100.0,22.0,21.0,11.531197509757677,11.425939542202093,351.494,-6.227889159480919
202301,114.0,62.0,18.0,14.118402373607832,13.218124364670608,1518.532,-1.2657087436482328
202406,340.0,20.0,36.0,13.906095957187429,12.888153823106185,3340.743,-2.799396960550293
202403,14.0,6.0,2.0,13.45752618566973,13.322659093479587,1295.969,-6.079262043089438
202403,16.0,4.0,2.0,12.22330334079184,11.799073861942784,782.475,-1.4152862616067843
202307,17.0,4.0,7.0,12.786689222231379,12.40177511065846,1658.529,-6.275982941585651
202309,122.0,35.0,36.0,10.947960395103589,10.94797798881208,602.244,-3.341393525623576
202403,299.0,88.0,99.0,13.750357448005678,13.329205174209779,1106.208,7.366944453122665
202211,50.0,2.0,21.0,12.741978123971812,11.95115458911678,811.769,-6.227889159480919
202306,88.0,14.0,10.0,12.21967964893639,11.79916399601728,655.546,-6.1915156964887625
202212,18.0,6.0,3.0,13.503012431970268,13.26386988409836,1028.527,-1.4301677320363888
202310,74.0,3.0,17.0,13.990107355482342,12.96149484994944,3690.055,-3.2135422174207635
202403,94.0,17.0,14.0,11.518519787526538,11.51852973169006,482.251,-6.2918148135823255
202403,341.0,74.0,161.0,13.225419840771071,13.224103748238,947.395,-6.039817603102448
202301,651.0,100.0,169.0,14.524329295668327,14.356214350444636,3110.934,125.81904109846782
202307,189.0,28.0,47.0,12.865709577155878,12.604345283056833,1470.199,-4.264458030904901
202410,3.0,0.0,1.0,8.512180649592693,0.6931471805599453,80.705,-5.319485397273138
202301,32.0,7.0,13.0,11.71092350114919,11.610260865357507,232.998,-1.1942411636564554
202208,42.0,4.0,30.0,12.019429765252658,11.603478894810914,961.068,-6.2918148135823255
202408,166.0,44.0,26.0,8.39638057119949,8.39660622842712,250.112,-0.685182180596537
202303,45.0,1.0,10.0,12.745783058033865,12.745785972614785,538.829,-2.3275124929370503
202405,89.0,34.0,31.0,12.794550738007812,12.591807723706905,848.05,-3.341393525623576
202401,13.0,3.0,6.0,12.135467761162621,12.135473126933832,1130.073,-6.163963505379513
202210,340.0,169.0,36.0,12.509257673747932,12.329417960765497,1315.969,-5.201350895951876
202405,186.0,27.0,50.0,12.426997737883006,12.020856904622883,622.66,-5.894027246512613
202208,205.0,40.0,58.0,12.800774236020267,12.611394410031801,1492.467,-3.3748265646547635
202207,17.0,7.0,9.0,10.380435762266156,9.987828700969878,357.231,-6.2918148135823255
202405,74.0,20.0,41.0,12.559517879566213,12.48328762863211,818.441,-0.9209705877668135
202309,55.0,17.0,14.0,12.721339392891405,10.017753298664472,484.044,-6.227889159480919
202408,188.0,29.0,46.0,12.829850991080596,12.551139981089662,1775.961,-5.236787447214088
202207,391.0,115.0,151.0,14.68106994279205,13.333170345027352,5358.098,2.1936498204639037
202402,375.0,140.0,71.0,12.191770860819314,12.160693407532401,795.509,-1.1104901029334506
202312,125.0,16.0,88.0,12.148766573730502,12.148771868615906,349.514,-6.256157534964052
202308,7.0,2.0,1.0,13.011156918580827,12.914999666937636,644.81,-6.22494873551995
202407,35.0,7.0,11.0,12.824105578580363,12.294390252363357,2568.333,0.5144911005819859
202309,30.0,10.0,4.0,11.427149687948825,10.150113227997542,447.482,-6.258381774551138
202301,159.0,23.0,29.0,12.800288598197197,12.728131934738963,644.181,-6.1833971191426125
202405,47.0,18.0,8.0,12.293817919817956,11.540676809501054,667.489,-4.216292139959348
202306,15.0,1.0,6.0,11.953995783813607,11.217372498137879,935.799,-6.2918148135823255
202308,304.0,74.0,121.0,14.208601419908682,12.940069020240461,2618.14,-3.271848263424867
202403,905.0,19.0,76.0,12.44892078011872,12.441038042647152,572.029,-5.184245185935185
202303,40.0,13.0,15.0,10.609007869159214,10.516048127536894,202.973,-6.2918148135823255
202401,54.0,22.0,10.0,11.874480481958905,11.874487447857348,364.174,-6.237605966362469
202212,65.0,14.0,21.0,14.247785061087498,12.586982048342401,2277.519,-4.177849112367331
202208,94.0,36.0,37.0,10.792838649154332,10.75958232070683,845.479,-1.8471271680558905
202303,45.0,9.0,31.0,13.143267358771713,13.143269317395779,799.141,-3.3540507564660946
202403,58.0,5.0,19.0,12.891525298997403,12.768840603012114,633.954,-6.246220000726442
202405,98.0,7.0,66.0,12.376498730911061,12.371120873653672,462.302,-6.271039005393656
202309,8.0,0.0,1.0,14.979392350536942,14.187762153505624,5320.251,-6.212057287484245
202208,32.0,5.0,2.0,14.880435754717185,14.22933793794731,15119.659,-4.155379018659732
202303,113.0,23.0,32.0,13.562341983244321,13.170633406326873,1615.086,-2.2558735441851203
202303,34.0,15.0,9.0,9.48729005784892,9.487365864239434,67.578,-6.194456120449732
202402,72.0,24.0,5.0,11.931760792016565,11.735997013692314,261.61,-4.283230326862545
202307,98.0,22.0,24.0,12.385368797064107,12.385372976346984,1059.817,-6.115648995918721
202210,67.0,20.0,10.0,9.926178162455827,9.857338896510148,53.878,-6.271039005393656
202301,332.0,118.0,130.0,13.786040551780243,13.540867111974775,3055.922,13.042065419641522
202208,187.0,0.0,6.0,9.857967037234319,9.787290758133617,93.833,-6.2918148135823255
202402,282.0,40.0,160.0,13.979292988907808,13.874708279890152,1533.757,-5.252164374661515
202211,646.0,106.0,148.0,14.013179571063935,13.948254015249262,1371.417,-4.284828556397944
202407,168.0,27.0,84.0,14.285194135999085,13.864998573816663,11816.56,-4.3856767973271635
202407,1.0,0.0,0.0,13.551707759302436,13.551709061173028,11805.904,-6.227889159480919
202309,5.0,1.0,0.0,6.257667587882639,6.259581464064923,1.271,-6.2918148135823255
202306,50.0,27.0,13.0,10.388749184170845,10.11378899583704,340.999,-6.276933343152721
202403,145.0,98.0,19.0,12.002731721512143,12.002737848944351,375.285,-3.906966588197433
202301,193.0,22.0,63.0,13.345254096759232,13.137750387844674,2125.202,-6.088978849970988
202307,530.0,161.0,90.0,10.230089812218568,10.203332852113716,560.527,-4.156756520839071
202402,36.0,10.0,6.0,12.593614758725893,11.756624301439086,469.631,-6.2918148135823255
202402,202.0,24.0,50.0,13.360343520154784,13.302616129029172,952.831,25.362498833797865
202407,110.0,22.0,33.0,12.562568073356854,12.562571573979088,632.594,-6.235381726775383
202312,275.0,9.0,1.0,11.473290265929538,10.70465919729006,368.848,-6.256157534964052
202303,575.0,220.0,205.0,14.90333553894514,14.814641312145913,5323.083,29.324729285806562
202409,4.0,0.0,0.0,10.877556506129638,0.6931471805599453,1325.164,-6.2918148135823255
202208,22.0,1.0,19.0,12.589223976041755,12.589227384584584,1731.391,-5.319485397273138
202409,442.0,89.0,75.0,11.32009286015061,11.239054248743635,752.288,3.5851885633026797
202309,126.0,58.0,24.0,9.831722986306817,9.660906307329443,265.184,-6.258381774551138
202310,332.0,126.0,18.0,11.323434267617863,11.205883867038157,1119.701,-2.684315090218941
202207,30.0,1.0,10.0,11.631703560945398,11.106249624221007,332.641,-6.276933343152721
202401,269.0,89.0,79.0,13.648317190874488,13.600554646261566,831.956,-2.7010878658506288
202306,326.0,104.0,52.0,12.448300919449823,12.346551722007542,959.596,-0.39599716656381734
202311,91.0,17.0,10.0,10.925668659667716,10.925686649970942,107.255,-6.2918148135823255
202207,52.0,13.0,14.0,6.406879986069314,6.408528791059498,205.275,-6.258381774551138
202409,9.0,0.0,6.0,11.637538456618753,9.92358425423525,293.304,-6.2918148135823255
202211,156.0,39.0,59.0,13.453695282271239,13.140152213677906,1243.807,-6.276933343152721
202303,146.0,0.0,10.0,8.109826276018477,8.0959035329611,58.841,-6.256157534964052
202409,4.0,1.0,2.0,9.310276200588783,9.310366686043308,391.843,-6.2918148135823255
202308,152.0,24.0,28.0,11.755055624453044,11.228943206424937,519.786,-6.163963505379513
202207,201.0,7.0,35.0,11.665955517128785,11.665552126929128,222.73,-6.256157534964052
202303,173.0,17.0,31.0,13.18655058683917,12.641701550827054,2222.331,-3.193496083443104
202409,34.0,3.0,13.0,9.601571320056523,9.203416456903359,121.953,-6.2918148135823255
202208,319.0,61.0,100.0,13.224349405879188,12.942602539170252,3120.463,32.91132266100655
202303,904.0,19.0,73.0,12.525362390727897,12.457298180971339,533.719,-5.184245185935185
202405,82.0,9.0,6.0,12.778472087541925,12.356262635025647,819.521,-6.271039005393656
202306,59.0,5.0,14.0,10.439512977323862,9.706803344906337,286.406,-6.2918148135823255
202405,278.0,6.0,26.0,13.16232804452445,12.497218711423116,780.69,-6.227889159480919
202408,105.0,14.0,59.0,13.895656337248827,13.80178478910572,5018.941,6.266714370014755
202210,181.0,24.0,63.0,13.087285271791465,12.580442605154396,2450.156,16.15646322381906
202409,176.0,26.0,49.0,12.857128797519998,12.27421715726173,1167.154,-1.2899339226528204
202301,33.0,3.0,9.0,12.030343312205465,11.778952245001145,164.178,-6.2918148135823255
202306,434.0,232.0,46.0,11.199569965753739,11.141832797652063,537.816,4.045223918935175
202307,34.0,10.0,7.0,9.117786390365575,8.071843149609158,54.815,-6.2918148135823255
202301,217.0,55.0,53.0,14.133438332610131,13.858347800507483,2054.19,5.6986736690454265
202306,129.0,4.0,14.0,12.03736992989421,11.995950200458124,557.849,-6.276933343152721
202312,47.0,11.0,16.0,13.223292287989814,12.51896914562268,836.846,-6.178624248453057
202312,14.0,3.0,1.0,12.618119380470558,12.18115475756721,10149.717,-6.276933343152721
202406,610.0,192.0,79.0,10.747121566370009,0.6931471805599453,842.665,5.61243555092158
202210,241.0,21.0,48.0,12.873863555827704,12.234076841939771,1012.438,-6.2918148135823255
202210,28.0,12.0,5.0,11.77845394878057,11.75262717027844,840.112,-2.1438873155294784
202210,5.0,1.0,0.0,13.913363864914102,13.913364771695605,3188.111,-6.100037851278107
202310,95.0,14.0,57.0,12.839199084401372,12.839201739044276,568.951,-6.271039005393656
202301,7.0,0.0,0.0,14.381026051220163,13.944604494627955,1418.041,-5.319485397273138
202309,470.0,33.0,24.0,10.738741749720903,10.7211285344439,152.981,-6.271039005393656
202309,97.0,10.0,13.0,12.732232102861348,12.1803701481778,1899.429,-5.289722456413929
202303,187.0,34.0,98.0,13.99960055015419,13.910169616744396,3529.928,-5.623970452537256
202404,81.0,7.0,18.0,12.730061255822445,12.730064216587863,668.568,-6.00779446309766
202210,151.0,24.0,43.0,13.08286342526747,12.371519285099284,1294.78,25.353318183128998
202409,17.0,3.0,0.0,9.019542996701185,7.066466970136958,55.951,-6.2918148135823255
202408,74.0,5.0,16.0,14.095951980060528,12.196582758656405,4181.95,0.003126885227985987
202210,340.0,116.0,53.0,11.465026403650693,11.29933612646083,610.201,0.910225478562376
202310,250.0,61.0,97.0,12.650229480749324,12.113052341956951,1407.452,13.08523394510152
202405,12.0,0.0,0.0,13.588048947235867,0.6931471805599453,3510.452,-6.2918148135823255
202408,78.0,11.0,21.0,11.537159435815186,11.346174061767135,542.481,-5.2860523582419505
202405,6.0,1.0,0.0,12.560181299361506,12.514835939293027,2538.795,-6.163963505379513
202408,181.0,28.0,39.0,10.741557249815683,10.734133246281708,317.19,-3.3242878156068856
202407,343.0,168.0,50.0,9.765833387237333,9.59859149934966,558.897,-0.4441403072644565
202211,479.0,172.0,106.0,12.474556607928402,11.671995453703548,964.788,7.411127266748876
202403,163.0,46.0,71.0,13.091636092753033,12.596545935819101,757.255,-5.2050209941238545
202311,18.0,3.0,0.0,12.920995994867642,12.422453380464994,1719.591,-6.0682030417823185
202407,57.0,4.0,5.0,9.200693994924377,9.114710140960932,70.619,-6.2918148135823255
202208,310.0,177.0,74.0,13.556584376510292,13.346053979059212,2715.827,-1.5450280345351386
202310,63.0,10.0,32.0,13.733599606209056,13.579450192633345,3384.462,-6.097097427317138
202310,177.0,68.0,34.0,13.291229818756506,13.230356424907521,1564.685,-2.2077797620803885
202309,109.0,14.0,19.0,10.645496323286036,10.099670922267554,364.141,-0.43706250753853215
202310,163.0,5.0,5.0,8.149890544402423,7.724446645633537,119.835,-6.2620518727231165
202301,501.0,171.0,262.0,15.342426491871205,14.962779986081404,8559.452,-4.777110945824491
202301,367.0,213.0,52.0,14.036529453795682,13.355683768570072,1127.014,-2.73774490463188
202207,560.0,126.0,94.0,11.150318676663964,11.005859431745387,778.204,4.035537791102275
202406,4.0,0.0,0.0,13.525293274579292,11.423525783705614,5452.764,-6.275982941585651
202210,28.0,0.0,0.0,14.844523362621825,14.343294178663895,10617.14,-6.100037851278107
202210,159.0,8.0,38.0,12.741840606800235,12.643226971017295,1459.135,-0.3631993191995164
202301,77.0,11.0,42.0,14.11010071456357,13.639633391409486,1714.119,-5.155260626078169
202404,70.0,26.0,18.0,13.180396408654937,11.0876351293105,436.348,-6.256157534964052
202210,404.0,35.0,167.0,13.770368830149428,13.715852640430812,3043.537,-6.165341007558852
202407,104.0,28.0,34.0,13.993316099561182,13.552928169709519,4873.45,-4.971539392687067
202406,113.0,14.0,43.0,11.351770310990087,11.34508652693567,419.458,-6.2918148135823255
202211,295.0,29.0,112.0,13.637122853417395,13.488656517837798,2282.285,14.357324774990603
202303,232.0,122.0,16.0,11.07601612832089,11.075489698432289,255.285,-0.36047962259460764
202301,25.0,4.0,11.0,12.86777817740517,12.605419072630161,2799.941,-6.097097427317138
202408,38.0,3.0,19.0,11.254180642413045,11.099695286586813,663.615,-6.094955753876456
202404,93.0,11.0,27.0,12.223416369847799,11.708377110307108,673.077,-5.319485397273138
202308,356.0,21.0,31.0,9.39897529082673,9.09549053029724,134.824,-5.242276502277527
202303,2.0,0.0,0.0,13.52562071685047,12.383406785813081,1097.738,-6.163963505379513
202212,912.0,307.0,119.0,13.569091982556165,13.471552975915507,2299.329,16.058980325051195
202301,41.0,5.0,17.0,13.974118148137636,13.755552463968812,2127.49,0.5479241396131735
202307,229.0,22.0,29.0,13.96683925975437,13.941634709589726,2761.257,5.724084186713993
202403,325.0,36.0,94.0,13.867050271988012,13.018677015124913,1396.816,1.7233822769379934
202311,105.0,21.0,14.0,11.105588606229269,11.105603634218898,135.102,-6.2918148135823255
202208,13.0,3.0,6.0,12.133216965853887,12.133222343715918,1485.832,-6.163963505379513
202309,112.0,11.0,17.0,11.286049958566341,10.921865448493632,249.47,-6.232523868960818
202301,127.0,17.0,49.0,13.827019080147142,12.875180687439137,656.333,10.273978698504814
202409,205.0,18.0,28.0,11.535352097531785,9.023769800892813,446.05,-6.204668384349104
202407,95.0,11.0,34.0,12.242452789622924,11.558357616368063,761.876,-6.276933343152721
202310,240.0,21.0,51.0,12.846522915515145,11.968240492968631,967.862,-6.2918148135823255
202210,62.0,22.0,22.0,13.412579237104296,13.247774136757688,2252.169,-3.023940136107723
202303,113.0,7.0,16.0,13.170036727693045,13.170038634581585,1065.0,-6.227889159480919
202407,27.0,17.0,5.0,8.442900586834382,8.363575702750637,102.724,-5.787699766714401
202406,16.0,4.0,2.0,11.793990694319703,10.93483761414507,810.973,-1.4152862616067843
202207,4.0,0.0,0.0,15.893627597878782,15.785470883326797,23475.563,-5.239727871175058
202309,218.0,94.0,17.0,10.640795148881727,10.63998153759944,211.226,8.263440376412305
202404,236.0,29.0,55.0,12.47053470807981,11.869648407756998,525.643,-1.1951915652235252
202212,98.0,7.0,66.0,12.68445668583081,12.633335122140918,696.887,-6.271039005393656
202306,74.0,20.0,41.0,12.538687451824082,12.456901400335253,938.931,-1.8933000040760009
202306,162.0,41.0,41.0,11.904372781310189,11.805990523122746,1027.918,-6.2620518727231165
202310,100.0,22.0,21.0,11.50168249902418,11.161394411371303,414.368,-6.227889159480919
202208,60.0,4.0,27.0,13.977151402057874,13.873409586370425,3676.568,2.506339520905401
202303,180.0,57.0,38.0,13.090556870967278,11.75387749973403,1355.566,-4.19852886457247
202401,148.0,23.0,40.0,14.595321096628968,13.584160928702952,1636.49,23.408659350510625
202312,67.0,3.0,14.0,12.76888902040422,11.611602697158974,864.162,-4.3313241089672765
202401,52.0,13.0,14.0,11.355124798706184,11.238106967501329,271.858,-6.258381774551138
202207,181.0,31.0,90.0,11.73136195543502,11.73136999314797,949.532,-3.0338369711504742
202407,310.0,178.0,76.0,13.504266400301823,13.495613786163176,2817.98,-1.5450280345351386
202409,140.0,25.0,35.0,12.71994063659983,11.253001221229495,2129.949,-4.347155980963951
202207,63.0,13.0,15.0,11.123579738741947,11.12359449878062,579.826,-6.2918148135823255
202410,83.0,6.0,15.0,7.086737934510577,7.087573705557973,44.378,-6.276933343152721
202301,82.0,11.0,32.0,13.21656749119765,12.803220909160823,684.113,-5.319485397273138
202208,134.0,22.0,41.0,11.632857301410803,11.20445547998815,859.793,-6.19622541548757
202212,41.0,2.0,6.0,14.267986470341793,11.874856571054664,4274.936,-5.319485397273138
202306,191.0,49.0,50.0,12.797023742775286,12.530403617239767,1064.313,17.815260599823134
202211,139.0,53.0,62.0,14.430346406155074,14.31569233645155,3442.538,-6.149082034949909
202308,98.0,39.0,5.0,11.975060719587098,11.939982448388434,491.97,-2.1967207607732693
202409,2.0,0.0,0.0,12.682691843564903,0.6931471805599453,1281.295,-6.2918148135823255
202207,29.0,8.0,10.0,10.626120717152457,10.626144990470014,122.494,-6.2918148135823255
202409,241.0,56.0,43.0,10.455733391852487,10.361450229602047,666.537,3.163601974430774
202410,141.0,24.0,38.0,10.486317508785204,10.483074020872907,222.02,-5.265276550053281
202407,132.0,34.0,55.0,13.789625409585675,13.701735853205381,5502.014,5.881125920584308
202210,155.0,38.0,40.0,13.353271903121785,12.998623887242275,1290.645,-4.347155980963951
202309,185.0,16.0,8.0,10.426172574814567,9.373733918884618,108.255,-6.250263197204988
202402,22.0,6.0,7.0,12.628506303368411,11.953468099691088,1296.289,-6.2918148135823255
202303,114.0,7.0,5.0,12.639661870252526,12.63479844721289,1160.442,-6.2918148135823255
202303,897.0,359.0,147.0,11.511774803212832,11.24759179618221,1757.448,56.24591504310905
202211,374.0,64.0,90.0,14.074021253115776,12.739640688812674,1596.831,-3.1128033205812407
202211,399.0,129.0,53.0,11.068636365004481,11.042041448297185,647.549,-3.026880560068692
202406,41.0,2.0,6.0,13.631156136299968,11.278506079711642,3979.384,-5.319485397273138
202409,187.0,40.0,47.0,12.312484608223778,12.305026180249298,722.966,-6.189291456901676
202303,410.0,125.0,189.0,15.074812954855508,13.860692314893944,6084.583,10.187557618035198
202307,257.0,51.0,95.0,13.4119940501009,13.285393376283897,2541.546,-5.1969984727612335
202303,32.0,12.0,9.0,9.405907155520158,8.453614209773367,91.794,-6.0717201171990665
202207,264.0,20.0,57.0,11.354105567961366,11.354117289160913,1021.967,-6.250263197204988
202303,33.0,16.0,14.0,13.634274012332762,13.52791648164072,1522.663,-6.227889159480919
202306,2.0,0.0,0.0,12.861266109957025,12.737288958943898,0.0,-6.227889159480919
202401,109.0,12.0,34.0,13.679970291760847,12.906778685792931,1556.054,10.132691126652565
202312,2.0,0.0,0.0,13.689317885226306,13.689319019726396,696.626,-6.163963505379513
202406,45.0,1.0,9.0,12.276326055537849,12.276330716314847,541.855,-1.3551830766278634
202211,127.0,26.0,26.0,11.083495479408231,10.893679092249817,274.107,-6.201948687744196
202311,83.0,14.0,33.0,13.743622427829434,13.58383571847941,2712.393,2.9364608091749673
202309,36.0,14.0,17.0,11.198050323056426,11.191314254255364,301.292,-6.250263197204988
202407,204.0,70.0,41.0,12.576062550629532,12.527184658466558,1251.874,-6.235381726775383
202307,43.0,21.0,6.0,12.856648907259602,12.038564821579268,3180.443,-6.179574650020127
202409,4.0,0.0,0.0,11.714158729433489,5.313205979041787,227.858,-6.2620518727231165
202308,171.0,14.0,5.0,10.424421910450407,9.133243321591216,116.022,-6.2918148135823255
202409,67.0,4.0,4.0,8.487558386286548,8.487764380725425,63.225,-6.20711335129225
202210,55.0,16.0,2.0,10.061516416761037,10.061559107106623,186.879,2.492582972231549
202409,26.0,0.0,2.0,7.952966790923131,3.2188758248682006,15.258,-6.2918148135823255
202208,646.0,59.0,222.0,13.794242998178268,13.099049713626881,3419.3,32.537189771194676
202301,51.0,20.0,9.0,12.454135125286806,11.651721723831812,594.734,-4.216364248800169
202301,102.0,10.0,19.0,14.040224076235166,12.821569047139544,1108.461,-6.1429669698347835
202410,138.0,8.0,19.0,10.087848694627853,9.86568183780023,122.703,-6.222724495932864
202303,82.0,18.0,21.0,11.51855956358732,11.063962911512936,213.44,-5.222126704140544
202401,33.0,8.0,6.0,10.430963782371098,10.430993286553317,163.064,-4.134603210471063
202403,89.0,15.0,10.0,13.114669858035311,12.557056928327183,727.131,-6.1915156964887625
202208,526.0,161.0,190.0,12.713703170399624,12.712429298304189,2366.907,-4.117779786743631
202211,43.0,9.0,19.0,12.13162923250707,12.065741040928295,2185.402,-3.2950690385566825
202410,35.0,3.0,27.0,10.77887295308428,10.778893787936822,106.353,-6.2918148135823255
202312,529.0,187.0,98.0,13.12382630680111,12.868678140977421,1273.634,13.453410942262527
202403,120.0,27.0,46.0,12.179641397388572,12.17964653129365,486.511,-6.276933343152721
202401,63.0,17.0,20.0,12.53233580354019,12.53233941161,796.644,-5.2777956196861435
202303,15.0,9.0,0.0,13.650484959984713,0.6931471805599453,2058.956,-6.227889159480919
202303,252.0,61.0,97.0,12.987045246656352,12.330897495975604,1279.276,13.08523394510152
202303,193.0,48.0,30.0,11.054455071538166,10.954746144820767,202.624,-2.2694811765947094
202210,563.0,247.0,212.0,13.99039536388108,13.92774042550638,2888.33,-0.0641371561697408
202301,40.0,10.0,10.0,13.385845478398165,13.215236043429664,1589.267,-5.260056291441973
202403,91.0,17.0,10.0,11.881768081621892,11.88177499694036,119.01,-6.2918148135823255
202306,152.0,34.0,30.0,11.50850571223663,11.508515756481529,449.678,4.951992948269529
202310,229.0,112.0,39.0,13.015986790165005,12.893458260099406,1101.28,4.736143625764191
202402,133.0,22.0,42.0,13.451026631705389,12.702462574219833,916.914,-6.19622541548757
202212,48.0,10.0,8.0,14.909225876019677,12.114319133278565,2181.71,-5.304603926843534
202402,409.0,126.0,189.0,15.607265860516982,14.151536266335157,7296.411,10.187557618035198
202312,280.0,7.0,5.0,10.523875850511647,10.523902736929974,101.95,-6.2768612343119
202210,689.0,189.0,123.0,12.863830962016944,12.526208597285466,2299.721,63.689784062262795
202207,54.0,23.0,12.0,12.905435468897348,12.433929073772887,1373.904,-5.255339015815672
202306,161.0,61.0,32.0,10.642372624769926,10.532549442567325,284.356,-4.013870719451424
202312,264.0,36.0,56.0,12.705892932119484,12.295337315281143,443.068,3.055355345493501
202406,32.0,12.0,9.0,8.027476530860483,8.027802848370312,88.82,-6.0717201171990665
202210,109.0,36.0,23.0,10.983052928284003,10.983069915297433,241.705,-6.20711335129225
202404,68.0,22.0,18.0,12.37159555854811,12.280279898469681,709.494,10.69797143182213
202211,277.0,57.0,33.0,12.942231421683367,12.881791328316826,444.008,-5.205668822092183
202312,133.0,14.0,46.0,13.491944280021862,12.742796983521748,1427.417,5.476437299221486
202309,115.0,8.0,43.0,11.250859156109557,11.249051060815567,428.111,1.4587955402164274
202210,174.0,34.0,45.0,11.333116748347251,10.371269966709153,504.38,-6.258381774551138
202211,154.0,4.0,8.0,10.209942310311192,10.209979112224897,69.746,-6.2918148135823255
202303,133.0,36.0,26.0,12.269666971055328,11.190955559349124,334.237,2.899339325966878
202407,68.0,6.0,30.0,12.756050710888227,12.481846596907582,1943.192,-6.271039005393656
202310,30.0,14.0,10.0,10.961954700899811,10.950227431793527,264.215,-2.182402451962317
202405,106.0,22.0,29.0,11.52934984338437,11.047614806490646,395.12,-4.80048887997561
202303,34.0,11.0,10.0,12.942015870890383,12.887514080397473,1032.347,0.8370265874994898
202403,17.0,3.0,3.0,12.794781107668868,11.511484427173825,895.483,-6.143187697190844
202402,18.0,7.0,5.0,11.999146872238798,11.442610291055203,825.649,-6.163963505379513
202301,220.0,6.0,11.0,15.518453749621893,11.811569732405578,2244.147,-4.211282151398518
202410,63.0,15.0,12.0,13.17571265680548,12.606250467208278,689.973,-6.237605966362469
202307,27.0,10.0,3.0,12.588678459492256,12.110777965605726,1736.126,-6.258381774551138
202308,55.0,8.0,26.0,11.4285868765332,10.453831921962378,409.454,-6.2918148135823255
202301,913.0,307.0,119.0,14.039055628658788,13.940352178647299,3183.991,16.058980325051195
202402,70.0,26.0,18.0,13.684182450608866,11.44345748063504,531.961,-6.256157534964052
202410,188.0,19.0,31.0,10.882001627590414,10.80829257546719,178.896,-6.152904504072394
202303,71.0,14.0,11.0,10.238422894453764,10.196231790580173,167.302,-6.2918148135823255
202207,109.0,36.0,23.0,11.039668549523,11.039684601531508,325.354,-6.20711335129225
202303,506.0,109.0,182.0,13.278616417152017,13.106553050262109,3449.676,32.26664266252966
202401,384.0,109.0,85.0,10.050872539449186,10.05091568660256,2162.557,16.509874459264232
202207,16.0,0.0,1.0,11.619589131158447,0.6931471805599453,1732.212,-6.227889159480919
202210,124.0,26.0,27.0,11.049587570271592,10.593028237501962,244.455,1.0334876178795147
202408,410.0,127.0,191.0,14.589947360784238,13.756306052305387,12511.072,10.187557618035198
202406,131.0,19.0,45.0,14.484524357034983,14.015724421822028,5574.795,9.46017323362986
202301,77.0,58.0,8.0,12.350328821517335,12.350333149837752,332.576,-3.3748265646547635
202404,131.0,37.0,12.0,10.404232536959167,10.404262840448617,133.525,-5.255559743171732
202210,144.0,37.0,52.0,12.65164589342492,12.594001556048921,850.402,-4.2505269620423665
202306,216.0,41.0,73.0,11.597183889394207,11.522717367432698,675.95,-6.2425499025544635
202403,44.0,11.0,21.0,12.708528338951966,12.708531364162559,2853.176,-4.999857126766107
202301,146.0,22.0,61.0,13.467563132484631,12.060937040858938,1054.952,0.04627673114072284
202212,173.0,4.0,3.0,12.877135247121561,12.790484176626329,1450.466,-6.115648995918721
202406,627.0,193.0,224.0,13.719323393721487,13.713908525905353,1299.299,26.38113924733682
202207,2.0,0.0,0.0,12.695173996822005,12.563204984847689,0.0,-6.227889159480919
202401,205.0,16.0,13.0,11.03886562039456,10.358948446965533,295.441,-6.265956907992005
202311,5.0,0.0,0.0,11.552367307518757,0.6931471805599453,764.178,-6.2918148135823255
202301,27.0,10.0,3.0,12.847508023087421,12.316016143263965,1535.038,-6.258381774551138
202311,118.0,19.0,58.0,12.027812828690891,12.027818804352023,612.819,-6.2867327161806745
202301,61.0,22.0,21.0,13.700485714994812,12.569513647983038,1104.283,-1.4143358600397145
202402,85.0,4.0,22.0,12.770164116920757,12.15552644042297,934.629,-5.595873445814275
202310,293.0,91.0,32.0,12.216641596879407,12.135532148516967,483.16,-0.755002172457008
202210,182.0,43.0,54.0,13.15317382319764,12.881569979896973,1016.023,20.104104962802445
202410,106.0,0.0,0.0,12.251117710323301,0.6931471805599453,241.602,-6.2918148135823255
202207,180.0,21.0,61.0,13.74587962581705,13.045262006422428,2572.975,-3.256692063333501
202210,115.0,28.0,57.0,13.766731993727563,13.654519871872148,1895.926,-5.95730507264569
202402,481.0,104.0,37.0,13.787417620817333,13.591632987323779,1279.215,-6.2127869616952545
202207,69.0,6.0,16.0,14.134061011677755,12.103912558588018,3572.588,0.9754563015371733
202409,59.0,26.0,15.0,9.605822482030945,9.552439604462528,261.453,-5.219186280179575
202403,34.0,7.0,12.0,10.776745514592863,10.776766393816992,66.042,-5.319485397273138
202310,197.0,59.0,38.0,12.609692719275419,12.44999090054078,877.643,26.201830624361108
202403,105.0,14.0,59.0,14.189695503139301,14.024007367531645,3483.735,6.266714370014755
202210,215.0,46.0,86.0,14.462849374367238,13.07517952242923,4543.087,-5.2070245063548795
202403,203.0,50.0,50.0,12.753549337584344,11.639584547272344,465.118,-2.620853880544372
202401,36.0,24.0,8.0,11.140498535938862,11.140513048357864,711.904,-6.2918148135823255
202407,225.0,86.0,75.0,13.237105349265532,12.940169812419073,2194.949,10.257255902989138
202210,191.0,52.0,101.0,11.253519819470103,11.22277367861752,723.662,-6.271039005393656
202401,55.0,15.0,19.0,12.262268651960198,12.209641270407198,805.583,-6.160479637513261
202303,87.0,8.0,41.0,11.617996938859507,11.562496276735974,240.519,-6.186337543103582
202409,126.0,6.0,6.0,11.968329283764888,9.158204617555654,333.329,-6.2294873890163185
202407,321.0,16.0,13.0,14.155204741393048,14.03948736202697,4711.213,-4.091453364558326
202403,59.0,12.0,17.0,13.122639339323335,12.890766698868026,306.85,3.431479349509548
202308,84.0,7.0,37.0,10.079287892339817,10.079329830732325,170.745,-6.2918148135823255
202404,136.0,60.0,34.0,11.384989815502859,11.385001180236953,372.902,-1.8983821014776519
202207,155.0,38.0,40.0,13.335010432744351,12.911983028790475,1608.512,-4.347155980963951
202409,167.0,4.0,59.0,12.560861812508694,12.199209145508771,1192.029,-6.17799823840137
202212,593.0,157.0,101.0,13.630714742715858,13.563032166827066,871.601,3.488295569773941
202208,332.0,100.0,68.0,11.424804381575049,11.417559283597845,814.618,-1.0324952187598528
202307,154.0,61.0,19.0,10.728211090884793,10.72823300845282,474.346,6.4282251245351905
202402,29.0,9.0,15.0,13.210451174845536,12.902721189158001,1098.497,-6.258381774551138
202303,100.0,9.0,10.0,11.156550476040493,11.01284193773614,121.137,-6.271039005393656
202208,35.0,10.0,12.0,12.752333943603722,12.243854824489109,1965.308,-5.160920746644047
202301,103.0,15.0,16.0,11.638156252695099,11.58703057997701,152.437,-5.271170887812346
202410,17.0,0.0,0.0,9.251482315307358,0.6931471805599453,0.231,-6.2918148135823255
202406,102.0,13.0,32.0,12.919649707601627,12.866236817941378,1124.2,20.62136351591551
202303,5.0,0.0,0.0,11.631810115847912,0.6931471805599453,742.456,-6.2918148135823255
202409,397.0,61.0,52.0,13.588850832147495,12.382317442830498,2266.257,16.128194848335923
202208,112.0,15.0,41.0,11.086777942666862,11.085153396339523,484.202,-6.2918148135823255
202303,404.0,76.0,48.0,12.911061930766706,12.259466482233208,422.265,-4.223856816094633
202303,13.0,5.0,0.0,12.165448548093666,11.38856333445342,555.398,-6.258381774551138
202309,127.0,15.0,32.0,13.115556261471351,12.055267197503948,844.118,-3.320545608594086
202312,88.0,32.0,19.0,10.666463921439238,10.666487234994907,412.001,1.8350592788815394
202211,233.0,12.0,31.0,9.885119895177944,9.885170820750231,277.726,-4.715787417685535
202301,43.0,23.0,17.0,8.70930004894499,8.70946507906336,647.875,-6.2918148135823255
202307,290.0,107.0,127.0,13.863072348944561,13.478671854202181,5379.548,-5.919746990893277
202308,4.0,0.0,3.0,10.426883833475971,8.855378246041125,127.557,-6.2918148135823255
202310,547.0,29.0,61.0,12.27886296424548,12.173952265247182,693.442,-6.224493790970703
202403,16.0,0.0,1.0,11.52663111202634,0.6931471805599453,1480.588,-6.227889159480919
202308,108.0,14.0,34.0,11.407498280423415,10.882508922311338,359.944,-6.276933343152721
202407,5.0,0.0,0.0,11.547394522250805,0.6931471805599453,1113.011,-6.2918148135823255
202406,175.0,4.0,11.0,11.983978543351535,11.354468861277834,258.949,-6.2918148135823255
202210,301.0,121.0,44.0,7.581209826196346,7.581719640125308,540.015,13.147524344115345
202210,34.0,15.0,9.0,9.23883064237581,9.238927828828094,65.833,-6.194456120449732
202210,241.0,21.0,48.0,12.873863555827704,12.234076841939771,1012.438,-6.2918148135823255
202311,524.0,119.0,141.0,14.468662485492354,13.942781771492966,3563.548,53.20894635629451
202407,72.0,11.0,42.0,12.71228765673848,12.706705499056943,2033.094,2.07103552411977
202310,259.0,52.0,97.0,13.252886248964396,13.11559452029228,1748.312,-5.1969984727612335
202405,58.0,7.0,3.0,10.467664351799113,10.467692792805359,23.947,-6.275982941585651
202405,214.0,71.0,22.0,10.796386824952913,10.708176107828981,471.589,-3.1131802518941663
202309,1493.0,44.0,11.0,10.505012743548761,10.418942444685781,127.682,-6.184842977727505
202208,233.0,47.0,72.0,12.102482783561687,12.09663159357436,1040.334,-6.101636080813506
202212,177.0,10.0,7.0,10.311848463756318,10.311881700150172,74.084,-6.2918148135823255
202210,5.0,1.0,0.0,13.913363864914102,13.913364771695605,3188.111,-6.100037851278107
202306,290.0,108.0,126.0,13.92178945178375,13.590828323484038,4683.048,-5.919746990893277
202307,76.0,41.0,19.0,14.09451559357989,13.886744117234342,6273.531,-5.183611567707706
202212,24.0,9.0,12.0,12.095470639452348,11.924452164456989,771.545,-6.2918148135823255
202307,7.0,1.0,0.0,13.145327668038087,9.576995349297256,1836.129,-6.227889159480919
202402,110.0,3.0,21.0,11.798149518968295,11.798157037397845,271.56,-6.2918148135823255
202311,63.0,19.0,30.0,11.937362790320085,11.893448762774183,1330.997,-6.258381774551138
202303,27.0,10.0,3.0,12.824272655754237,12.28221390629373,1203.322,-6.258381774551138
202307,11.0,1.0,0.0,5.318119993844216,5.3230099791384085,0.379,-6.2918148135823255
202301,346.0,119.0,81.0,13.235238388388126,12.679953125070895,1078.554,-2.679289547254068
202402,68.0,11.0,27.0,12.263482694374046,12.263487415396996,501.614,6.026219188993528
202210,581.0,120.0,170.0,13.36579414446512,12.742542623958284,2130.733,6.864439025423993
202402,430.0,7.0,31.0,10.701107354692605,10.546577516554702,219.838,-6.271039005393656
202303,49.0,7.0,26.0,13.086790084319741,12.168993637288754,714.926,-5.191561980229505
202404,95.0,18.0,14.0,11.254284261302862,11.254297212909185,454.963,-6.2918148135823255
202408,28.0,8.0,10.0,12.451889210441323,12.42340333485007,1892.977,-3.3109009105533573
202301,45.0,17.0,16.0,11.710431157089223,11.52848380388608,532.428,-4.347155980963951
202212,206.0,23.0,59.0,13.185619827039343,12.728209060442031,1928.177,2.005817034188702
202301,37.0,7.0,7.0,10.930192011064651,10.892582549964887,82.307,-6.2918148135823255
202210,119.0,30.0,29.0,12.058604587166778,11.560123886799229,468.357,-3.3540507564660946
202404,84.0,17.0,39.0,12.729901361470816,12.694707873548495,304.405,-6.2918148135823255
202307,257.0,37.0,15.0,12.962307294960375,12.308132720721321,2369.599,-6.256157534964052
202303,254.0,79.0,68.0,11.88756016268579,11.880813308723027,573.159,6.942692169951551
202408,207.0,51.0,66.0,13.012256057922487,12.449583370636551,2957.334,3.751156978612485
202211,53.0,8.0,16.0,11.914871053495682,10.769579128077432,178.287,-6.237605966362469
202311,182.0,121.0,20.0,11.507762158013348,11.203052315144923,876.293,-5.908260888973889
202403,200.0,62.0,73.0,13.651294895711608,13.39932064417472,2280.026,8.630543388402591
202301,116.0,13.0,14.0,13.384587632070906,13.276362617193694,1767.608,-6.171456072673977
202208,66.0,3.0,16.0,13.672249701522235,13.038520792667041,2466.539,13.636451673312243
202207,75.0,22.0,33.0,12.335217556595927,12.31428110195213,800.662,-6.276933343152721
202407,57.0,7.0,37.0,13.631332879642041,13.541480208579058,2694.383,-2.113361492908764
202307,85.0,24.0,20.0,12.711241298767511,12.6929610463272,1507.784,-5.943868808996254
202303,26.0,5.0,9.0,12.860057911208186,12.524399095821575,729.237,-4.313722941932763
202210,114.0,2.0,4.0,12.555394118853561,10.098684201799387,704.17,-6.20711335129225
202212,29.0,14.0,10.0,11.685112507283586,11.685120925465174,242.02,-2.182402451962317
202403,54.0,22.0,10.0,11.717383524759665,11.717391675615708,287.426,-6.237605966362469
202210,502.0,229.0,79.0,12.979494814476709,12.96349424985705,1466.347,25.05942642956815
202303,215.0,63.0,55.0,11.468795923207967,11.468806374330677,663.943,4.163077995895872
202308,32.0,3.0,6.0,9.222170123729759,9.222268942841456,256.957,-6.2168301581738
202403,198.0,59.0,38.0,14.055452227554365,13.71511104946877,1007.656,26.201830624361108
202303,356.0,49.0,37.0,14.215969824393952,14.113804623510594,2319.572,-6.057721343735703
202310,14.0,5.0,3.0,11.90684416917802,11.568643953726573,678.968,-6.163963505379513
202409,29.0,4.0,9.0,13.54134998988381,12.989085666885494,1636.238,0.5813571786443612
202404,52.0,12.0,17.0,14.523357663266816,12.626436218300304,2776.239,-5.298709589084469
202311,748.0,466.0,134.0,12.622813937832653,12.622817233784401,1613.876,15.39030596484107
202303,149.0,27.0,72.0,13.92261275601239,13.413510938109154,2693.94,-2.3049177278569215
202212,34.0,11.0,10.0,13.365491500246176,13.32711156675984,1189.534,0.8370265874994898
202403,24.0,9.0,12.0,12.12145657930999,11.966126213178741,749.563,-6.2918148135823255
202301,35.0,7.0,11.0,13.779087208538186,13.338300222682344,3147.137,0.5144911005819859
202405,106.0,20.0,45.0,11.34359515530778,11.297973272682308,322.903,-6.250263197204988
202405,27.0,0.0,0.0,13.93343136190795,0.6931471805599453,11223.715,-6.2918148135823255
202303,216.0,41.0,73.0,12.004965743832804,11.903249862143834,669.635,-6.2425499025544635
202210,187.0,28.0,51.0,13.686647110653881,13.348904350938335,1428.655,15.642062528520556
202306,545.0,28.0,60.0,12.41296079071362,12.201522308431356,744.037,-6.224493790970703
202212,102.0,10.0,19.0,13.602202231868931,12.610820830043354,785.378,-6.1429669698347835
202303,54.0,14.0,19.0,12.070132640239942,12.07013836828934,322.256,-6.227668432124859
202303,28.0,0.0,0.0,15.13169812384302,14.599814304003552,10438.845,-6.100037851278107
202210,185.0,13.0,46.0,14.495379977911645,12.58734751483712,4770.401,-6.240325662967377
202308,175.0,30.0,60.0,12.873083734685302,11.187596906286172,1325.028,-6.260874810590354
202211,54.0,22.0,12.0,12.896212809544108,12.6578072833588,969.05,-5.035244319432413
202306,301.0,99.0,76.0,13.274296170967716,13.21127677773353,1665.507,-3.2603621615054794
202211,62.0,15.0,23.0,11.591671948292463,11.591681190991887,276.141,-6.22494873551995
202303,126.0,18.0,24.0,12.006731066401453,11.944428621627166,313.535,-1.3298686149428258
202312,180.0,14.0,46.0,12.807860830068106,12.486858493594111,1151.942,-5.972137184479387
202312,29.0,11.0,2.0,13.14306364092023,12.932799659353314,2331.819,-5.031079416047335
202301,347.0,77.0,90.0,14.211955102851356,12.904637623286611,1442.513,3.6664555163224097
202308,10.0,1.0,1.0,6.74993119378857,6.75110146893676,8.769,-6.2918148135823255
202303,627.0,201.0,168.0,13.758922216896078,13.052447222679698,2141.556,19.588359972875104
202207,20.0,9.0,4.0,13.484823554563704,11.858010504689664,995.832,-6.2918148135823255
202208,11.0,1.0,2.0,13.381986966573006,13.045190713877762,4451.631,-6.258381774551138
202210,159.0,23.0,29.0,11.69761920590924,11.645811649492762,384.498,-6.1833971191426125
202307,193.0,48.0,30.0,10.218480757480217,10.168578864458095,270.16,-2.2694811765947094
202207,82.0,11.0,32.0,12.262476608176712,12.096776618117229,658.194,-5.319485397273138
202301,97.0,12.0,34.0,13.412841038554077,12.903572837971597,1046.637,-6.276933343152721
202403,114.0,62.0,20.0,13.793562450771189,12.986917009527405,1101.98,-1.2657087436482328
202310,133.0,36.0,26.0,10.909015515680611,10.74203293578543,345.502,2.899339325966878
202301,45.0,7.0,36.0,11.241261088211656,11.241274209590975,283.693,-6.2918148135823255
202303,40.0,10.0,10.0,12.789371477379516,12.540317403161035,1140.564,-5.260056291441973
202211,73.0,3.0,18.0,14.29511916140473,12.653172218015555,3619.708,-3.2135422174207635
202301,204.0,14.0,23.0,12.654204445657456,11.969875515766901,746.07,-6.2918148135823255
202401,123.0,26.0,28.0,12.534411898921197,12.257088901546139,284.552,0.061158201570327364
202208,327.0,77.0,56.0,12.499204839053734,12.494247096743635,973.519,-6.164693179590523
202301,61.0,8.0,23.0,14.01179583333117,13.628811031832408,1320.143,-5.2809702608402995
202404,581.0,98.0,87.0,13.302699631454965,13.077366011473593,836.011,14.038393289406473
202409,217.0,94.0,17.0,10.591119552407964,10.584663361314853,224.061,8.263440376412305
202307,59.0,12.0,17.0,11.865763055677705,11.73230995987648,369.07,3.431479349509548
202308,134.0,29.0,16.0,10.540249549648204,10.265940770051001,137.735,-5.304603926843534
202407,12.0,1.0,2.0,13.301891034893888,12.992252414150386,4172.202,-6.194456120449732
202307,27.0,2.0,3.0,15.248484524256698,10.575411096644446,19339.142,-6.2918148135823255
202210,193.0,22.0,64.0,12.9470786042733,12.662297405664129,1741.703,-6.088978849970988
202207,38.0,7.0,8.0,9.458917724547202,9.455323689894849,63.199,-6.2918148135823255
202410,425.0,26.0,20.0,10.105407467398711,10.105448324582431,64.027,-6.271039005393656
202408,51.0,7.0,26.0,13.551528084903211,13.27944062778619,1369.535,-5.191561980229505
202405,56.0,20.0,16.0,13.472625805037516,13.21070387072739,1562.958,-2.118476797860911
202403,210.0,28.0,48.0,13.281112610516558,13.232022839336947,2499.177,-6.076321619128469
202405,169.0,16.0,73.0,13.414812071443752,13.304928237930863,1886.988,-6.163963505379513
202210,315.0,97.0,88.0,11.562077468429832,11.561067800296243,482.574,17.382996047448003
202406,208.0,13.0,86.0,14.803170429096799,13.806588877868462,7217.677,1.1906070617284366
202406,343.0,168.0,50.0,10.18062674361135,10.052079956585954,494.897,-0.4441403072644565
202410,70.0,1.0,1.0,9.076466063419854,7.392647520721623,20.019,-6.2918148135823255
202207,138.0,61.0,30.0,8.718663567048953,8.718827059242566,461.097,-2.9776156490408296
202308,43.0,4.0,16.0,10.32636681689808,10.271146945908393,460.738,-6.2867327161806745
202407,34.0,3.0,10.0,11.455762345236854,11.046722603646513,328.588,-6.2918148135823255
202407,202.0,21.0,79.0,14.304734537172504,13.909997671870045,4400.615,15.263233689445178
202303,340.0,170.0,36.0,12.470891587118874,12.239937696539714,1251.564,-5.222126704140544
202210,184.0,27.0,52.0,12.668588939507352,12.135741378791742,727.072,-5.9579529006140195
202208,138.0,61.0,30.0,8.874168090363968,8.874308038583354,557.989,-2.9776156490408296
202301,141.0,30.0,64.0,13.050310829878917,12.742209227256993,537.688,-6.276933343152721
202405,201.0,40.0,56.0,13.275707446294147,12.894574051170224,948.209,-3.3748265646547635
202405,625.0,240.0,144.0,13.740475540852515,13.507022875397166,3080.592,26.25729181216753
202303,71.0,7.0,47.0,12.547308518000408,12.547312072450136,562.742,4.403808765818736
202403,85.0,9.0,18.0,12.773347598461653,12.661133942089254,440.41,-6.243500304121533
202301,35.0,0.0,8.0,14.768949086753855,12.79653350935066,1210.52,-0.3888305642241443
202408,132.0,34.0,55.0,13.974013182897675,13.89496847929899,6720.615,5.881125920584308
202406,116.0,44.0,19.0,13.117833131317797,12.200185349361286,1466.538,-3.244034832490982
202303,187.0,34.0,98.0,13.885131765340212,13.795526194155014,3541.816,-5.623970452537256
202301,261.0,91.0,79.0,13.39400295439539,13.048163401018348,996.626,-5.112826964539315
202210,106.0,14.0,33.0,12.643788721627718,12.604204262538115,1021.947,23.318257068459815
202410,56.0,9.0,4.0,8.73294952429643,8.733110697638708,25.562,-6.2918148135823255
202303,301.0,99.0,76.0,13.448648183637928,13.386731786078661,1371.35,-3.2603621615054794
202402,198.0,59.0,38.0,14.067259447408816,13.694527532798373,1186.468,26.201830624361108
202405,179.0,11.0,7.0,9.423352776090933,9.423433587436891,75.257,-6.2918148135823255
202311,71.0,6.0,16.0,13.495174431250312,12.28433839072524,2518.583,0.003126885227985987
202406,294.0,20.0,8.0,11.093052054001172,10.215850042381968,199.057,-6.2918148135823255
202311,23.0,6.0,7.0,13.902663924872858,9.773378867189107,2019.205,-6.2918148135823255
202403,181.0,42.0,55.0,13.829925166510286,13.32109127777075,1124.792,20.104104962802445
202406,171.0,25.0,81.0,13.679664488541116,12.721951480292706,2138.71,-6.2918148135823255
202303,67.0,25.0,21.0,15.058513480358325,12.581954451096664,4114.384,-4.3263801727752815
202303,108.0,12.0,23.0,11.429043730989495,11.402340213006235,439.62,9.329381501466077
202212,102.0,19.0,32.0,12.680158555916124,12.680161668180157,600.015,-1.7422130591957998
202207,187.0,0.0,6.0,9.753768704286186,9.641538201979953,86.196,-6.2918148135823255
202310,6.0,1.0,0.0,12.573209175747358,12.545191377092292,2472.867,-6.163963505379513
202307,96.0,22.0,45.0,13.390218692268796,12.144867230085767,1951.469,-4.3420738835623
202301,75.0,14.0,16.0,12.275981097745142,12.218929639032682,902.977,-6.036112197176701
202310,337.0,20.0,36.0,13.812260281534005,12.869002857304485,2888.636,-2.799396960550293
202303,209.0,28.0,47.0,13.31003559385355,13.24583332300251,2374.946,-6.076321619128469
202401,38.0,3.0,19.0,12.3589825559213,11.295664576814174,636.388,-6.094955753876456
202404,73.0,2.0,11.0,14.881963569418165,13.816713833737529,2739.72,2.526016011262737
202207,270.0,52.0,128.0,15.019463162086188,14.627347474115066,7888.821,-2.2429820961494142
202312,281.0,2.0,5.0,9.460476328353995,9.460554194813056,79.944,-6.2918148135823255
202303,25.0,4.0,11.0,12.46743255965282,12.0660114083708,1844.791,-6.097097427317138
202405,166.0,17.0,7.0,13.378482024699979,12.602517190417254,1781.594,-6.271039005393656
202211,87.0,9.0,23.0,13.130680692444367,12.069834736449204,732.865,-4.216364248800169
202309,340.0,188.0,76.0,10.486233757860406,10.411689738095404,860.645,-3.7298503689667584
202210,157.0,29.0,78.0,10.671742205582879,10.671765396408588,256.227,-4.021584014101947
202301,233.0,12.0,31.0,11.441891225594631,11.441901961716852,484.587,-4.715787417685535
202401,56.0,5.0,23.0,14.53823304548393,14.061757948241045,2587.53,3.8436437656013194
202402,484.0,229.0,80.0,13.535619390774018,13.5024901644973,2147.206,24.151022667360365
202303,60.0,15.0,18.0,11.18400464450185,10.718785991936208,264.629,-5.099390700889879
202405,54.0,8.0,5.0,12.427101963427178,12.030724716373353,825.867,-6.194456120449732
202211,166.0,14.0,8.0,13.425481203281352,12.640989754060266,1727.768,-6.20711335129225
202406,167.0,41.0,44.0,5.560681631015528,5.564520407322694,323.592,-4.2193046727611385
202309,200.0,26.0,9.0,8.52158353971753,8.521782643750045,128.099,-6.276933343152721
202406,87.0,14.0,32.0,13.768167346453753,13.05175420039908,2985.967,12.1806029901626
202410,82.0,11.0,13.0,12.348262073958155,9.9167985665958,942.149,-6.258381774551138
202303,61.0,8.0,17.0,12.356877735106336,12.343165812498828,249.155,15.21756684654106
202207,180.0,39.0,82.0,13.321781288459693,12.531155266023912,1996.151,22.94520111351622
202301,253.0,149.0,45.0,11.657423998054446,11.657432652578816,450.744,-2.9746752250798605
202405,505.0,171.0,266.0,14.659414666083347,14.36783353214638,5321.638,-4.777110945824491
202303,139.0,60.0,31.0,9.404508151053818,9.404590499635411,458.027,-2.9776156490408296
202309,17.0,5.0,3.0,9.743436164387901,9.743494841225237,32.817,-6.258381774551138
202307,375.0,124.0,144.0,12.830368016082101,12.162272261675245,1193.505,9.427032952002968
202211,758.0,249.0,132.0,13.832482712661403,13.55743129973048,2322.803,22.59851849060356
202303,556.0,209.0,92.0,14.59148487377114,14.487037189809765,1123.863,27.94024569250825
202312,165.0,40.0,26.0,12.514986470650644,10.300382709961225,1914.784,-3.2418931590503
202407,51.0,9.0,18.0,11.353859391029244,11.215785473743884,505.499,-6.161023081418544
202301,97.0,26.0,35.0,13.308313343552287,12.541933981303742,650.406,-4.265408432471971
202406,224.0,41.0,148.0,11.299014164969597,11.299026550020839,747.523,-6.250125035995331
202307,136.0,47.0,28.0,12.033325111170493,11.598047558387051,825.04,-2.3236900238145655
202303,72.0,22.0,39.0,12.2519490449977,12.193903905826673,461.892,-6.271039005393656
202402,67.0,7.0,20.0,15.16524388584446,13.852615573067514,2781.811,6.412393252538516
202409,63.0,15.0,12.0,13.191338915407723,12.853000479535462,881.075,-6.237605966362469
202402,1176.0,550.0,167.0,13.111668389362805,13.001611689657498,2390.725,17.863096643788055
202208,275.0,74.0,94.0,14.7154796129983,14.358335304935915,6049.403,19.831265623789143
202208,106.0,29.0,34.0,14.520842699443655,13.793734164071726,5594.466,-4.971539392687067
202307,59.0,7.0,32.0,12.953314941708186,12.919652157042114,2677.686,-1.2993759998726073
202407,281.0,2.0,5.0,9.556126244582746,9.556197008479035,79.485,-6.2918148135823255
202311,116.0,13.0,13.0,12.934915101414571,12.693231405445633,1219.913,-6.1380230336427894
202402,102.0,18.0,32.0,12.760443273059373,12.76044614522365,712.383,-1.7422130591957998
202403,191.0,12.0,13.0,12.440737570191494,12.054895041729203,1367.861,-6.227889159480919
202409,23.0,8.0,3.0,11.928829233524139,8.289539484624141,987.561,-5.298709589084469
202301,101.0,9.0,27.0,13.9412529448888,12.387043290253173,825.44,-6.220500256345779
202308,478.0,23.0,33.0,10.379535378766175,10.379566439972283,238.765,-5.257157972707131
202211,68.0,8.0,27.0,12.141059345036052,11.509740398025453,795.475,-6.2918148135823255
202311,99.0,31.0,43.0,11.652104628867342,11.306233343722834,762.261,3.5751625297090346
202407,16.0,7.0,8.0,10.535849160827809,10.53587572725051,310.684,-6.2918148135823255
202303,58.0,7.0,32.0,13.29053698900944,13.236984084834024,2438.9,-1.332809038903795
202405,179.0,28.0,39.0,11.649211809228195,11.491497517556608,231.267,-3.3242878156068856
202410,34.0,4.0,1.0,6.621405651764134,6.62273632394984,18.701,-6.276933343152721
202306,68.0,11.0,22.0,13.423710160978677,12.851228967390941,3612.693,-5.138237482207883
202308,171.0,9.0,7.0,7.3987862754199485,7.399398083331354,84.118,-6.291742704741504
202406,126.0,9.0,42.0,13.427866703763113,13.3881556058378,2133.39,-1.3023164238335765
202212,340.0,169.0,36.0,12.995586266037057,12.872203139931734,1329.095,-5.201350895951876
202402,35.0,7.0,11.0,13.341566374924527,12.993579554358448,2819.935,0.5144911005819859
202306,114.0,10.0,46.0,9.1381996941985,9.13830716907635,599.035,-6.227889159480919
202207,312.0,42.0,58.0,13.355457259571706,11.628670870512115,752.635,-3.345063623795555
202309,134.0,8.0,49.0,12.463660134735397,11.174511344111675,559.467,3.4522551576982163
202404,105.0,14.0,59.0,14.106100398757125,13.96561965300803,3053.277,6.266714370014755
202308,224.0,27.0,57.0,9.804440398934894,9.734595416053834,203.205,-6.120917323626099
202301,323.0,76.0,125.0,14.145390398126226,14.031711666191907,2225.532,7.625813900775691
202307,114.0,29.0,24.0,12.066925514120015,12.061514971997195,722.097,-3.3747544558139424
202405,71.0,13.0,11.0,11.123933919554952,11.123948674366867,475.903,8.108932412098886
202407,37.0,8.0,15.0,13.066106204383665,13.021798013275822,1991.553,-3.5353043514617237
202312,484.0,229.0,80.0,13.583018444697666,13.547496463220948,1811.491,24.151022667360365
202210,115.0,2.0,3.0,8.36380888451688,8.364042011922063,44.569,-6.256157534964052
202303,516.0,130.0,105.0,12.757854974742495,12.523729695746374,2503.917,38.69938943936332
202401,624.0,240.0,144.0,14.139709933030403,13.730122589805895,4029.231,26.477386508550794
202211,36.0,12.0,9.0,12.908900318559986,12.712890247898626,858.724,-6.276933343152721
202303,36.0,18.0,10.0,13.723411716289633,13.51157578974671,3824.55,-6.00779446309766
202402,212.0,46.0,83.0,14.664710608041,14.123795672588882,2388.416,22.07218727016616
202404,365.0,63.0,129.0,12.646570221143133,12.581552660547759,763.676,-3.771586642210416
202402,146.0,0.0,10.0,8.493924564476883,8.481980435660493,75.43,-6.256157534964052
202405,105.0,14.0,52.0,13.238238816977908,13.106599782224851,1539.702,-5.718692015211344
202406,54.0,28.0,13.0,11.639619788010641,11.299620852166676,498.246,-3.2774678715221697
202309,125.0,0.0,10.0,8.615408238913192,8.61558951327243,72.083,-6.250263197204988
202311,261.0,109.0,113.0,12.393132956671302,12.36639140643112,1005.634,0.36590500164775364
202303,277.0,57.0,33.0,13.175536304175614,13.089978605870321,453.165,-5.205668822092183
202407,62.0,9.0,4.0,10.994504402082407,10.743393876988973,410.378,-6.2918148135823255
202301,343.0,74.0,161.0,13.795607805655752,13.567928299323023,1333.875,-6.039817603102448
202310,30.0,11.0,13.0,11.908286363719869,11.908293098066721,738.055,-6.20711335129225
202208,150.0,27.0,72.0,13.602365603665135,12.944582695216424,3008.682,-2.3049177278569215
202406,71.0,13.0,11.0,11.072589369918582,11.07260490208959,546.625,8.108932412098886
202308,32.0,0.0,1.0,6.881411303642535,6.882437470997847,3.16,-6.2918148135823255
202404,71.0,7.0,47.0,12.400223954077706,12.400228071735665,607.616,4.403808765818736
202303,20.0,5.0,4.0,9.155989777226102,9.156095357123787,240.282,-0.45783831572720146
202405,62.0,34.0,5.0,10.961538229448115,10.957468517058643,173.054,-6.119471465041206
202208,82.0,19.0,37.0,11.721686075916985,11.690979595907617,465.311,-6.2918148135823255
202406,195.0,62.0,54.0,11.410937035212486,11.388948285150517,529.713,1.3531158883865455
202303,85.0,20.0,39.0,13.802855823506027,13.606363595793495,2381.16,1.6866200005580119
202303,103.0,14.0,44.0,13.390712772116338,13.109865604574349,1278.95,14.199091803569493
202303,182.0,43.0,54.0,13.528473610707811,13.182440084436987,1099.214,20.104104962802445
202405,205.0,16.0,13.0,10.77369246021493,10.23616689091864,217.804,-6.265956907992005
202210,163.0,72.0,33.0,10.634291724273172,10.530628468683467,195.496,-2.934637171888246
202210,25.0,14.0,10.0,12.804755288629497,12.797267385231189,1013.29,-6.2918148135823255
202301,102.0,2.0,2.0,12.736724425727296,12.636337677543816,655.876,-6.2918148135823255
202408,90.0,10.0,30.0,11.932589292478205,11.388370803520464,398.365,-6.192961555073656
202406,20.0,2.0,4.0,11.710833256216178,11.635098848927905,778.955,-6.20711335129225
202309,95.0,17.0,19.0,10.038935856711177,9.97506375102535,168.306,-6.2918148135823255
202401,153.0,3.0,9.0,10.832141543393682,10.832161297455611,105.338,-6.2918148135823255
202306,256.0,30.0,97.0,13.719781290354922,13.018659266927465,2295.833,-4.274891022160334
202405,336.0,103.0,73.0,11.467467742045445,11.455222196841783,547.987,2.891360483269791
202306,247.0,91.0,27.0,12.321020554900322,11.28798029170939,405.997,-4.2534673860033365
202405,118.0,17.0,27.0,14.091331565272219,13.095731886403412,2168.705,3.577152552102934
202410,2.0,1.0,0.0,6.0014148779611505,0.6931471805599453,416.982,-6.2918148135823255
202212,645.0,60.0,222.0,15.282880862017029,14.159449137660497,2705.436,32.537189771194676
202307,164.0,40.0,26.0,11.51523280102192,9.628590074443766,2193.529,-3.2418931590503
202407,25.0,5.0,7.0,10.744019720009131,10.743026821311144,472.84,-6.227889159480919
202208,331.0,84.0,69.0,13.550732181872783,13.355742367439447,3143.013,8.507466524328743
202407,41.0,8.0,21.0,12.65364851733872,12.502882928808827,1020.097,-3.3748265646547635
202404,331.0,101.0,66.0,12.565511266991628,12.554642834492379,636.727,-1.0324952187598528
202309,84.0,18.0,25.0,12.522819466160051,12.271364008211421,1814.011,-5.147142048732019
202207,22.0,7.0,10.0,10.974934173131468,10.915506558619143,195.964,-3.3748265646547635
202403,31.0,5.0,14.0,11.469422797320833,11.422541133231652,201.897,-1.1942411636564554
202307,231.0,56.0,78.0,12.466107275428133,12.457150379134438,1038.257,-6.260874810590354
202312,581.0,98.0,88.0,13.304948232865481,13.022103166385445,812.235,14.038393289406473
202410,102.0,14.0,12.0,9.020147920801659,9.020268861722167,406.002,-4.203472800764464
202303,249.0,13.0,65.0,11.460094146324243,11.425492180808465,425.194,-6.2918148135823255
202401,174.0,33.0,46.0,12.978601546128683,11.721531862022006,609.565,-6.258381774551138
202301,175.0,39.0,35.0,13.445657737388403,12.211865832570936,975.683,-5.255559743171732
202410,13.0,1.0,2.0,12.445006865417374,7.88193748927207,285.063,-6.271039005393656
202311,416.0,215.0,121.0,15.519089603497441,15.29671501886715,7648.033,22.05844958971138
202310,135.0,6.0,11.0,12.21302839809618,12.195218956772091,856.481,-6.192231880862646
202211,51.0,20.0,9.0,11.278872623147983,10.506491183243108,440.992,-4.216364248800169
202409,91.0,14.0,15.0,10.738785125200751,10.73880681223516,227.901,-6.276933343152721
202303,12.0,0.0,0.0,13.541885225002225,0.6931471805599453,3575.291,-6.2918148135823255
202307,180.0,20.0,26.0,11.704702180534937,11.5368470486869,794.0,-6.222807062079268
202404,264.0,28.0,38.0,12.01203269578202,11.747562709995652,513.06,-4.2266590788459455
202407,52.0,16.0,16.0,11.095514285843663,10.251570692406156,547.379,-6.2918148135823255
202407,85.0,31.0,21.0,14.084264365753434,13.807407819261089,9360.202,0.6118497937145797
202410,305.0,22.0,35.0,11.591699676134454,11.58710486314448,337.37,-6.271039005393656
202303,627.0,201.0,168.0,13.42658393209305,12.74125521580088,1996.687,19.588359972875104
202303,311.0,135.0,30.0,11.876359514601464,11.387271534933276,507.343,-2.855830047357235
202307,216.0,35.0,54.0,11.935424665634173,11.721280198810998,1198.134,19.52445699022602
202401,234.0,81.0,50.0,13.48103313038786,13.257960135692048,781.402,-5.298709589084469
202409,32.0,0.0,0.0,6.7464121285733745,6.747586526829315,21.021,-6.275982941585651
202210,532.0,77.0,50.0,12.84435701064093,11.384580599033006,1274.402,9.606859686223348
202211,323.0,76.0,125.0,13.819563334360293,13.740128389752053,1561.277,7.625813900775691
202407,36.0,13.0,8.0,7.6783263565068856,7.6787889981991535,38.095,-6.2918148135823255
202312,310.0,17.0,31.0,13.794922061954152,13.728695888899098,2479.301,-2.2504654818286776
202405,64.0,17.0,16.0,11.635532402436525,11.635541248510417,267.2,-5.266088790410695
202311,601.0,201.0,117.0,13.082755229207782,13.045769548837411,888.6,0.978072637240472
202210,379.0,25.0,76.0,13.546790236495442,13.38156418186596,2335.94,31.615290969072568
202409,38.0,9.0,5.0,12.043341928901205,7.788211557847076,470.447,-6.235381726775383
202303,181.0,25.0,64.0,13.69453881879223,12.851055840829746,2092.169,17.128792640128246
202307,354.0,63.0,146.0,13.477592877191812,12.894739805768412,2940.598,4.105204558476556
202403,954.0,257.0,195.0,14.138122178522298,13.967771453273064,2288.777,35.13791786138572
202409,3.0,0.0,1.0,10.979223494869933,0.6931471805599453,350.656,-6.2918148135823255
202210,201.0,7.0,35.0,11.877769947171007,11.779749002851904,139.876,-6.256157534964052
202212,89.0,38.0,21.0,11.55578378477213,11.330851877429357,376.435,-5.2860523582419505
202405,67.0,7.0,20.0,14.175966445120247,13.484962737283002,2135.502,6.412393252538516
202301,71.0,14.0,11.0,10.75845591922755,10.686612539214305,262.655,-6.2918148135823255
202212,472.0,83.0,130.0,15.843366130852637,15.386147765029474,16819.276,119.62905105628394
202409,15.0,4.0,6.0,11.75472588941571,11.635700464460653,2085.908,-5.319485397273138
202407,168.0,61.0,36.0,14.601688504255213,14.55347191367655,5406.53,-3.149395835963297
202211,1437.0,532.0,170.0,13.454368508492774,13.206002073293698,1971.943,56.5481551984498
202210,87.0,15.0,31.0,13.601419657481335,12.601827427315111,2573.2,12.93283771008853
202303,294.0,20.0,8.0,11.395132429263844,10.736592308507754,171.654,-6.2918148135823255
202409,2.0,1.0,0.0,10.448714603019452,0.6931471805599453,510.891,-6.2918148135823255
202310,191.0,49.0,50.0,12.861637370260192,12.502369999637558,978.336,17.815260599823134
202306,51.0,9.0,35.0,12.372070018223702,12.252641296345994,763.773,-6.266769148349419
202410,231.0,33.0,26.0,10.043988352323694,9.48303570211964,299.37,10.230536095187782
202306,91.0,17.0,10.0,10.714217748749789,10.627430633893226,122.887,-6.2918148135823255
202208,235.0,29.0,55.0,11.650633124838164,11.344719808411686,806.862,-1.1951915652235252
202312,29.0,9.0,15.0,13.165102892306729,12.850292152466695,883.031,-6.258381774551138
202410,37.0,3.0,11.0,10.424451608275042,10.424481305217745,84.29,-6.276933343152721
202210,361.0,102.0,77.0,12.386258590193707,12.05027811532092,901.744,1.8421554246123844
202303,91.0,17.0,10.0,11.583411887221422,11.538573718351424,115.781,-6.2918148135823255
202208,102.0,10.0,19.0,12.877771445284248,12.810645410009263,1031.609,-6.1429669698347835
202208,64.0,17.0,29.0,12.549988537849934,12.441919171339062,1827.26,-5.958220325357702
202309,8.0,2.0,0.0,10.619227581748708,6.169610732491456,1945.761,-6.276933343152721
202307,38.0,12.0,8.0,5.472270673671475,5.476463551931511,38.065,-6.2918148135823255
202303,169.0,10.0,17.0,10.907037963903628,10.907056292517344,161.873,-6.276933343152721
202308,15.0,0.0,0.0,10.292382802315128,0.6931471805599453,8.579,-6.2918148135823255
202402,32.0,0.0,2.0,15.433266777155097,13.38733500896478,3170.764,-3.3748265646547635
202407,314.0,87.0,57.0,9.959206041292472,9.959253330441985,488.95,-1.287434953403972
202407,14.0,6.0,2.0,13.004320558007072,12.919380232512967,1683.203,-6.079262043089438
202403,259.0,57.0,144.0,12.446230627003512,12.446234559513773,824.584,-6.271039005393656
202409,60.0,19.0,27.0,12.2667349136968,12.266739619390924,897.868,-6.2918148135823255
202306,228.0,27.0,93.0,13.540277342612786,13.493869001124262,2242.399,8.823099383513728
202301,144.0,12.0,14.0,12.196577710968372,11.79340163717168,296.454,-6.2918148135823255
202312,215.0,19.0,65.0,14.354562640485598,12.63823485995319,1332.744,-0.5778139231780983
202306,474.0,198.0,93.0,11.573032305702347,10.915524732672047,1326.474,10.461203517475537
202301,38.0,2.0,13.0,10.52524613700842,10.525272986610377,269.357,-6.163963505379513
202301,176.0,21.0,63.0,14.653861802179584,13.961725547614892,2105.624,21.201818048918973
202309,2.0,2.0,0.0,6.580639137284949,6.582025138892826,6.964,-6.2918148135823255
202312,74.0,12.0,6.0,12.166957526801605,11.743410005169887,468.587,-6.2918148135823255
202207,33.0,5.0,12.0,12.471098748774759,12.036055083192384,1257.655,-4.313722941932763
202211,1515.0,221.0,849.0,15.510453463361085,15.30929269551754,8897.859,-0.20718329967289417
202407,60.0,15.0,23.0,14.056853098492997,13.90887794267287,5997.039,-4.076571894128723
202303,68.0,3.0,14.0,12.996593783929708,11.849404844423074,767.722,-4.3313241089672765
202306,20.0,3.0,4.0,11.851317286580157,11.772370086810765,775.199,-6.20711335129225
202401,184.0,25.0,68.0,14.401967450221635,13.312525780927427,2925.423,16.15646322381906
202404,88.0,7.0,15.0,12.738111665695362,12.315034667969668,452.432,-6.2918148135823255
202207,47.0,18.0,8.0,11.670971405552068,11.335877975798965,877.355,-4.216292139959348
202301,195.0,59.0,38.0,14.216247840832208,13.913273182611327,1383.32,26.201830624361108
202405,223.0,88.0,14.0,10.989504181217818,10.217093186966197,395.634,-5.155026408884982
202301,235.0,29.0,55.0,12.817144428902328,12.41592424900295,740.899,-1.1951915652235252
202410,108.0,51.0,24.0,5.840641657373398,5.84354441703136,292.385,-5.12770843496892
202207,9.0,4.0,4.0,12.824097493492904,12.774639679827178,801.884,-6.2918148135823255
202407,240.0,70.0,73.0,11.706302352441167,11.491068328614919,665.532,6.825899863055858
202408,106.0,23.0,25.0,13.482741854788848,11.978958722712068,2103.72,-6.258381774551138
202301,17.0,7.0,9.0,10.71143554857325,10.437257920797217,322.184,-6.2918148135823255
202409,32.0,1.0,12.0,10.300449948152544,8.207401833376355,149.827,-6.271039005393656
202407,9.0,3.0,5.0,12.318083498591866,12.252507657552362,772.019,-6.2918148135823255
202210,57.0,9.0,11.0,13.86501189775979,13.184859188629872,4573.353,1.5507461709925794
202210,132.0,36.0,54.0,13.657460451913758,13.573542176154746,3975.675,5.881125920584308
202308,305.0,39.0,25.0,10.973597480731526,10.738112593745406,246.379,-6.276933343152721
202401,336.0,104.0,73.0,12.24648015416302,12.20757651415268,717.808,2.891360483269791
202303,319.0,42.0,118.0,13.601563340447594,13.565544220600344,2126.301,5.044799498068629
202303,143.0,12.0,78.0,13.33049724489595,13.245493867683592,1393.456,-6.097838814997305
202301,615.0,199.0,76.0,12.212094477848668,0.6931471805599453,1417.286,5.172246158155062
202303,97.0,15.0,31.0,13.120275198675916,12.743399002348633,716.447,-4.072852437360835
202301,842.0,346.0,139.0,9.51892740510786,9.519000850813155,1704.226,4.945783181653843
202307,246.0,49.0,63.0,12.683290812301436,12.355707429746834,1483.772,-2.290256984783378
202303,37.0,10.0,13.0,12.98162205559366,12.819451247506437,1557.137,-5.153036386491083
202303,61.0,7.0,5.0,9.905834795604477,9.90588467713585,61.899,-6.276933343152721
202406,186.0,27.0,52.0,13.65062883927731,13.257790721576303,1395.506,13.692321598500532
202301,253.0,149.0,45.0,11.566466231898259,11.566475710526321,442.278,-2.9746752250798605
202404,175.0,4.0,11.0,12.61714533505737,11.397694170850414,228.356,-6.2918148135823255
202310,207.0,23.0,60.0,12.558481502646837,12.128105698640447,1319.54,2.005817034188702
202410,397.0,20.0,28.0,11.875316043504844,11.47348792831243,500.607,-6.171456072673977
202410,2.0,0.0,0.0,9.088963385809583,0.6931471805599453,415.69,-6.2918148135823255
202301,89.0,9.0,31.0,13.502833360503187,12.210751681746904,283.059,-6.2263945941048435
202311,20.0,5.0,4.0,8.737933858114136,8.738094230177667,187.507,-0.45783831572720146
202210,107.0,42.0,26.0,7.8434564043761155,7.843848638152472,143.923,-5.319485397273138
202207,177.0,52.0,52.0,12.302999699307179,11.904210509504559,1100.515,0.9374217605765827
202210,396.0,211.0,64.0,12.882022801261597,12.861738599153082,805.239,3.1075501443841613
202407,286.0,88.0,105.0,12.89237646360811,12.855915586680847,2404.46,7.814416221925754
202210,48.0,6.0,13.0,11.766396455088035,11.398681160612009,268.818,3.431479349509548
202212,15.0,9.0,0.0,14.704237268697483,0.6931471805599453,3249.221,-6.227889159480919
202208,390.0,72.0,141.0,14.326558956914031,14.074088432326382,5675.657,17.143746219398672
202312,87.0,16.0,21.0,12.851622325414748,11.451454234882123,978.327,0.578416754683392
202405,82.0,18.0,21.0,11.326933179286812,10.990364584985818,235.52,-5.2809702608402995
202405,110.0,13.0,34.0,12.789519350861466,12.320815508987149,1078.096,10.132691126652565
202212,45.0,17.0,16.0,11.578507191779497,11.407175984786619,388.584,-4.347155980963951
202406,80.0,20.0,30.0,11.270650061339992,10.428097731272736,157.871,-6.271039005393656
202402,98.0,21.0,49.0,14.308242677051583,12.764390448590433,1414.362,-6.271039005393656
202306,163.0,5.0,5.0,8.21959545417708,7.558516743045645,123.464,-6.2620518727231165
202210,157.0,40.0,59.0,13.227251181351578,12.920780710667204,1259.29,-6.276933343152721
202306,28.0,12.0,5.0,11.373295513883836,11.349488467117814,833.43,-2.1438873155294784
202301,211.0,35.0,57.0,13.809640362028402,13.672243931351595,1511.649,1.743522893459776
202407,340.0,21.0,35.0,13.97864334901049,12.938178485679595,3971.192,-2.799396960550293
202301,98.0,22.0,23.0,14.788053826829145,14.521238270729548,10913.707,-0.08600471023133949
202406,699.0,216.0,113.0,10.279420858038254,10.27945518985527,1620.614,11.541046640105423
202308,64.0,1.0,2.0,10.681871619942246,10.681894577046897,171.323,-6.2867327161806745
202210,146.0,0.0,10.0,7.706162970199576,7.685243607975833,61.754,-6.256157534964052
202208,183.0,24.0,65.0,13.03577663751633,12.628021152896691,3175.225,17.128792640128246
202301,189.0,1.0,0.0,10.444881177868536,10.071667925775051,2.335,-6.250263197204988
202308,32.0,1.0,0.0,9.989573501449257,9.989619376165415,11.681,-6.276933343152721
202306,36.0,7.0,17.0,11.519871286803097,11.330731899984972,412.91,-6.234431325208313
202211,28.0,7.0,14.0,11.478851484636477,11.430467342529706,721.128,-6.036112197176701
202301,165.0,63.0,40.0,12.569923778917873,12.479392067146119,566.069,-4.2689966844012694
202409,21.0,4.0,15.0,11.421040412713825,11.395481121951018,201.379,-6.2918148135823255
202409,710.0,226.0,170.0,10.504492031531843,10.504519444188269,1485.947,22.805817794934647
202311,286.0,76.0,113.0,13.592439504022066,13.153261088732172,1522.583,-5.216507096043242
202311,183.0,39.0,81.0,13.271450401395354,13.236058067152106,1469.243,24.04538183802822
202301,15.0,8.0,3.0,13.379763030867105,12.219329385371813,1293.198,-6.2918148135823255
202309,163.0,31.0,54.0,12.147097287929517,10.65157262785174,888.601,-6.2918148135823255
202401,68.0,22.0,18.0,12.981882176424705,12.889878834552038,842.712,10.69797143182213
202212,119.0,25.0,20.0,12.094666111705822,11.725954031876617,290.957,0.7680188359964326
202408,159.0,37.0,64.0,12.268554365401467,11.960740998952124,1254.797,-3.278197545733179
202207,49.0,23.0,21.0,13.234900678220644,13.185809427012128,2781.927,-6.22494873551995
202208,556.0,209.0,154.0,12.89178979162023,12.50183076871652,2321.401,13.989310283236934
202402,56.0,18.0,10.0,12.79545803179599,12.72924374929018,965.7,-6.1222737277925185
202401,310.0,47.0,113.0,13.182694309039201,13.09655929736279,1580.565,11.029000819636481
202403,345.0,30.0,113.0,13.795354788320674,13.790126081090996,960.787,-3.184647831885944
202207,35.0,1.0,13.0,12.413651695989547,12.245764401571487,1344.486,-2.60771871543789
202401,67.0,10.0,35.0,11.397402373714689,11.355710093770124,669.914,-5.299521829441883
202404,36.0,5.0,15.0,13.131071352694894,12.641766234507708,966.822,-4.313722941932763
202307,524.0,119.0,141.0,14.207215426726195,13.858165751148608,4609.243,54.1812757726037
202303,41.0,8.0,21.0,12.881091496375165,12.696763926988643,691.045,-3.3748265646547635
202303,279.0,25.0,28.0,12.809210322844539,12.763961228419653,587.252,-5.947218290822283
202408,419.0,12.0,40.0,10.248105097311578,10.243560441877241,1246.406,4.202405372686123
202409,21.0,1.0,9.0,10.836733725059696,10.836753388616245,237.939,-6.271039005393656
202303,171.0,8.0,41.0,11.002732974066655,11.002749630045734,196.14,-6.271039005393656
202207,296.0,37.0,111.0,14.381692172180667,14.116499203968532,7299.613,56.96673785829463
202212,14.0,5.0,2.0,10.07895232186687,0.6931471805599453,399.56,-4.155379018659732
202212,200.0,63.0,71.0,14.120137501744054,13.590892169612387,2460.106,8.630543388402591
202211,94.0,8.0,46.0,11.911862645782104,11.911869356088127,337.178,-5.503679416229737
202308,179.0,21.0,52.0,11.388019622245013,11.348875952963722,447.899,-6.256157534964052
202403,131.0,24.0,15.0,11.224216198468563,11.224229545415783,197.239,-6.250263197204988
202311,188.0,0.0,7.0,10.162924459547607,9.969696552646463,56.724,-6.2918148135823255
202301,494.0,15.0,11.0,12.72742862991934,12.581133527459999,1833.851,-1.5809287119617998
202301,39.0,6.0,20.0,13.09105226075628,12.462295010163663,967.662,-0.3939126616257953
202210,159.0,23.0,29.0,11.69761920590924,11.645811649492762,384.498,-6.1833971191426125
202208,937.0,456.0,204.0,12.830914218383304,12.637624515901493,3940.862,30.665705333413726
202311,348.0,78.0,91.0,13.041853727396854,12.258266534260871,1053.69,3.6664555163224097
202207,163.0,5.0,5.0,7.392647520721623,6.679599185844383,152.956,-6.2620518727231165
202402,816.0,391.0,199.0,14.433010274268097,14.346158808826447,2893.016,15.768547392856354
202405,546.0,140.0,149.0,11.416084113520673,9.968947524007914,692.082,21.830354030983436
202301,89.0,39.0,21.0,11.763326142574778,11.58337460891087,526.784,-5.2860523582419505
202405,198.0,59.0,38.0,13.06831893365242,12.811737429097073,790.603,25.22950120805192
202408,415.0,216.0,118.0,15.70359363270125,15.456833884366944,13054.525,23.07982318969237
202310,118.0,25.0,55.0,13.55669319579525,13.037180146518649,1933.113,-6.11447786699559
202410,108.0,19.0,14.0,10.532709357279819,10.532736007245841,147.688,-4.3263801727752815
202308,673.0,223.0,86.0,9.226607344440055,9.226705726062447,1036.473,0.8558004568965405
202311,172.0,17.0,32.0,13.074489493322055,12.7538789755061,2057.336,-3.290854776575698
202401,115.0,24.0,29.0,13.420221002869615,13.324812672038995,1615.417,-6.258381774551138
202207,88.0,35.0,31.0,12.690890992913923,12.534977032363521,1016.135,-3.3748265646547635
202211,156.0,28.0,78.0,11.04404120899241,11.044057190964745,272.301,-4.021584014101947
202210,111.0,20.0,40.0,11.677108509060929,11.51253538890045,538.537,-6.140109112020218
202404,68.0,6.0,30.0,13.129632890351328,12.873840477750722,1290.24,-6.271039005393656
202401,187.0,72.0,57.0,13.770217123104855,13.466072223632905,965.381,-5.319485397273138
202208,58.0,7.0,3.0,10.0848920222676,10.084933726294128,45.706,-6.275982941585651
202311,154.0,34.0,33.0,13.097970269957814,12.51178371450103,664.16,-6.256157534964052
202212,114.0,62.0,18.0,13.488236290034862,12.686938936853107,1281.853,-1.2657087436482328
202212,13.0,6.0,4.0,13.026513051747495,12.616203518675096,1103.739,-6.2918148135823255
202405,478.0,61.0,60.0,12.279574005160288,12.27957865082391,684.057,-4.718011657272621
202410,99.0,2.0,4.0,7.773173680482536,7.773594467360194,23.21,-6.275982941585651
202211,337.0,129.0,96.0,13.406001283227027,12.572006592301006,1780.724,-1.4152141527659632
202309,37.0,0.0,0.0,7.7025561132685825,7.703007682479236,17.916,-6.275982941585651
202210,173.0,33.0,28.0,11.49741580966931,11.460737033224643,484.753,-6.2918148135823255
202212,325.0,125.0,93.0,14.526661690349565,12.938296298071911,2137.783,-2.3875435690751505
202406,90.0,9.0,45.0,12.755366776536576,11.979987271295043,776.719,-5.2860523582419505
202310,24.0,5.0,7.0,10.732715997033832,10.732737816088413,447.538,-6.227889159480919
202308,57.0,9.0,9.0,11.500164387667615,6.9975959829819265,315.246,-6.271039005393656
202303,170.0,48.0,68.0,12.440646619939242,12.177678315028167,1059.967,7.184917505250491
202404,96.0,17.0,30.0,13.296691404227536,12.934965759181562,720.509,-5.265276550053281
202406,34.0,8.0,5.0,10.930335274974928,10.930353181520665,135.289,14.127102928910608
202402,105.0,18.0,26.0,12.581106037184682,12.133663230012033,342.386,0.7680188359964326
202211,104.0,18.0,25.0,11.839397869513109,11.416480641701398,209.475,0.7680188359964326
202303,744.0,465.0,131.0,12.737521148329185,12.734527949215972,1497.836,15.17021126845781
202403,75.0,56.0,8.0,12.218109906140677,12.218114846302962,268.37,-3.3748265646547635
202409,3.0,1.0,0.0,11.292353604023836,10.215667096588296,673.183,-6.227889159480919
202301,126.0,28.0,58.0,13.423501509642442,13.249249740643398,1291.581,-6.2867327161806745
202408,310.0,17.0,31.0,13.328000990012871,13.250999306778478,3762.227,-2.2504654818286776
202309,191.0,3.0,14.0,11.945116888649986,10.417866854501417,136.794,-6.275982941585651
202409,6.0,2.0,2.0,10.575845118888516,10.575870643743345,468.238,-5.319485397273138
202207,453.0,122.0,202.0,15.173483116443048,14.574412238809398,4952.001,8.313418907729941
202408,108.0,20.0,22.0,12.424292093321112,12.19759682704913,1401.56,-6.256157534964052
202207,43.0,23.0,17.0,5.241747015059643,5.247024072160486,541.539,-6.2918148135823255
202207,69.0,21.0,33.0,12.472808111591137,12.456204708425869,1089.253,-4.165095825541282
202309,33.0,14.0,7.0,8.393894975071744,8.394121193826242,93.914,-5.0608755644570405
202405,231.0,22.0,29.0,13.121979303657449,13.064232019819844,1935.497,5.724084186713993
202405,34.0,11.0,9.0,12.1550845677172,11.99385667018182,907.544,0.8421086849011408
202307,302.0,72.0,98.0,14.303406903551563,14.082393061338518,4001.359,23.099900336261015
202212,135.0,1.0,2.0,9.587886000086213,7.916078096302786,22.524,-6.2918148135823255
202311,231.0,8.0,13.0,9.881241943588808,9.77741399528076,117.556,-6.2918148135823255
202210,170.0,14.0,69.0,13.119206399389107,12.897333047241847,2199.999,12.740767990380013
202311,98.0,2.0,16.0,11.534403159146459,11.534412946611651,168.519,-6.270900844183999
202403,83.0,9.0,15.0,12.855074607438988,12.319628983493773,2394.629,-2.1616266437736487
202212,196.0,81.0,108.0,11.829646787243838,11.828093805097234,918.781,-6.2918148135823255
202211,546.0,27.0,59.0,12.552463387887109,12.409911045786378,573.597,-6.203717982782034
202301,66.0,7.0,20.0,15.230935474301235,13.789540229442448,2713.707,5.440063836229328
202207,139.0,44.0,60.0,13.230591577322373,12.492375016631623,1849.672,-4.871956459967388
202210,68.0,3.0,13.0,12.10846532932714,11.245803902483631,665.308,-4.3313241089672765
202208,109.0,16.0,25.0,13.161143608944442,12.299112067295642,1856.156,11.274040334084452
202303,11.0,1.0,2.0,12.809858417210071,12.16383819563097,3162.041,-6.258381774551138
202211,66.0,7.0,19.0,14.462770855751742,13.481287390290348,2067.346,6.412393252538516
202211,51.0,8.0,20.0,11.826874519797729,11.711177783970475,434.448,-6.194456120449732
202208,277.0,39.0,91.0,14.883521704676829,14.021603164628708,8459.23,-1.3967346930052011
202310,701.0,386.0,119.0,14.26962359790511,14.037603157221783,4309.235,43.16993201100941
202407,441.0,174.0,106.0,11.954902492555371,11.953403728915399,1169.094,29.513462811795208
202402,347.0,119.0,81.0,13.107651689258542,12.47106038874284,840.736,-2.679289547254068
202306,1094.0,201.0,163.0,13.651119288496174,13.52048559233723,3354.074,95.85273304677688
202410,37.0,1.0,3.0,7.358193752733032,5.799092654460526,13.247,-6.2918148135823255
202404,896.0,360.0,148.0,11.971817589461246,11.60541348440538,1696.164,56.24591504310905
202406,476.0,85.0,130.0,15.347416674412681,15.056882320902051,16491.212,119.57024070713469
202210,310.0,66.0,103.0,13.771629723292177,12.719515840465668,3688.403,24.889649754876707
202208,112.0,7.0,16.0,12.028463965664724,12.02846993743616,1480.081,-6.227889159480919
202408,34.0,10.0,7.0,9.236982302922604,9.237079669165805,41.583,-6.2918148135823255
202303,103.0,15.0,16.0,10.44639306976553,10.37023588906119,113.133,-5.271170887812346
202402,374.0,68.0,157.0,15.450524010166975,15.20006690962033,6529.708,-3.261415272169434
202402,44.0,11.0,8.0,9.531118671917154,9.531191227694439,138.05,-5.943868808996254
202404,53.0,13.0,14.0,10.52725785931825,10.393079325293726,186.267,-6.258381774551138
202210,39.0,6.0,17.0,12.872100396159201,12.558474472695728,754.44,-0.14038492621134857
202311,152.0,28.0,73.0,13.362241324390693,13.087316342326762,2458.866,-2.3049177278569215
202301,207.0,42.0,53.0,14.647842992907687,13.943934555020547,2352.822,0.6132617929442521
202404,260.0,57.0,144.0,12.31830251307228,12.318306982256141,734.863,-6.271039005393656
202406,94.0,36.0,37.0,11.261433878140531,11.22681548945956,560.335,-1.8471271680558905
202404,144.0,18.0,62.0,13.674647209263792,12.646534816133963,1964.154,-2.3817213401569073
202311,234.0,81.0,50.0,12.938495826176588,12.718201419826556,559.635,-5.298709589084469
202401,102.0,12.0,42.0,14.879395781900747,14.777246819328873,5744.442,10.852479396135548
202210,233.0,12.0,31.0,8.285008895449879,8.285261134068948,246.421,-4.715787417685535
202210,138.0,61.0,30.0,9.22759072538271,9.227689010310796,423.921,-2.9776156490408296
202303,48.0,6.0,22.0,14.185188199245149,13.622207322660948,1846.665,-6.179574650020127
202404,760.0,136.0,208.0,14.843378799875515,13.42244130283244,3762.654,37.7531977012003
202208,141.0,67.0,28.0,12.369665747897644,12.316459507916257,1358.472,0.260957685237166
202403,113.0,16.0,56.0,13.490688592617031,13.23625797398191,849.844,-6.2918148135823255
202409,37.0,1.0,3.0,9.105535257610056,5.934894195619588,18.44,-6.2918148135823255
202402,56.0,1.0,1.0,11.877547745007787,11.877554689572797,1912.255,-5.780409580771076
202406,60.0,5.0,14.0,10.593128593766785,10.043206015705211,276.465,-6.2918148135823255
202402,32.0,12.0,12.0,13.893945512356403,13.719741672970809,3359.95,-6.161023081418544
202307,28.0,0.0,0.0,14.898432054144944,14.373344759817266,13971.715,-6.100037851278107
202207,103.0,16.0,30.0,12.282427021200535,12.28122186111604,701.986,-4.211915769625998
202210,34.0,10.0,7.0,8.84505705350085,6.51471269087253,45.119,-6.2918148135823255
202408,65.0,21.0,29.0,13.102085157031688,13.088130046558094,2121.969,-6.258381774551138
202207,66.0,8.0,17.0,14.085504106826992,13.460452876979096,12823.419,-5.1708582808816566
202312,157.0,29.0,78.0,11.52290549835257,11.522915398999576,321.34,-4.021584014101947
202407,116.0,24.0,29.0,12.869724071861008,12.786109916849886,1442.01,-6.258381774551138
202402,68.0,18.0,45.0,12.170222645136416,12.170227827624787,665.8,-5.319485397273138
202310,180.0,14.0,46.0,12.48998763141271,12.321154257848226,1108.082,-5.972137184479387
202408,146.0,27.0,70.0,13.547798419073636,12.982648333929399,3553.873,-2.3049177278569215
202308,101.0,19.0,69.0,12.608770595251226,12.608773937815608,1495.399,-6.2918148135823255
202303,42.0,4.0,30.0,12.635254280255655,12.106451185498594,707.548,-6.2918148135823255
202210,66.0,15.0,21.0,13.230841029739722,12.328148675308846,2024.025,-4.177849112367331
202207,87.0,9.0,23.0,12.740127372454465,11.620379787084632,965.533,-4.216364248800169
202402,501.0,111.0,175.0,14.16638712375277,13.900362605278728,4585.924,30.009938502751872
202308,161.0,24.0,7.0,12.741460141633084,12.443059928665035,2202.014,-6.1883410553346065
202401,48.0,6.0,13.0,13.097250676589253,12.705119167259868,360.86,3.431479349509548
202307,56.0,18.0,10.0,12.557120285853728,12.496628085903636,1065.499,-6.1222737277925185
202406,127.0,27.0,26.0,11.121170935845253,11.103060692517378,276.597,-6.201948687744196
202409,24.0,2.0,0.0,3.871201010907891,3.8918202981106265,1.477,-6.2918148135823255
202403,150.0,62.0,27.0,12.156966431422221,12.156971683067956,423.963,-3.9888806492817697
202402,601.0,201.0,117.0,14.021094436677707,13.988795574604472,1361.105,0.978072637240472
202402,14.0,3.0,1.0,12.493823465618782,12.060919697763369,9432.028,-6.276933343152721
202207,90.0,22.0,15.0,12.231038391547921,12.134539049133469,580.609,-2.3690641093143885
202307,41.0,27.0,8.0,12.374130457060179,12.291304940892172,1359.505,-6.227889159480919
202403,216.0,58.0,63.0,12.09648654799632,11.97403339454378,743.125,-5.047950908870839
202406,200.0,79.0,81.0,10.469823566229687,10.438664267165949,442.38,-5.035465046788473
202311,516.0,232.0,96.0,11.465970116496505,11.371407982535963,1527.102,20.656971435937876
202308,262.0,9.0,17.0,9.70649895869877,9.050875597325156,71.285,-6.2918148135823255
202409,59.0,4.0,13.0,10.794111697661032,10.498167073695418,209.182,-6.2918148135823255
202310,192.0,65.0,38.0,7.904703913873747,7.89655270164304,557.707,-5.185519023955201
202403,567.0,131.0,273.0,14.43430858344208,14.298392159030193,4174.416,18.15919705144531
202309,3.0,0.0,1.0,11.102307101621264,0.6931471805599453,312.303,-6.2918148135823255
202410,302.0,26.0,30.0,13.934823090011152,13.018865570271752,2140.734,-2.2224405051539327
202207,53.0,9.0,13.0,14.934907344676853,12.215394065789239,7065.487,-5.005702105929265
202309,68.0,24.0,28.0,13.553867833124446,13.535489729758009,1501.862,-6.260151069588976
202408,146.0,0.0,10.0,7.305188215393037,7.265429723253953,92.688,-6.256157534964052
202207,1437.0,533.0,170.0,13.023386884881678,12.8607206525645,2422.772,56.5481551984498
202208,233.0,12.0,31.0,8.032035314398824,8.0323601479245,359.794,-4.715787417685535
202210,419.0,17.0,23.0,11.11826675682705,10.619594137230983,807.251,6.568562294820367
202210,179.0,18.0,26.0,12.001444128213679,11.481063211821445,597.998,-6.222807062079268
202402,184.0,25.0,69.0,14.485550306371202,13.440076470681994,2786.976,16.15646322381906
202406,70.0,18.0,45.0,12.496089490278674,12.235466385606019,1257.587,-6.2918148135823255
202307,202.0,24.0,50.0,12.28795673374457,12.06026622203004,714.593,25.362498833797865
202301,192.0,65.0,38.0,10.17374367116453,9.918622440120398,820.593,-5.185519023955201
202409,58.0,13.0,15.0,9.892729895883168,7.362010551259734,106.952,-5.319485397273138
202301,105.0,13.0,52.0,13.296814039817715,13.188830662280669,2199.434,-5.718692015211344
202303,253.0,149.0,45.0,10.917920812961631,10.91793894319107,288.721,-2.9746752250798605
202207,33.0,8.0,6.0,9.503532237601561,9.503606822721864,234.313,-4.134603210471063
202212,345.0,65.0,59.0,13.532516147901761,13.17010537338975,926.21,6.344672656934748
202211,38.0,12.0,6.0,11.920401882372426,11.31681325270705,516.801,-6.2918148135823255
202306,65.0,4.0,4.0,13.581285836639246,13.579438796311697,1743.59,-6.227817050640098
202406,522.0,56.0,37.0,10.882339852663634,10.652684198947096,316.746,-6.250263197204988
202309,37.0,4.0,6.0,11.296409899946239,10.805719927159243,293.576,-6.2918148135823255
202401,14.0,9.0,0.0,10.647684247771764,0.6931471805599453,2861.849,-6.2918148135823255
202303,17.0,3.0,7.0,11.825968219487192,11.825975531646948,203.876,-6.213007689051315
202312,234.0,10.0,70.0,14.407820311593978,13.006622505112167,3549.979,-4.375180957638697
202312,16.0,6.0,4.0,13.317543573074946,13.077006114082312,1738.177,-6.258381774551138
202409,200.0,6.0,22.0,11.95701495461516,11.30544608739335,773.322,1.9407572767163437
202402,170.0,32.0,109.0,14.392304243088143,14.053448924269938,3081.232,-0.017648922960683322
202407,16.0,5.0,2.0,12.084255232707255,11.751257091323968,566.11,-3.296019440123753
202310,357.0,59.0,39.0,11.96233728059416,11.671218979964383,495.473,-6.2263945941048435
202207,203.0,7.0,26.0,11.91131224740061,11.110415984687696,464.96,-6.256157534964052
202407,36.0,5.0,15.0,12.62693198541155,12.247881353088967,1252.015,-4.313722941932763
202301,142.0,19.0,31.0,12.47801017053037,12.43222366986029,497.873,-6.2168301581738
202303,521.0,36.0,131.0,15.399468803161737,14.16758684426683,8056.329,-2.090312086537102
202310,66.0,15.0,21.0,13.148352709865579,12.343444778061468,2100.057,-4.177849112367331
202207,431.0,232.0,97.0,11.80061253740951,11.312729101439343,1245.302,-3.303245858364916
202208,166.0,63.0,40.0,10.599430820398075,10.545815010766098,432.212,-4.2689966844012694
202406,47.0,17.0,20.0,13.132838323098312,12.945802794288912,2499.184,-2.901204132857058
202401,299.0,88.0,99.0,14.045715518738522,13.552508089888176,1464.417,7.366944453122665
202210,29.0,11.0,7.0,11.28518385878521,11.282983859155019,256.255,-3.0908062141700983
202303,56.0,20.0,16.0,13.681863730105933,13.369567146267359,1634.046,-2.118476797860911
202306,82.0,9.0,6.0,12.601305583072088,12.273273245190412,981.14,-6.271039005393656
202311,312.0,76.0,121.0,14.136761101626597,14.024889408958762,2579.9,46.90986567628593
202403,152.0,33.0,33.0,13.616731516640176,12.981094700474557,759.579,-6.256157534964052
202403,5.0,1.0,0.0,13.683726209797056,13.683727350658668,2826.138,-6.100037851278107
202311,139.0,40.0,63.0,13.24142914556305,13.201420368649783,660.55,-6.0666380197974155
202303,88.0,17.0,41.0,13.06869041173843,12.850068971879855,1325.887,-6.19812621862171
202309,10.0,0.0,0.0,11.27831643554674,0.6931471805599453,212.092,-6.2918148135823255
202306,256.0,130.0,68.0,12.304478030241802,11.981096165427848,1746.832,-5.0637827808675135
202311,195.0,44.0,29.0,11.535488983378979,11.221623515328044,371.525,5.537422529361923
202210,310.0,180.0,93.0,12.79778216153628,12.763540413836655,1901.636,-3.383827957864139
202211,164.0,3.0,9.0,11.792895375000185,11.792902933036457,142.808,-6.271039005393656
202301,206.0,23.0,59.0,13.774550012179569,13.292619100579575,2142.294,2.005817034188702
202301,35.0,11.0,18.0,12.084746465344013,11.479906282512994,219.526,-4.347155980963951
202309,264.0,46.0,78.0,12.963076865071466,12.59223600088356,2476.68,14.119124086213523
202301,258.0,81.0,27.0,13.330667771001881,13.202445468917697,924.306,23.23707268158649
202410,95.0,12.0,18.0,10.152961399096368,10.153000358870406,121.999,-6.220500256345779
202308,57.0,8.0,2.0,8.774467601446593,8.774622220696997,31.725,-6.2918148135823255
202401,829.0,346.0,372.0,14.4803333640631,14.086296948856031,7691.881,1.9491852544417316
202409,451.0,40.0,20.0,10.287013753125539,10.249379569109392,244.038,-6.243500304121533
202404,28.0,8.0,10.0,12.502946097538096,12.462132463285947,1276.014,-3.3109009105533573
202408,172.0,8.0,31.0,13.08586328001747,12.805030018434465,1573.475,-6.179574650020127
202409,81.0,14.0,16.0,11.869298363297778,10.023978030870751,633.104,-6.27185124575107
202301,704.0,215.0,112.0,12.321528531027456,11.90591305156728,2662.142,11.541046640105423
202301,17.0,1.0,1.0,8.572249397164315,8.226573474977114,87.938,-6.2918148135823255
202312,47.0,17.0,20.0,13.219549977448729,13.060228365522873,2965.035,-2.901204132857058
202307,5.0,3.0,0.0,10.941464802666882,10.941482511027885,198.181,-6.27185124575107
202401,285.0,51.0,97.0,13.943543109636474,13.307590708344454,1371.345,20.513508983094447
202401,253.0,149.0,44.0,11.821806248563004,11.821813591219062,404.444,-2.0023458087706736
202211,110.0,20.0,40.0,11.816948297010061,11.596025034139803,448.15,-6.140109112020218
202407,333.0,76.0,76.0,13.881085729094522,13.503572677509107,2896.137,7.535137108019555
202410,23.0,0.0,7.0,9.097395612960048,0.6931471805599453,81.838,-6.2918148135823255
202402,522.0,186.0,171.0,14.406163666244959,14.110914489971487,3685.705,22.66765500065197
202403,410.0,115.0,63.0,11.989184488378472,11.989190699384997,716.71,2.098817624200281
202410,301.0,24.0,26.0,9.660906307329443,9.66097003203872,92.614,-6.271039005393656
202405,88.0,7.0,15.0,12.198176553283359,11.719679437904768,421.784,-6.2918148135823255
202307,187.0,46.0,19.0,12.611627749588582,11.244784547725283,855.993,-4.267398454865869
202210,217.0,64.0,55.0,9.756262832779603,9.756320761816548,498.333,4.163077995895872
202303,88.0,18.0,13.0,9.814164414575925,9.761001904239373,192.299,-6.2918148135823255
202212,3.0,0.0,0.0,12.559106970450365,11.568776357710234,1207.332,-6.227889159480919
202308,39.0,6.0,5.0,7.785305182539862,7.785720896534624,140.721,-6.2918148135823255
202303,171.0,9.0,27.0,13.208724543052373,12.552007116535686,953.638,-6.243500304121533
202404,62.0,14.0,24.0,11.97081855679578,11.970824882926815,272.52,-6.22494873551995
202404,98.0,19.0,44.0,12.739494050925874,12.676735432483726,920.984,-5.319485397273138
202210,109.0,36.0,23.0,10.983052928284003,10.983069915297433,241.705,-6.20711335129225
202407,229.0,19.0,60.0,12.561548871293265,12.046121005956945,1461.034,-4.296617231916073
202212,7.0,1.0,1.0,12.295588799611567,10.893381843654915,1209.496,-6.2918148135823255
202303,62.0,15.0,23.0,11.923875503308963,11.923882133487547,270.848,-6.22494873551995
202212,193.0,22.0,63.0,13.18984444001725,12.971766043625436,1582.773,-6.088978849970988
202405,439.0,11.0,17.0,10.131101098521789,9.981697813072689,190.956,-6.271039005393656
202212,35.0,1.0,13.0,11.78371566975179,11.527823929632195,1085.784,-2.60771871543789
202402,66.0,7.0,19.0,14.163696774387091,13.80886049523037,9918.214,-5.1708582808816566
202208,55.0,16.0,2.0,9.950371138434978,9.950418847220561,246.069,2.492582972231549
202311,22.0,6.0,7.0,12.238931820786938,11.526256214378872,1044.722,-6.2918148135823255
202303,192.0,65.0,38.0,9.237469039364436,8.954544488386723,595.401,-5.185519023955201
202410,24.0,3.0,2.0,8.51057131510735,8.426173793029069,29.21,-6.2918148135823255
202311,134.0,44.0,40.0,12.417046444897291,11.64753502616208,427.243,-4.283230326862545
202406,6.0,1.0,2.0,12.937666201059418,12.937668606764788,1852.783,-6.148131633382839
202210,160.0,38.0,58.0,14.058274759233479,12.346803683397964,1978.256,18.955822115047056
202402,204.0,15.0,22.0,12.609208376077067,12.011795909516946,744.052,-6.2918148135823255
202208,62.0,21.0,28.0,12.96629419175444,12.962703885227992,1964.006,-6.2918148135823255
202308,40.0,9.0,21.0,11.624994428589508,11.07889111484426,845.397,-6.227889159480919
202406,15.0,9.0,3.0,12.330376595954554,11.57661362465296,932.358,-6.2918148135823255
202303,49.0,17.0,21.0,12.714103367193461,12.105163319722907,840.247,-4.292947133744094
202402,5.0,1.0,0.0,12.409596992725143,0.6931471805599453,394.044,-6.163963505379513
202311,133.0,22.0,42.0,12.420938027150157,11.578666387932905,643.578,-6.19622541548757
202309,165.0,10.0,5.0,7.905072849498666,7.805474625270857,64.626,-6.2867327161806745
202401,30.0,5.0,13.0,11.437619852855063,11.395008670368517,238.861,-1.1942411636564554
202403,171.0,25.0,81.0,14.986711999296835,13.391471008031285,2365.671,-6.2918148135823255
202307,191.0,40.0,38.0,11.318733735605786,10.924714710154692,503.618,-4.255065615538735
202402,1108.0,387.0,209.0,13.812221153801516,13.270274632441568,3176.116,55.37226573915721
202405,204.0,31.0,54.0,13.08537568919402,13.057797122548848,1012.164,17.20537552507217
202303,98.0,22.0,24.0,12.65361016606018,12.653613362056236,840.893,-6.115648995918721
202301,228.0,28.0,92.0,14.446264647637761,14.402186606360136,2792.96,8.823099383513728
202408,523.0,120.0,141.0,14.396895665439223,14.1347378080217,5712.283,52.01652224360207
202311,63.0,9.0,25.0,13.66202948723213,13.192378126596367,1291.216,0.8143433230633255
202405,54.0,28.0,13.0,11.82570494612016,11.502743807363089,426.762,-3.2774678715221697
202403,23.0,7.0,10.0,14.037999495065344,14.009441135231475,1953.215,-6.173680312261062
202303,25.0,8.0,14.0,13.367686337074648,13.265335812801016,2641.727,-6.275982941585651
202307,41.0,6.0,28.0,13.063693468890442,13.029495612474983,1623.725,-5.2860523582419505
202210,214.0,43.0,130.0,12.686648318266313,12.616982901874234,927.889,-5.255559743171732
202407,344.0,155.0,61.0,11.88641819383512,11.88061255207748,748.099,2.918688273380301
202406,450.0,230.0,83.0,12.183279852139922,12.064468757814765,1672.744,18.526015812212542
202312,22.0,0.0,0.0,13.691055564213425,10.227055456677219,21919.617,-5.319485397273138
202301,1435.0,531.0,169.0,14.465245412824387,14.166582132308772,3161.353,56.016015174907125
202301,115.0,27.0,58.0,13.350940142047417,12.65364851733872,1953.873,-5.95730507264569
202405,191.0,38.0,34.0,12.79781536381285,12.614579788621196,691.44,-1.3633016539740135
202407,15.0,9.0,3.0,12.604536636243363,11.478064832834225,1074.169,-6.2918148135823255
202306,66.0,15.0,21.0,13.54301130759592,12.54920479845103,2347.274,-4.177849112367331
202307,196.0,47.0,74.0,12.805535324155171,11.96569391819426,1314.0,-1.1291443806319181
202410,21.0,0.0,0.0,10.63902349958786,0.6931471805599453,43.626,-6.2918148135823255
202303,43.0,9.0,19.0,12.203404088095894,12.132566030986252,2268.924,-3.2950690385566825
202207,3.0,0.0,1.0,13.753190374495272,0.6931471805599453,2904.698,-6.227889159480919
202212,391.0,72.0,143.0,14.890712960995916,14.690913043123546,4700.641,16.171416803089485
202312,60.0,10.0,31.0,13.78661919293695,12.965955151235852,918.679,-5.2860523582419505
202407,92.0,37.0,30.0,10.364071959865372,9.922113016659292,1743.05,-1.5729061905991797
202303,317.0,24.0,103.0,15.482648537517695,14.265680671936801,7170.622,-1.0619548661165972
202301,529.0,187.0,97.0,13.355998895038947,12.98147700309246,1457.209,13.453410942262527
202407,171.0,68.0,27.0,7.95892649305011,7.959275960116396,213.439,2.372314607376355
202210,352.0,58.0,37.0,12.064486039468274,11.683393714733182,509.858,-6.2263945941048435
202403,197.0,82.0,108.0,12.636370193850746,12.276861902550044,861.869,-6.2918148135823255
202405,60.0,15.0,23.0,13.83231457627585,13.71671621550839,4157.146,-4.076571894128723
202308,170.0,1.0,0.0,6.8308742346461795,6.831953565565855,6.121,-6.2918148135823255
202405,55.0,16.0,2.0,10.719759034318209,10.719781137917781,138.595,2.492582972231549
202309,255.0,11.0,12.0,13.059943144442675,8.01102337918644,726.653,-5.191634089070326
202405,62.0,17.0,34.0,12.80353457595571,12.555626796694515,1383.41,-6.22494873551995
202308,36.0,0.0,0.0,11.633407078410277,0.6931471805599453,291.718,-6.2918148135823255
202312,245.0,54.0,24.0,12.68156120500648,12.469321134340689,507.042,-6.256157534964052
202403,70.0,12.0,22.0,14.251077362991193,13.841556400866818,3205.967,-4.165908065898695
202405,57.0,8.0,12.0,13.675938097636259,13.071122713210732,3574.55,1.5507461709925794
202407,114.0,10.0,46.0,8.95531908176395,8.955448122347393,761.443,-6.227889159480919
202310,466.0,134.0,190.0,15.046162293525821,14.94431866276597,10180.76,48.394478597619255
202407,139.0,50.0,66.0,14.27845621320707,14.188906916546934,5361.635,-6.149082034949909
202310,110.0,16.0,25.0,12.974542952501908,12.371053043128214,1187.184,11.274040334084452
202406,180.0,54.0,39.0,12.945213225814463,11.734155186079164,1522.679,-4.19852886457247
202402,275.0,90.0,76.0,13.89763970289763,13.712176875779946,1524.193,-4.795373575023463
202307,12.0,0.0,0.0,13.973029558624287,0.6931471805599453,5538.301,-6.2918148135823255
202310,4.0,0.0,2.0,11.12359449878062,0.6931471805599453,137.99,-6.227889159480919
202301,25.0,2.0,3.0,13.34778433346258,11.851709313471094,2280.962,-6.258381774551138
202307,29.0,8.0,10.0,10.386314855875257,10.386345707218064,129.49,-6.2918148135823255
202401,197.0,56.0,28.0,12.867791076586458,12.756027632123285,805.649,-1.1045957651743858
202409,20.0,4.0,7.0,13.351988279314149,11.848475848243753,1812.584,-6.2918148135823255
202208,58.0,7.0,32.0,12.939262316876265,12.905803108654277,3167.65,-1.332809038903795
202303,34.0,7.0,12.0,10.691103650047104,10.69112639618879,74.098,-5.319485397273138
202401,174.0,40.0,35.0,13.336479100229191,12.280057038619747,947.181,-5.255559743171732
202402,563.0,247.0,213.0,14.539574356380852,14.3367632306185,3481.252,-0.0641371561697408
202312,314.0,87.0,56.0,11.502955933932737,11.502966034075655,497.651,-1.287434953403972
202404,72.0,17.0,17.0,12.126601857612684,12.126607271167684,243.659,-4.347155980963951
202311,1.0,0.0,0.0,14.957233739624776,14.957234058893114,6657.622,-6.0717201171990665
202212,68.0,23.0,17.0,12.700747545675133,12.609485649512207,698.133,10.69797143182213
202210,281.0,106.0,54.0,10.695642613426124,10.218261795359789,497.394,-3.3020254496384642
202311,11.0,4.0,1.0,11.51739545964168,9.156623089470195,428.875,-6.227889159480919
202307,410.0,125.0,189.0,14.513694035065619,13.642342182701206,9908.945,10.187557618035198
202210,264.0,20.0,57.0,11.418504889350736,11.41851587950905,813.168,-6.250263197204988
202311,34.0,8.0,5.0,11.644777949016145,11.644786713680524,114.214,14.127102928910608
202312,601.0,201.0,117.0,13.842707349552702,13.809245976384561,1138.208,0.978072637240472
202308,4.0,0.0,0.0,12.743501251090699,0.6931471805599453,669.631,-6.2918148135823255
202303,110.0,49.0,40.0,13.322400417603927,13.320397509276258,586.788,-6.2918148135823255
202308,541.0,149.0,100.0,11.842473786518617,11.315705475634307,1359.973,11.848628671014852
202210,137.0,54.0,31.0,13.10330695163053,12.576048735708035,1157.685,-2.2509296079931254
202309,504.0,142.0,146.0,13.28002844595542,12.799783395007813,1925.129,3.9082764224614106
202301,457.0,192.0,56.0,13.279064516329676,13.056725585623449,810.316,15.6608680320287
202303,33.0,8.0,4.0,11.37320352179509,11.37321502126899,116.997,14.127102928910608
202312,249.0,80.0,43.0,11.603542832553842,11.586129457228644,317.08,-3.831843771579251
202410,56.0,3.0,6.0,11.091971013965932,10.320518847015657,21.768,-6.186337543103582
202312,192.0,48.0,30.0,11.772084598488771,11.618743875778067,265.385,-2.2694811765947094
202408,189.0,1.0,0.0,6.620073206530356,6.621405651764134,2.444,-6.250263197204988
202401,197.0,82.0,108.0,12.282037820585874,11.56033372236522,1122.178,-6.2918148135823255
202301,153.0,45.0,55.0,12.807608795987381,12.80757865722578,935.085,-4.3313241089672765
202306,144.0,18.0,62.0,12.41491846974347,11.605568454619503,2040.498,-2.3817213401569073
202402,45.0,16.0,17.0,11.27830379132357,11.27831643554674,477.93,-4.347155980963951
202307,84.0,11.0,23.0,11.647832161430726,11.401233838950162,414.129,-4.938106353655879
202309,1.0,0.0,0.0,8.361474616416817,0.6931471805599453,0.0,-6.2918148135823255
202208,461.0,60.0,158.0,13.883741005546637,13.815054453964658,3747.902,-6.2867327161806745
202403,253.0,26.0,90.0,15.19946919339949,13.851406519481802,4938.401,-5.2860523582419505
202212,87.0,15.0,21.0,12.717209220945689,11.642944446293964,967.931,0.6118497937145797
202211,131.0,28.0,46.0,13.731765839630725,13.492960950183418,885.793,26.45534001377063
202208,192.0,65.0,38.0,7.469083884921234,7.206377291472252,803.533,-5.185519023955201
202210,100.0,22.0,21.0,11.46344105987132,11.277987633773307,383.151,-6.227889159480919
202301,130.0,10.0,40.0,14.411688583380963,14.340842455131886,1615.671,-0.32998700752438914
202301,33.0,8.0,6.0,10.690944412566814,10.690967162330788,224.771,-4.134603210471063
202308,38.0,3.0,5.0,14.504034065804902,12.541766007478673,4591.726,-4.347155980963951
202212,20.0,5.0,4.0,8.96392819372262,8.96405612822033,258.046,-0.45783831572720146
202212,76.0,40.0,19.0,14.256701175547523,14.053817757837974,5257.148,-5.183611567707706
202406,1530.0,224.0,870.0,15.425346591137794,15.262628344667233,11864.276,-1.1795127159820815
202410,273.0,52.0,13.0,9.950418847220561,9.919262471651491,203.169,5.847604078939371
202307,2.0,0.0,0.0,13.101997391451455,12.069909220717303,1367.545,-6.163963505379513
202308,23.0,6.0,4.0,8.029758520440822,7.878534196140362,13.482,-6.256157534964052
202210,161.0,14.0,34.0,11.734235336120085,11.538017997581926,526.727,0.5144911005819859
202306,260.0,90.0,80.0,14.137987458001987,14.011515567841483,2966.56,38.04721526815865
202405,2.0,0.0,0.0,12.89178223565889,12.770579310745454,0.0,-6.227889159480919
202409,51.0,4.0,9.0,15.702879859066185,14.990117989340014,10086.584,-5.2406782727421275
202402,102.0,12.0,42.0,14.890620142486746,14.784263940262637,5171.083,10.852479396135548
202301,165.0,13.0,17.0,12.64862799381668,12.501242861722842,1207.127,-6.271039005393656
202311,232.0,57.0,78.0,12.748161443512993,12.74220630223268,745.081,-6.260874810590354
202310,103.0,15.0,49.0,12.760141649893576,12.011838413744606,1367.476,-5.319485397273138
202405,1.0,1.0,0.0,12.747550648122088,12.747553557555781,2647.786,-6.2918148135823255
202404,166.0,17.0,7.0,13.537535882569207,12.695416172480243,1980.19,-6.271039005393656
202407,46.0,17.0,3.0,9.144841389743487,9.14494815320913,143.424,-6.227889159480919
202303,98.0,7.0,66.0,12.463231075431661,12.456671818076673,487.382,-6.271039005393656
202405,105.0,35.0,13.0,10.693920233396923,10.69394291556307,167.158,13.884065353254256
202207,25.0,1.0,4.0,12.894043954346055,11.28090513134335,3520.144,-6.258381774551138
202409,301.0,7.0,6.0,7.123672785204607,7.124478262493424,7.809,-6.256157534964052
202307,251.0,90.0,34.0,13.001042842167774,12.179292229995205,1726.857,-1.6575115969057244
202303,344.0,185.0,41.0,11.315668934607865,11.231371245484562,548.901,-1.2046649732966879
202301,54.0,22.0,12.0,13.411823368421816,12.99611738171019,1623.57,-5.035244319432413
202303,67.0,20.0,10.0,10.233007103729488,10.176449310831199,51.681,-6.271039005393656
202308,6.0,2.0,1.0,12.182036067701933,11.169462852503631,1185.47,-6.227889159480919
202404,118.0,24.0,47.0,15.049045853845337,14.172782123888709,6922.89,-5.083558828893205
202309,244.0,35.0,38.0,9.60649561075857,9.552510629712033,290.752,3.8900672881224168
202407,118.0,28.0,29.0,11.87797821686713,11.25920672006374,584.552,-3.3540507564660946
202303,582.0,99.0,86.0,12.900920878479798,12.630182848507177,798.964,13.066063873097283
202402,163.0,62.0,39.0,12.486416609802356,12.479080070096144,547.788,-4.2482208762126
202211,196.0,47.0,74.0,12.512582605667914,12.205212275518019,1049.313,-1.1291443806319181
202408,105.0,33.0,33.0,11.81254104898654,11.778147181491827,755.941,-1.3551830766278634
202310,690.0,191.0,122.0,12.857882073589579,12.56167151070377,2302.765,63.84595310454464
202403,516.0,132.0,107.0,13.213588862554161,12.968876477226607,2658.202,38.665956400332135
202210,54.0,13.0,20.0,11.683924833678372,11.68393326186391,325.494,-6.227668432124859
202310,546.0,140.0,149.0,10.496593378915847,9.339876293325217,790.605,22.802683447292623
202408,95.0,21.0,24.0,11.746415308338582,11.73329717828842,367.034,-3.886190780008764
202301,361.0,82.0,79.0,14.763475910409321,13.796612101782168,2321.255,10.683089961392524
202410,223.0,26.0,58.0,9.78318258949248,9.689241798157529,164.186,-6.120917323626099
202407,341.0,170.0,36.0,11.967180737247824,11.964695110954166,1661.869,-5.158201050039138
202207,311.0,75.0,122.0,13.762820499081522,13.70181540551639,3740.674,46.90986567628593
202301,11.0,1.0,0.0,8.014666370464942,8.014996894348302,0.487,-6.2918148135823255
202301,25.0,5.0,9.0,13.963990044072139,13.528092450670625,1235.583,-4.313722941932763
202301,74.0,20.0,41.0,12.892902413191988,12.834019752841863,1166.641,-1.8933000040760009
202207,170.0,25.0,81.0,14.327873000219553,12.61644568999092,2771.797,-6.2918148135823255
202303,178.0,51.0,53.0,13.25097996212266,12.555859420409083,918.478,0.9374217605765827
202401,65.0,30.0,18.0,15.09549617622321,14.75069801673464,8260.826,-5.078443523941058
202303,893.0,191.0,175.0,14.615376681102266,14.487547476646474,4526.574,6.241062330234923
202306,6.0,3.0,1.0,11.045015642181069,11.04503160858775,174.968,-6.27185124575107
202303,145.0,98.0,19.0,11.337166328317679,11.323482611828652,308.58,-3.906966588197433
202207,25.0,8.0,14.0,13.467294026297955,13.33450583801054,3644.486,-6.275982941585651
202401,146.0,53.0,42.0,9.738200088297953,9.73825907316835,285.085,-2.8707115177868396
202303,160.0,35.0,44.0,11.73418724686642,11.419603307738855,535.913,1.595390582281393
202307,29.0,4.0,10.0,13.654882780287561,13.326369775945063,1973.54,-4.029702591448098
202409,143.0,12.0,26.0,13.016829513389212,11.032790688525035,916.554,-6.250263197204988
202211,74.0,6.0,36.0,12.978904007962498,12.45511393663571,867.6,11.430209376366305
202210,215.0,35.0,80.0,10.606114656295205,0.6931471805599453,677.964,8.768923743844367
202307,99.0,47.0,28.0,9.981836518947105,9.324739912284679,209.389,-4.387617461125155
202301,25.0,1.0,4.0,13.178830663581676,11.68340214739626,2581.529,-6.258381774551138
202212,62.0,9.0,4.0,11.713708881351865,11.353026629438281,460.119,-6.2918148135823255
202303,76.0,9.0,7.0,12.31346858830007,12.010793500614241,799.101,-6.2425499025544635
202208,126.0,16.0,88.0,11.362567583381667,11.362579205815289,448.99,-6.256157534964052
202301,59.0,6.0,19.0,14.541161714045149,13.399890563082806,2843.782,-4.347155980963951
202208,216.0,29.0,77.0,13.015083242678422,12.876554906340425,1459.421,-5.319485397273138
202401,202.0,6.0,26.0,12.92127481687095,11.99726952692998,576.264,-6.256157534964052
202310,105.0,14.0,52.0,12.848855047866406,12.654274713441623,1761.186,-5.718692015211344
202212,54.0,28.0,13.0,12.627565290382178,12.163655629639377,652.078,-3.2774678715221697
202409,183.0,80.0,69.0,12.718342226288307,12.69400214205923,2367.544,2.8710215918878372
202404,74.0,20.0,41.0,12.795433071420584,12.717640993408313,851.314,-0.9209705877668135
202306,38.0,5.0,9.0,12.558622091291722,11.03862461588661,681.313,0.5303229725786602
202309,2.0,0.0,0.0,11.517086794615457,0.6931471805599453,340.17,-6.2918148135823255
202309,39.0,5.0,3.0,9.006509131694346,8.81996090128606,36.624,-5.319485397273138
202307,63.0,10.0,32.0,13.776578443162482,13.628524137593155,4207.786,-6.097097427317138
202312,1162.0,407.0,243.0,13.122809277975891,13.047359619538977,2355.829,37.04257943931329
202401,320.0,24.0,105.0,16.08533307109757,14.631082871842626,10338.156,-1.0619548661165972
202401,110.0,23.0,47.0,12.208903634496739,12.208908620349382,564.199,-2.7145424755049867
202308,347.0,49.0,57.0,12.376502947429271,11.99393085232374,1014.543,11.018428093731986
202212,106.0,33.0,34.0,12.855531749109925,12.695440693327562,690.764,-1.3551830766278634
202405,136.0,60.0,34.0,11.01715264383053,11.01716906136117,346.951,-1.8983821014776519
202311,106.0,30.0,39.0,13.597643063750407,13.406799186440045,1793.539,-4.150296921258081
202211,187.0,0.0,1.0,13.248345596588502,12.448799192180093,2811.284,-6.19812621862171
202312,188.0,27.0,54.0,14.852887309078257,14.278694737529344,1493.774,13.692321598500532
202403,534.0,159.0,189.0,13.383300470100343,13.369104698284515,1679.157,-4.053854132642224
202405,200.0,79.0,81.0,10.777350835170328,10.698672233649825,370.233,-5.035465046788473
202307,64.0,18.0,15.0,11.535342319254228,11.359401255536076,420.517,-5.266088790410695
202210,326.0,87.0,97.0,12.785076408979275,12.646933854585326,1706.729,24.77695652346238
202303,241.0,21.0,50.0,12.854157081453204,12.369988349084728,1053.192,-6.2918148135823255
202210,356.0,49.0,37.0,14.179889053210506,14.130895585424344,2415.317,-6.057721343735703
202309,40.0,9.0,21.0,11.541959857888576,10.996919781162696,803.561,-6.227889159480919
202403,7.0,2.0,2.0,13.869420924828278,13.289620364558315,2054.762,-6.227889159480919
202301,158.0,36.0,64.0,13.179476901347853,12.501466158250393,1002.634,-3.278197545733179
202409,136.0,33.0,19.0,10.738936924565653,10.730815914562093,137.719,-6.235381726775383
202406,6.0,2.0,4.0,12.95028596968088,12.950288345217604,1691.381,-6.2918148135823255
202310,556.0,207.0,94.0,14.440621373724573,14.328473096899838,1156.116,27.94024569250825
202409,176.0,29.0,107.0,11.369689996883476,11.368350458361984,812.641,-6.200998286177125
202303,46.0,10.0,13.0,12.113721583215968,11.809876943429158,547.031,1.5507461709925794
202212,170.0,15.0,69.0,13.591017346268107,13.20795925304445,2425.588,12.740767990380013
202402,45.0,7.0,36.0,11.094177529405146,11.09419272986116,268.023,-6.2918148135823255
202301,57.0,9.0,11.0,14.36953991366083,13.667898786137462,5874.581,1.5507461709925794
202307,6.0,1.0,0.0,15.24065032143254,15.099922237632818,11176.333,-6.163963505379513
202301,114.0,7.0,5.0,13.011943417650535,13.011945651141962,2088.524,-6.2918148135823255
202303,268.0,89.0,78.0,12.71246244556088,12.646698956065233,616.304,-2.7010878658506288
202303,703.0,215.0,112.0,12.228020030012997,11.695488659234165,2030.345,11.541046640105423
202407,478.0,171.0,105.0,11.832069866611866,10.720863616235846,875.659,7.411127266748876
202210,14.0,0.0,6.0,12.5608583058961,12.267384090253277,417.748,-3.307960486592388
202311,31.0,4.0,10.0,13.153447229757804,12.629960344154336,1514.804,-2.3815831789472504
202410,7.0,0.0,2.0,12.480905013002886,8.583542571957771,537.721,-6.2918148135823255
202309,37.0,5.0,5.0,9.010547069270189,8.24800570160062,49.051,-6.2918148135823255
202210,73.0,14.0,40.0,12.963670062080672,12.304840477124648,946.298,-6.275982941585651
202407,84.0,9.0,13.0,11.157464070097157,10.896165086628725,340.196,-5.319485397273138
202306,336.0,104.0,71.0,11.470654504539036,11.418757632438734,567.173,2.891360483269791
202312,86.0,20.0,39.0,14.330991130625078,13.994012328655364,2644.648,1.6866200005580119
202301,91.0,17.0,43.0,13.757846486889488,13.560078807992632,2092.175,-6.19812621862171
202208,344.0,119.0,81.0,11.59080275289071,11.309180047391001,1038.547,-2.679289547254068
202210,27.0,17.0,7.0,10.549621738824321,10.549647941871736,118.109,-4.347155980963951
202407,38.0,2.0,15.0,10.266184328793354,10.266219118057391,236.853,-6.163963505379513
202307,895.0,191.0,178.0,13.547636341553172,13.470798063481244,4828.679,6.241062330234923
202306,192.0,65.0,38.0,7.7664168980196555,7.323830566202317,595.254,-5.185519023955201
202210,405.0,76.0,49.0,12.788785348520452,12.065113737076855,443.105,-4.203081007905964
202308,97.0,21.0,38.0,11.226096361969885,11.226109683846405,831.245,3.1528670613813254
202308,11.0,7.0,2.0,8.836809882398365,0.6931471805599453,123.542,-6.2918148135823255
202312,139.0,40.0,63.0,13.409798419346586,13.347586365191138,683.052,-6.0666380197974155
202308,191.0,3.0,14.0,11.772030578014999,10.293602108139348,135.148,-6.275982941585651
202208,34.0,2.0,14.0,13.21492068060942,12.656323083757737,2733.961,-6.20711335129225
202303,92.0,10.0,27.0,12.304056520551034,11.96333844445096,562.45,-5.319485397273138
202306,63.0,15.0,2.0,8.294799358992574,8.295049140435111,243.582,-6.271039005393656
202311,21.0,5.0,7.0,12.92027167278673,12.579152293494182,1103.657,-5.158201050039138
202401,232.0,11.0,30.0,10.96531482599557,10.965332117012023,430.794,-4.715787417685535
202402,114.0,7.0,16.0,13.178917608762795,13.178919498791476,1101.426,-6.227889159480919
202303,82.0,14.0,33.0,13.72900668853453,13.56996162011281,2860.394,2.9364608091749673
202312,345.0,30.0,113.0,13.563189194322645,13.558108063531462,1105.299,-3.184647831885944
202210,525.0,160.0,191.0,12.641077138215632,12.640814962838224,1541.87,-4.117779786743631
202407,162.0,32.0,59.0,13.048294789090438,13.04290233386474,1016.871,31.73209193536931
202303,62.0,23.0,21.0,12.724095308367234,11.890244838652762,811.762,-1.4143358600397145
202308,113.0,2.0,3.0,10.600078795498629,10.583397506314054,18.646,-6.2918148135823255
202403,526.0,95.0,64.0,13.046783861522568,12.978393694893992,600.715,-6.124010118537575
202211,106.0,24.0,24.0,13.56864920003193,12.744345134229391,981.42,12.264191644784214
202303,43.0,15.0,21.0,12.711829444481728,12.63564482898157,744.667,-6.258381774551138
202207,426.0,148.0,68.0,11.572862791830056,11.502572052890736,1026.47,3.147520303791616
202312,39.0,4.0,20.0,14.176843337325673,13.809406968903788,2215.626,-5.094275395937732
202303,18.0,2.0,5.0,12.50455369853107,10.461759580888051,354.563,-6.2918148135823255
202405,60.0,5.0,14.0,10.977790071986655,10.493992741124194,254.897,-6.2918148135823255
202403,525.0,120.0,141.0,15.177446138265767,14.099866605321823,4043.415,53.20894635629451
202309,35.0,2.0,9.0,5.986452005284438,5.988961416889864,20.047,-6.2918148135823255
202310,259.0,66.0,97.0,12.416896621546838,12.339733404786474,814.135,-6.121565151594428
202405,80.0,30.0,20.0,13.272087703939265,12.330297112771829,788.578,-4.347155980963951
202401,114.0,62.0,20.0,13.99481423219481,13.160219698659697,1340.074,-1.2657087436482328
202303,254.0,49.0,94.0,13.71525034694539,13.60890327579012,1818.842,-5.1969984727612335
202306,197.0,59.0,38.0,12.400940171492646,12.325405590567346,940.362,26.201830624361108
202207,651.0,99.0,167.0,12.796863127785686,12.72009016975759,2314.071,126.87017763930804
202311,12.0,0.0,0.0,13.636511874307384,0.6931471805599453,3991.83,-6.2918148135823255
202301,98.0,22.0,24.0,12.982721927769628,12.982724227489868,1238.126,-6.115648995918721
202311,253.0,79.0,68.0,11.888865636930053,11.881207781950677,603.988,5.9703627536423625
202307,152.0,51.0,32.0,9.648014489106362,9.645817254152318,362.311,-3.852757740977576
202212,260.0,92.0,79.0,15.113506896539208,14.907940441556107,3002.572,37.827120571775396
202402,50.0,18.0,19.0,14.976015683531847,14.556505077421173,4607.66,-3.1042424778195348
202310,96.0,9.0,28.0,12.252836949506058,11.663455311771926,1142.539,-1.4301677320363888
202212,174.0,66.0,90.0,13.74920514345622,13.725339649452975,2091.837,3.528838042642141
202403,67.0,25.0,21.0,15.517036008521131,12.828781267243455,4289.47,-4.3263801727752815
202208,75.0,57.0,8.0,11.276646014262878,11.276658679464603,366.715,-4.347155980963951
202210,442.0,173.0,108.0,11.800267479608905,11.77500507354246,1162.625,30.4857922281044
202410,146.0,41.0,24.0,11.188399585617375,7.875499292445208,352.374,-6.045651941558269
202402,35.0,1.0,13.0,12.662848547872766,12.626442786358524,1063.937,-2.602636618036239
202212,264.0,53.0,42.0,13.492052073936586,12.80768276909682,3303.519,20.03089373869583
202211,384.0,110.0,84.0,9.391244257682517,9.391327705757,1673.928,16.72996915564749
202301,682.0,215.0,206.0,15.18472488217296,14.32145549051053,4957.5,13.117031729045125
202312,335.0,44.0,65.0,12.84199317462792,12.23457749449979,682.683,-5.0525165420414595
202208,72.0,12.0,6.0,11.86573494763037,11.674057433081579,632.876,-6.2918148135823255
202210,11.0,1.0,0.0,6.9865664594064265,6.9874902470009905,0.353,-6.2918148135823255
202405,123.0,18.0,33.0,12.827167815920472,12.144931015087808,797.002,12.906653839543415
202207,345.0,30.0,113.0,12.459077865838522,12.443158548967089,1359.537,-3.184647831885944
202207,386.0,78.0,79.0,13.290520084724879,12.864711193626455,2206.051,-0.0556834639212731
202307,20.0,3.0,4.0,12.30253670481399,12.254586581075802,865.525,-6.20711335129225
202303,203.0,8.0,16.0,10.543576724621428,10.501746964063756,233.026,-6.275982941585651
202207,132.0,36.0,54.0,13.74539384091369,13.635446850309494,6053.688,5.881125920584308
202306,194.0,54.0,28.0,12.169102597728438,12.148681851750922,668.877,-1.1045957651743858
202405,483.0,227.0,81.0,12.931258560465174,12.919777070551918,1319.98,24.151022667360365
202210,187.0,73.0,54.0,12.90477934329535,12.735909406976472,653.144,-5.319485397273138
202308,8.0,1.0,2.0,12.552378515955267,8.754476306284166,826.437,-6.2918148135823255
202401,97.0,21.0,24.0,13.156353125190618,13.15635505835158,1159.704,-6.115648995918721
202309,62.0,7.0,1.0,12.350320164820298,9.935906338791629,233.957,-6.2918148135823255
202410,77.0,0.0,0.0,6.456769655572163,0.6931471805599453,0.143,-6.2918148135823255
202303,46.0,26.0,8.0,12.562512061734427,10.79115244682184,505.883,-2.402497148345576
202207,334.0,152.0,78.0,13.368377785357776,12.794686745790997,2380.807,7.796887084939474
202301,143.0,12.0,78.0,13.816406156795887,13.640996443617857,2077.032,-6.097838814997305
202210,98.0,22.0,24.0,11.980375837428246,11.98038210338686,859.539,-6.115648995918721
202210,139.0,44.0,60.0,13.420764297205999,12.146030666444494,1630.971,-4.871956459967388
202207,551.0,86.0,159.0,14.464105880034865,14.208844378661555,5626.572,-3.197489618068028
202309,161.0,7.0,8.0,12.032831734592305,11.848225586361263,279.996,-6.163522050667392
202310,242.0,92.0,71.0,13.965645471097217,13.84985401198673,2019.748,2.894436407232133
202312,347.0,42.0,112.0,12.73504364175089,12.735046587801342,611.038,-2.1624388841310616
202210,84.0,9.0,13.0,11.740443434550446,11.565337633184944,290.375,-5.319485397273138
202306,333.0,127.0,17.0,12.787217860301435,11.172672088842356,1238.167,-2.684315090218941
202312,81.0,25.0,36.0,13.13324001177916,13.064329521653379,1747.834,-6.213007689051315
202210,276.0,71.0,56.0,8.451053388911692,8.45126704130007,360.009,3.8436437656013194
202307,520.0,251.0,89.0,10.750792555754964,10.66693008931473,1188.617,3.9417094614925983
202403,262.0,110.0,113.0,12.825137238229598,12.787349277185339,1169.598,0.36590500164775364
202210,112.0,14.0,42.0,11.344589650150889,11.33897675783621,356.464,-6.2918148135823255
202403,51.0,9.0,18.0,12.050949826662174,11.916562236021697,432.994,-6.161023081418544
202405,27.0,2.0,10.0,13.230814113409133,13.164510573457028,2286.656,-6.077133859485882
202303,28.0,1.0,7.0,15.468454794879083,15.407939433392702,7133.865,-4.075621492561652
202208,522.0,190.0,166.0,13.379647065263919,13.003381623572306,4382.179,22.66765500065197
202212,233.0,112.0,42.0,13.917495683396558,13.69556982114409,1374.231,5.708473042073379
202310,181.0,25.0,37.0,12.699286081235373,12.388660833441559,956.427,-3.9502639488928804
202402,265.0,24.0,94.0,13.68683023698483,13.49320391390019,861.883,-5.283828118654865
202210,27.0,17.0,5.0,8.946374826141717,8.75904072752422,97.466,-5.787699766714401
202311,107.0,12.0,23.0,11.516339630070016,11.474725031154925,393.185,9.329381501466077
202409,23.0,6.0,8.0,7.746300662231439,7.746732907753622,102.946,-6.2918148135823255
202401,60.0,15.0,19.0,11.263553434726532,11.263412270635875,279.025,-5.099390700889879
202310,576.0,222.0,203.0,14.824124467535864,14.747371049609038,5367.527,29.324729285806562
202301,105.0,31.0,36.0,14.224722637399372,13.946974690277868,2199.203,-4.150296921258081
202407,54.0,8.0,5.0,12.613981432089235,12.134324195206457,1148.266,-6.194456120449732
202301,203.0,8.0,16.0,11.630077190281053,11.105107591278466,347.522,-6.275982941585651
202402,333.0,76.0,76.0,14.698742830935997,14.30304339892086,2955.42,7.535137108019555
202307,114.0,16.0,58.0,12.968382016575132,12.422078786019515,944.576,-6.2918148135823255
202408,20.0,9.0,1.0,12.017904027944292,11.773873342219373,2454.32,-5.122626337567269
202409,156.0,40.0,29.0,12.19824710570888,10.729393952671707,362.825,-5.235513609194072
202401,188.0,41.0,21.0,12.309946055994986,12.309950562681783,548.064,-3.190542169645009
202405,147.0,53.0,43.0,9.382022193665792,9.38210641483062,190.588,-2.8707115177868396
202301,67.0,25.0,21.0,15.775874038303828,12.672504277783824,4675.559,-4.3263801727752815
202301,27.0,17.0,7.0,11.948454102292779,11.948460571497746,145.962,-4.347155980963951
202408,214.0,19.0,64.0,12.536365112361427,11.856664094440628,1779.43,-0.5778139231780983
202410,47.0,2.0,10.0,11.028855365179414,11.028871591701666,126.357,-4.981256199568617
202406,37.0,12.0,9.0,12.5164025585233,12.352469052830635,794.993,-6.276933343152721
202212,106.0,14.0,33.0,13.042436663003313,12.982781718777078,1111.368,23.318257068459815
202409,255.0,118.0,76.0,12.275276828022715,12.054522747402972,1749.604,2.695076501580294
202409,64.0,7.0,24.0,11.92884902564094,11.928855622926157,414.018,-6.250263197204988
202310,126.0,28.0,58.0,13.054262251051615,12.88602819790367,897.999,-6.2867327161806745
202207,646.0,59.0,222.0,13.804143193593173,13.091124484600703,2929.898,32.537189771194676
202211,233.0,47.0,72.0,12.514101314946862,12.504453531028664,633.579,-6.101636080813506
202207,189.0,50.0,49.0,13.084771576852276,12.565259930894602,1291.415,17.815260599823134
202312,33.0,8.0,6.0,10.24555127050591,10.245586785022473,133.262,-4.134603210471063
202303,28.0,12.0,5.0,11.9362435886979,11.888989225106942,787.694,-2.1438873155294784
202301,63.0,4.0,52.0,12.107433932299564,12.056568653109894,353.564,-6.271039005393656
202312,32.0,0.0,2.0,15.027940995465903,13.013864609246,2977.392,-3.3748265646547635
202409,43.0,3.0,4.0,11.791639948519746,9.742496866444002,494.6,-6.275982941585651
202308,82.0,40.0,21.0,11.987294551725604,9.576024610072503,339.101,-4.249797287831357
202210,113.0,24.0,29.0,12.853293681697835,12.761135226189214,1114.399,-6.258381774551138
202309,214.0,1.0,5.0,8.130647968160584,8.130942302231878,16.585,-6.250263197204988
202407,65.0,0.0,4.0,9.839748711569122,0.6931471805599453,522.988,-6.2918148135823255
202407,83.0,11.0,32.0,12.312282300567093,12.099711629538763,715.261,-5.319485397273138
202410,293.0,27.0,20.0,12.402034088028163,11.847875114472316,761.004,14.293551939692664
202403,74.0,12.0,6.0,12.248451827005258,11.683039478656438,519.256,-6.2918148135823255
202210,420.0,12.0,40.0,9.970304725573445,9.957644243488083,812.881,3.9823106763028644
202406,22.0,1.0,19.0,12.784821368781037,12.784824171774073,1258.469,-5.319485397273138
202408,775.0,75.0,195.0,12.772496633557987,12.772499471310883,1349.009,-4.182696992575795
202311,262.0,27.0,38.0,12.216977965780329,11.894275460369526,526.09,-4.2266590788459455
202408,32.0,0.0,2.0,14.247302714602116,12.609154916936545,4158.557,-3.3748265646547635
202310,137.0,60.0,34.0,11.155979055616665,11.15599334510746,355.78,-1.8983821014776519
202303,70.0,27.0,18.0,13.439029329579817,11.075102440753938,448.349,-6.256157534964052
202410,106.0,33.0,22.0,11.758824143405324,11.714804520979714,424.619,-2.3310444298993724
202211,28.0,9.0,14.0,12.747041366823385,12.418478756301642,673.864,-6.258381774551138
202307,1.0,1.0,0.0,12.578446218638138,12.578449664116036,4527.497,-6.2918148135823255
202308,410.0,132.0,67.0,12.033461786919377,11.927138861636093,1984.688,25.38222153132258
202408,76.0,42.0,18.0,14.25459224381357,13.978546503786072,7523.441,-5.183611567707706
202408,204.0,70.0,41.0,12.61291014481195,12.558238940770398,1487.161,-6.235381726775383
202308,104.0,38.0,52.0,12.49365096259955,10.953382174406809,1251.849,-6.210067265090346
202408,103.0,8.0,34.0,14.28316643339153,12.317171167298682,4362.251,-6.276933343152721
202312,38.0,2.0,3.0,14.064951677141275,13.657836344443368,6372.847,-5.969246119114326
202312,15.0,9.0,3.0,12.439629786713155,11.859114624726242,1057.352,-6.2918148135823255
202404,20.0,2.0,4.0,10.677015845042886,10.358218901947211,664.226,-6.20711335129225
202407,116.0,3.0,2.0,9.887510598012987,9.887561401985868,99.507,-6.271039005393656
202309,43.0,4.0,16.0,10.190169124654325,10.124388591297558,423.446,-6.2867327161806745
202406,105.0,21.0,13.0,11.150821524950869,11.139002627621943,146.573,-6.2918148135823255
202312,114.0,13.0,14.0,10.367630290261705,10.367661723458307,293.905,7.320797014746297
202408,113.0,16.0,56.0,12.923292734508397,12.397514981273448,1143.655,-6.2918148135823255
202410,20.0,13.0,5.0,8.548691858475609,8.548885638148727,46.226,-6.2918148135823255
202307,137.0,53.0,58.0,13.69666733550842,13.641523770280369,4531.328,-4.1700397617332765
202208,144.0,18.0,62.0,13.942001348615682,11.726753763726352,2918.088,-2.3817213401569073
202408,96.0,48.0,17.0,11.910795133956562,11.910801851429717,874.251,-6.177278301592221
202410,1.0,0.0,0.0,9.379323364330956,0.6931471805599453,153.13,-6.2918148135823255
202307,473.0,197.0,93.0,11.191024549131765,10.450770459312455,1495.758,10.461203517475537
202301,191.0,44.0,55.0,13.333903872867504,13.248826851032426,962.194,4.14597228587918
202212,48.0,6.0,22.0,13.398996130336059,12.472325493493551,2252.388,-6.179574650020127
202212,261.0,43.0,105.0,12.98963623271429,12.832607155390773,1220.63,11.697191721435113
202208,81.0,34.0,8.0,9.71087320625674,9.703694249830134,119.382,-5.996362363483974
202208,216.0,39.0,80.0,13.123252981589161,13.011085387982465,2359.658,4.864773966773923
202410,55.0,6.0,1.0,12.567843582810276,9.566965314664873,579.157,-6.2918148135823255
202303,88.0,18.0,13.0,9.285169512596832,9.284148299120902,162.781,-6.2918148135823255
202207,133.0,13.0,48.0,12.94099496622274,12.325383402514724,1531.391,5.476437299221486
202404,146.0,0.0,10.0,8.133587417660966,8.109224953089955,58.629,-6.256157534964052
202210,35.0,11.0,18.0,10.430934277318356,10.228393152785875,142.503,-4.347155980963951
202301,66.0,15.0,21.0,14.828200331163282,12.922443066999543,2842.141,-4.177849112367331
202404,502.0,191.0,119.0,13.885590571631296,12.799236494099253,1940.75,11.364541954847182
202303,431.0,7.0,31.0,10.405232067565926,10.285308664729895,179.652,-6.271039005393656
202210,314.0,87.0,56.0,9.893487720457795,9.89353822168246,410.663,-1.287434953403972
202210,323.0,76.0,125.0,13.605233872356887,13.541259221370424,1788.048,7.625813900775691
202303,207.0,42.0,53.0,13.72424359333818,13.334889159177715,1760.159,0.6771874470456583
202301,584.0,121.0,171.0,14.407678168052545,13.591774331052575,3030.705,6.864439025423993
202401,97.0,16.0,31.0,13.879782168484375,13.321055207111604,1029.107,-4.292947133744094
202409,31.0,4.0,2.0,9.398395460617898,0.6931471805599453,33.042,-6.256157534964052
202408,118.0,16.0,75.0,12.197072263332874,12.145690806739555,755.581,-6.255207133396982
202301,241.0,30.0,90.0,10.973237296519136,10.973254451090401,493.784,-5.807709751409733
202402,282.0,82.0,41.0,12.707614306370564,12.627985085016938,638.278,-4.23646438508353
202310,200.0,62.0,73.0,13.259750327804403,13.151694969369554,1981.167,8.630543388402591
202301,202.0,7.0,35.0,12.940568082110497,12.813566617281484,197.499,-6.256157534964052
202303,24.0,3.0,3.0,14.344707196522814,12.743930581677459,1605.161,-4.347155980963951
202409,52.0,5.0,2.0,10.79294137445669,6.501289670540389,48.305,-6.2918148135823255
202310,84.0,6.0,11.0,12.526204967027263,11.911547210596385,1166.111,-6.2867327161806745
202212,27.0,2.0,10.0,13.8526714588524,13.575832308850963,2952.604,-6.1410595135872885
202408,20.0,1.0,10.0,13.84654981718644,13.783095831450533,5367.396,-5.999738734184544
202301,62.0,8.0,24.0,13.552283020984268,11.776296914364346,1211.859,-6.2918148135823255
202401,24.0,3.0,3.0,14.443641770093492,12.815514795290639,2063.998,-4.347155980963951
202402,140.0,43.0,62.0,14.249473711735842,12.852547417891689,1620.607,-4.871956459967388
202307,296.0,125.0,96.0,11.148419941916307,11.106084410682133,560.136,-6.241276064534448
202301,350.0,158.0,60.0,13.599520112081771,13.54981956607021,2020.499,20.607095087914622
202301,905.0,395.0,171.0,13.788403457843446,13.084676048017032,2805.11,21.00997528848415
202309,371.0,43.0,48.0,10.539614544996624,10.521237468623626,365.653,-2.5849758745700377
202308,2.0,0.0,0.0,11.438341995170033,0.6931471805599453,285.515,-6.2918148135823255
202408,179.0,11.0,7.0,9.386476169683052,9.386560016578668,113.742,-6.2918148135823255
202311,163.0,5.0,5.0,9.169518377455928,8.52793528794814,128.793,-6.2620518727231165
202208,35.0,1.0,13.0,12.848239640573606,12.738825109442107,1406.352,-2.60771871543789
202407,121.0,59.0,42.0,12.53667770387334,12.536681296311258,970.164,-2.423231939076997
202307,173.0,70.0,27.0,8.145839612936841,8.146129510025405,232.706,2.180537645072137
202407,4.0,0.0,1.0,13.089418609244596,12.946396784981438,2439.154,-6.227889159480919
202307,27.0,17.0,5.0,8.46863300080086,8.388450315523512,109.407,-5.787699766714401
202402,62.0,9.0,4.0,12.128559652096397,11.824826867300077,465.313,-6.2918148135823255
202303,122.0,57.0,45.0,12.794311985737142,12.680158555916124,769.927,-2.423231939076997
202407,178.0,50.0,49.0,10.488018924717574,10.47506014357522,499.868,-4.5469611445611635
202306,84.0,4.0,11.0,10.682399500056867,10.682422445046257,239.166,-6.227889159480919
202301,313.0,69.0,101.0,15.385294959601703,13.531049957661256,4315.62,24.90548162687338
202210,14.0,3.0,1.0,12.25499613414484,11.768288353830998,11180.125,-6.276933343152721
202208,108.0,13.0,22.0,12.786714401810741,12.78521931515881,578.796,9.329381501466077
202404,22.0,0.0,0.0,13.677495988044267,10.014536856311423,21306.732,-5.319485397273138
202303,119.0,27.0,32.0,14.24865503337916,13.405975679564195,1816.567,1.3204483923251482
202211,170.0,30.0,110.0,13.998289510137012,13.700798676482352,2273.967,-0.9899783392698707
202403,101.0,15.0,16.0,11.256496551406977,11.256509474392447,110.973,-5.271170887812346
202303,7.0,1.0,1.0,12.246931439373325,10.85003587157098,1031.718,-6.2918148135823255
202207,205.0,70.0,41.0,12.471842642363265,12.449265852450088,1289.43,-6.235381726775383
202301,41.0,6.0,28.0,13.624266513904905,13.596840734589476,2002.621,-5.2860523582419505
202312,113.0,14.0,43.0,12.34422895173512,12.330217623271025,384.765,-6.2918148135823255
202301,131.0,12.0,24.0,15.099536839136528,11.337917101470499,941.832,-6.2918148135823255
202312,3.0,0.0,0.0,13.090755056333176,13.090757120557384,1119.19,-6.100037851278107
202210,100.0,22.0,21.0,11.46344105987132,11.277987633773307,383.151,-6.227889159480919
202303,143.0,61.0,69.0,11.602116963766376,11.60212611042853,770.316,-5.954397856235217
202310,214.0,43.0,130.0,12.711962106465219,12.651216695122313,910.446,-5.255559743171732
202311,80.0,21.0,30.0,11.436087616245603,11.047152872252308,145.043,-6.271039005393656
202402,41.0,4.0,18.0,13.891196712703909,13.635098377151273,1898.067,0.5479241396131735
202409,138.0,9.0,1.0,10.881738484533054,9.711903228462988,283.301,-6.227889159480919
202208,50.0,2.0,21.0,13.774260346772346,12.266659619579118,1211.633,-6.227889159480919
202309,229.0,19.0,14.0,7.895808377083183,7.259819610363186,133.474,-6.166373975272326
202310,38.0,5.0,9.0,13.01592895197844,11.163892673824131,543.116,0.5303229725786602
202303,287.0,76.0,113.0,13.598496930220044,13.270941990633325,1439.578,-5.216507096043242
202306,344.0,30.0,113.0,12.917258643886502,12.905549749784988,1176.961,-3.184647831885944
202408,262.0,101.0,51.0,10.036487553997372,10.036531326293892,421.462,-3.9969992266279197
202403,374.0,69.0,156.0,15.147547235232599,14.924262268517607,5446.937,-3.261415272169434
202210,207.0,42.0,52.0,13.6240873061239,13.243275733847254,1766.254,0.6132617929442521
202210,120.0,23.0,57.0,13.614857195685236,13.091202893154705,2086.392,-6.11447786699559
202409,64.0,1.0,2.0,10.305312710723697,10.30534616505018,156.855,-6.2867327161806745
202407,540.0,19.0,78.0,12.40477595240649,12.214477227873983,680.681,-6.204668384349104
202401,161.0,7.0,41.0,13.949330533944615,13.76399408077856,1941.582,-0.3455981521650031
202409,4.0,1.0,2.0,10.69187672875773,9.77673314419063,176.685,-6.2918148135823255
202405,85.0,9.0,25.0,12.794778332446608,11.698599728489958,687.864,-4.216364248800169
202301,153.0,31.0,58.0,14.041186899056754,13.978765666415814,1256.44,-5.234783934983064
202303,251.0,22.0,88.0,14.026332914146389,13.797186696754379,3596.929,41.19067926259531
202211,891.0,188.0,175.0,14.217758496527752,14.102956852622656,3829.139,6.241062330234923
202406,54.0,21.0,13.0,9.878067175189218,9.878118461185586,187.406,-5.030349741836326
202212,56.0,19.0,17.0,13.704093963445992,13.402112567584327,2039.975,-2.118476797860911
202210,6.0,2.0,2.0,9.416215681723873,9.416297071867572,354.612,-6.2918148135823255
202309,96.0,10.0,1.0,8.289288323000317,8.203577736937952,35.209,-6.256157534964052
202403,483.0,121.0,83.0,12.135033038050242,10.448685617092117,2278.247,81.60180558106921
202301,333.0,21.0,36.0,15.140303913355508,13.433476779558651,4728.391,-3.77172637685948
202212,122.0,10.0,13.0,11.7345478599125,11.433026913572343,467.477,-6.2918148135823255
202301,42.0,8.0,22.0,13.251546078159917,12.12648816618733,769.745,-6.2918148135823255
202208,154.0,15.0,34.0,15.342671685698805,14.854619096404623,15995.585,3.991978124588506
202409,395.0,23.0,31.0,11.910586869903863,11.908629757599385,558.112,12.5919052850869
202208,231.0,8.0,13.0,10.001475960864331,9.876835521538702,185.394,-6.2918148135823255
202301,160.0,38.0,59.0,15.260324031753429,13.464228190769525,2469.666,18.7357274186638
202212,227.0,22.0,27.0,13.249658364011067,13.190289279882236,2324.643,5.724084186713993
202301,268.0,93.0,54.0,12.090717909167145,12.030402916196566,738.679,4.653666403061202
202210,519.0,138.0,92.0,11.574067599912466,11.488366343469526,597.239,38.44912294820756
202210,295.0,43.0,68.0,11.734948388615734,11.73495639755371,489.607,-6.2918148135823255
202207,55.0,1.0,1.0,10.433144744037243,10.433174183943038,2245.894,-5.780409580771076
202407,294.0,20.0,8.0,11.13940950383547,10.148705658168648,236.786,-6.2918148135823255
202301,211.0,40.0,15.0,12.765774144078051,12.41049402564524,490.464,1.3029192553388693
202312,171.0,35.0,69.0,15.67780506448563,14.06789052946343,6795.951,-2.053654744498136
202311,25.0,13.0,11.0,13.119170284906193,13.112759406561606,1032.033,-6.2918148135823255
202210,33.0,8.0,6.0,9.509407389294527,9.509481537516857,195.413,-4.134603210471063
202212,92.0,9.0,39.0,12.896691632901286,11.65402564194468,376.304,-6.2918148135823255
202309,2.0,0.0,0.0,10.849142893040186,0.6931471805599453,659.587,-6.2918148135823255
202310,31.0,6.0,13.0,9.986172919154736,9.967682264578125,168.616,-1.1942411636564554
202306,187.0,33.0,99.0,13.977417650327876,13.869500513091703,3984.04,-5.623970452537256
202401,1.0,0.0,0.0,15.868220600561584,15.868220728948074,6854.246,-6.0717201171990665
202409,483.0,95.0,152.0,12.775469018653943,12.28935624966691,1888.379,0.15808979409065316
202303,396.0,213.0,63.0,12.570392790302602,12.55070436003059,757.32,3.1075501443841613
202402,31.0,7.0,8.0,13.353506843895566,13.199752104847407,533.608,-6.1422507854609
202310,261.0,91.0,79.0,11.737100484138523,11.603506297201317,500.407,-5.112826964539315
202210,300.0,46.0,60.0,11.765876331333438,11.493487771077753,530.859,-4.296617231916073
202210,36.0,12.0,11.0,13.390136066861743,13.029548282285758,2300.841,-6.084935653492442
202308,67.0,11.0,13.0,11.187735345248655,8.54188580400661,181.53,-6.271039005393656
202210,96.0,49.0,16.0,12.035711279654933,12.029651646157177,641.183,-6.177278301592221
202406,246.0,54.0,24.0,11.995857658991769,11.69400458359076,445.871,-6.256157534964052
202212,252.0,23.0,88.0,14.568678413295466,14.332181265894238,3906.155,41.19067926259531
202310,50.0,7.0,26.0,13.040513203914822,12.590341355494669,892.413,-5.191561980229505
202410,153.0,10.0,49.0,13.175086748744214,12.010355770723068,5211.186,-6.271039005393656
202301,82.0,9.0,6.0,13.561098193172334,12.840265683246448,1434.288,-6.271039005393656
202408,63.0,17.0,29.0,12.432143906915718,12.332454163610738,1825.942,-6.1783150217409615
202401,115.0,2.0,4.0,14.239753585528286,10.68276655672536,1179.161,-6.20711335129225
202409,129.0,11.0,35.0,12.563037047571868,10.489300047824898,1524.15,-6.100037851278107
202301,144.0,18.0,62.0,14.267734562264009,12.930158743495623,2560.031,-2.3817213401569073
202408,482.0,227.0,81.0,13.253987953208624,13.251240204325216,2046.901,24.151022667360365
202408,896.0,185.0,183.0,13.489677919547397,13.465474953324806,5689.627,6.241062330234923
202308,540.0,166.0,54.0,9.726452000171411,7.045776576879511,463.359,-0.1032330822169989
202405,90.0,39.0,17.0,12.487020846273571,11.319401393668281,503.423,-6.023405607738274
202406,73.0,3.0,17.0,14.00500714588211,12.708361938273878,4247.351,-3.2135422174207635
202303,110.0,20.0,41.0,12.005784654605076,11.76745915032253,429.225,-6.140109112020218
202310,228.0,13.0,92.0,12.083243776038787,11.999319042195566,687.376,7.807344037147072
202408,371.0,249.0,54.0,10.112775557559896,9.46412951340478,422.984,-3.325561653626901
202407,191.0,40.0,40.0,11.459988715586867,10.863297438323778,530.563,-4.255065615538735
202307,18.0,6.0,1.0,14.160695443277186,13.952932373071855,3763.512,-4.2193046727611385
202405,74.0,14.0,40.0,12.357896334298296,12.21132383387537,788.502,-6.275982941585651
202404,106.0,23.0,25.0,13.415482144214248,12.52229844209918,1364.148,-6.258381774551138
202406,183.0,44.0,26.0,10.901284535965422,10.622789690572924,328.454,-0.902336453018826
202306,89.0,31.0,10.0,13.39353489772912,12.683467641201323,4327.983,-4.934760343741571
202210,259.0,37.0,35.0,12.453069432866544,12.438996216165663,1722.311,0.17982885910427182
202312,59.0,12.0,17.0,12.904100396705847,12.672849198361442,299.975,3.431479349509548
202401,488.0,138.0,93.0,13.00595539592748,12.862452101897905,1117.7,38.44912294820756
202210,54.0,23.0,12.0,12.740367695074083,12.50885882449658,1046.317,-5.255339015815672
202312,215.0,63.0,56.0,11.285535410008588,11.285547963123957,608.798,3.1907485795866837
202306,191.0,41.0,37.0,11.53256141170931,11.178906217310082,434.13,-4.255065615538735
202403,104.0,28.0,34.0,14.368632736551918,13.734888182315716,3668.359,-4.971539392687067
202402,369.0,36.0,183.0,15.35492549711012,14.419969137598738,6315.492,-5.283828118654865
202210,224.0,84.0,75.0,13.296657802810897,13.194019632268175,1524.899,9.284926486679952
202407,296.0,124.0,97.0,11.320783848837403,11.29445846153992,579.404,-6.241276064534448
202404,55.0,15.0,19.0,12.201622759456543,12.183397496490956,594.321,-6.160479637513261
202406,71.0,23.0,19.0,12.145531457733025,6.63200177739563,639.554,-6.0851563808485025
202402,52.0,12.0,9.0,10.072259391783,10.072301625971582,217.032,-3.3748265646547635
202312,143.0,12.0,78.0,13.869544094456698,13.667581152482317,1785.693,-6.097838814997305
202409,110.0,5.0,7.0,12.552675536207866,10.050009205198895,771.177,-6.2918148135823255
202309,2.0,0.0,0.0,7.311218384419629,0.6931471805599453,810.577,-6.2918148135823255
202312,22.0,5.0,14.0,12.25048179849758,12.027173226537478,548.086,-6.2918148135823255
202301,39.0,5.0,8.0,14.946275692435032,14.42960479087659,2284.186,-3.341393525623576
202409,27.0,2.0,2.0,8.455743229100015,8.455955881945048,43.296,-6.2867327161806745
202303,321.0,17.0,12.0,13.820675198220265,13.667237901989582,3318.253,-4.091453364558326
202407,626.0,196.0,174.0,13.119914381059292,12.648348513904487,2730.868,19.78013693517932
202308,493.0,130.0,89.0,12.447189701334532,11.678278873534028,1203.299,-3.7476370464032756
202306,144.0,68.0,29.0,12.083113738129725,11.95145132693819,984.353,0.260957685237166
202402,454.0,128.0,74.0,12.053259404266438,12.021771129910755,797.545,0.5145814766351418
202311,145.0,98.0,19.0,11.623383963801382,11.623392917996199,313.209,-3.906966588197433
202407,576.0,217.0,208.0,14.767203954280378,14.663380683148167,7399.026,28.385832908528563
202408,35.0,1.0,13.0,12.969130609500326,12.942827536897289,1461.716,-2.602636618036239
202208,98.0,22.0,24.0,11.87655417533623,11.876561126804553,1225.812,-6.115648995918721
202310,192.0,39.0,70.0,14.292787671176509,14.273225236415689,2228.316,15.199551434152157
202211,185.0,13.0,46.0,14.085193361091997,12.883092984807414,4724.687,-6.240325662967377
202410,592.0,129.0,214.0,13.262067926828196,12.126769664191636,3954.814,7.37431120701963
202210,149.0,30.0,91.0,13.9402771517148,13.683077989982198,2821.624,8.610579820571337
202212,61.0,8.0,17.0,12.61158108603281,12.598439005048757,316.171,16.169120454661574
202406,467.0,135.0,190.0,15.121925593896316,15.053096652422525,10405.723,48.394478597619255
202405,1.0,0.0,0.0,12.93900047860194,0.6931471805599453,15.217,-6.2918148135823255
202212,109.0,36.0,23.0,11.60769913724376,11.607708232990133,235.924,-6.20711335129225
202310,76.0,42.0,18.0,14.029255682098462,13.830227727191039,5053.114,-5.183611567707706
202404,67.0,20.0,10.0,10.162075464783532,9.958307122300235,54.534,-6.271039005393656
202308,119.0,11.0,48.0,12.832489571525281,12.293368981915018,1345.718,-4.305604364586613
202309,2.0,0.0,0.0,9.593150789519541,0.6931471805599453,311.758,-6.2918148135823255
202207,131.0,28.0,46.0,12.87896609706285,12.697195437020296,1139.185,27.427669430079817
202303,136.0,59.0,34.0,11.528651165431711,11.527961849796341,382.658,-1.8983821014776519
202311,51.0,10.0,34.0,12.482726631558842,12.401606533796263,674.578,-6.266769148349419
202212,91.0,35.0,31.0,10.965418567609882,9.991544216356411,1806.308,-0.63400981332118
202212,77.0,19.0,26.0,13.302524268306664,12.421260635115727,533.377,-6.213007689051315
202303,103.0,44.0,12.0,11.793227874568732,11.69162379914673,326.669,-6.227889159480919
202410,126.0,13.0,11.0,10.645401087458245,5.8377304471659395,130.841,-6.2918148135823255
202307,82.0,15.0,33.0,11.75883978331211,11.758847603173777,623.643,-5.139428754081495
202301,176.0,28.0,80.0,11.899418400858922,11.899425195191089,1464.673,-1.32159766664617
202211,335.0,103.0,71.0,11.591718160935327,11.453589387623682,548.631,2.891360483269791
202208,330.0,21.0,36.0,13.986708812910145,12.937827370524648,4165.943,-3.77172637685948
202405,191.0,48.0,30.0,10.816211932530674,10.684302144847834,178.937,-2.2694811765947094
202210,61.0,1.0,10.0,13.432836255156884,12.633083958059323,2584.347,12.656066528089939
202405,70.0,18.0,45.0,12.618695409724936,12.356903535232757,1100.254,-6.2918148135823255
202401,189.0,83.0,41.0,13.51396888340591,13.513970235346452,1218.498,0.9014989339117472
202212,71.0,13.0,11.0,11.876401230806131,11.876408183337722,660.075,8.108932412098886
202311,26.0,13.0,7.0,12.380865935903337,12.239202733037216,308.467,-5.265276550053281
202303,39.0,6.0,20.0,12.56701447335866,12.175113313003783,673.67,-0.3939126616257953
202401,111.0,28.0,61.0,12.758508433129368,12.70220992174805,1012.116,-1.9261143207481028
202212,77.0,18.0,16.0,13.53225865779181,13.06634948482057,1657.221,6.369243406625779
202212,381.0,6.0,20.0,12.852078426960293,11.876227401804758,614.068,-5.772818296284798
202312,55.0,16.0,2.0,10.71798916150825,10.718011304262587,192.902,2.492582972231549
202311,274.0,43.0,188.0,12.867424675083726,12.746336675940935,1648.432,7.264747061396806
202311,610.0,197.0,76.0,10.777309100685118,0.6931471805599453,886.624,5.39234085453832
202207,89.0,38.0,21.0,10.826654588349715,10.50344979336838,375.087,-5.2860523582419505
202303,55.0,8.0,19.0,12.261360700227335,12.261365431278882,385.082,-1.3069511333134747
202210,94.0,8.0,46.0,11.68162127818237,11.681629725804997,381.709,-5.503679416229737
202303,263.0,109.0,115.0,12.42074037836334,12.381713603399888,954.62,0.36590500164775364
202402,455.0,189.0,58.0,13.198987324693674,12.996303432443586,752.565,16.63319744833789
202212,367.0,213.0,52.0,14.173809282856864,13.499319265599992,1003.086,-2.73774490463188
202401,363.0,82.0,80.0,14.639435092262694,13.686510597162723,2567.346,11.719345031803117
202301,57.0,10.0,20.0,13.744791912471351,12.12532885882482,2478.073,-6.276933343152721
202406,166.0,27.0,75.0,13.662347723390525,13.623669433525357,2415.385,30.897573510738717
202208,542.0,167.0,87.0,12.010112504631337,11.94457800283204,1410.423,35.999776190214114
202404,389.0,69.0,82.0,13.561278735366825,13.037611264536261,1431.826,-2.9133807682273276
202401,102.0,18.0,32.0,12.92510197480422,12.92510441092606,758.566,-1.7422130591957998
202310,259.0,82.0,28.0,12.683675452744918,12.636064498814934,819.668,23.016977985203226
202211,383.0,108.0,70.0,12.345069077585755,12.334439474726203,501.323,15.136040025405139
202310,28.0,1.0,7.0,15.350648972212404,15.282848126091285,6806.616,-4.075621492561652
202410,208.0,19.0,20.0,11.767978451680122,11.452814461229444,613.369,-4.165095825541282
202301,72.0,22.0,39.0,12.180600979556504,12.128148941182467,566.054,-6.271039005393656
202403,84.0,6.0,12.0,13.096606498683615,12.680917661328225,1393.481,-6.2867327161806745
202310,271.0,39.0,94.0,14.618280009986288,14.05222796623421,5844.338,-1.3967346930052011
202306,122.0,7.0,75.0,12.694977760872176,12.58486860565487,1083.39,-6.2918148135823255
202210,25.0,4.0,11.0,12.451564600508146,12.051539392531131,1958.911,-6.097097427317138
202306,235.0,29.0,55.0,11.795250715235253,11.344187235658536,535.136,-1.1951915652235252
202212,341.0,165.0,50.0,12.246422528623365,12.091660173138058,648.615,0.46426345494332466
202407,27.0,16.0,8.0,10.030076149635702,10.030120203469494,145.602,-4.347155980963951
202406,191.0,48.0,30.0,10.540672662176004,10.41538260426014,207.39,-2.2694811765947094
202403,65.0,19.0,23.0,14.703242954962468,14.334160293384539,7950.294,-5.158201050039138
202212,45.0,14.0,16.0,13.31506586539912,12.460447386274337,642.354,-4.283230326862545
202208,240.0,30.0,90.0,9.21492982430999,9.215029361462314,553.805,-5.807709751409733
202409,19.0,0.0,1.0,8.759668671029939,4.962844630259907,2.55,-6.271039005393656
202208,118.0,28.0,31.0,13.647886856554834,12.990120297405744,2934.018,1.3204483923251482
202402,77.0,15.0,10.0,14.275351471304733,12.30199173082301,2071.194,-3.2135422174207635
202303,249.0,80.0,43.0,11.637600253404457,11.577092041945145,302.128,-3.831843771579251
202210,15.0,8.0,3.0,12.718222392258296,11.343204190152012,892.632,-6.2918148135823255
202303,99.0,21.0,48.0,13.423551826713998,12.690940256424451,1252.206,-6.271039005393656
202311,83.0,37.0,25.0,14.237215089947485,13.28909741085657,2530.637,-6.204172927331281
202211,85.0,13.0,16.0,13.224484853031077,13.224486658869171,482.034,32.89616510643222
202303,383.0,80.0,97.0,13.333884448602712,12.996652751275423,1658.018,32.12883872481879
202210,76.0,9.0,7.0,12.34247678286946,12.008139865222,829.47,-6.2425499025544635
202403,516.0,232.0,96.0,11.822907044916777,11.70414894844823,1975.115,20.656971435937876
202402,47.0,11.0,16.0,13.724507588795923,13.050712691340976,953.976,-6.178624248453057
202405,68.0,19.0,26.0,13.07013701626641,13.068306267194048,1030.36,-4.021680070085478
202210,106.0,31.0,36.0,13.321281447005548,13.10274213365716,1937.828,-4.150296921258081
202303,187.0,46.0,19.0,12.48133415110649,11.688222406827219,637.134,-4.267398454865869
202311,92.0,11.0,27.0,12.285082512314837,12.037292982002693,672.011,-5.319485397273138
202409,42.0,5.0,15.0,12.768513012013663,9.70649895869877,1112.165,-4.185871633729951
202405,140.0,39.0,45.0,13.418013619505286,13.416819454392911,1687.131,9.774686199184744
202307,255.0,130.0,67.0,12.297735272001797,12.0767096957207,2103.919,-5.0637827808675135
202306,208.0,32.0,55.0,12.601005820353928,12.60081042099745,1168.729,17.20537552507217
202301,244.0,72.0,73.0,13.318166975010904,12.765291211726343,901.162,6.825899863055858
202301,59.0,6.0,14.0,15.85506781637687,14.768767540522955,13477.676,-6.227889159480919
202309,86.0,11.0,10.0,8.163656176168432,8.163940954755008,39.838,-6.276933343152721
202408,145.0,23.0,60.0,12.190786403992472,11.310393037560129,1365.663,0.04627673114072284
202410,4.0,0.0,4.0,6.80128303447162,6.802394763324311,35.828,-6.2918148135823255
202410,40.0,2.0,15.0,11.709881086263998,9.833655042937448,72.177,-6.2918148135823255
202402,191.0,44.0,56.0,13.248742251645721,13.156482638712882,930.96,4.14597228587918
202312,529.0,161.0,90.0,12.494033429138392,12.478859330465253,649.602,-4.156756520839071
202210,57.0,15.0,22.0,13.786546109059787,13.604390681688445,4663.469,-4.204423202331534
202310,94.0,15.0,28.0,12.673923960207766,11.598662697248793,1887.956,15.483328385828434
202311,4.0,0.0,0.0,12.270389267049845,12.270393955579124,687.326,-6.036112197176701
202210,216.0,58.0,62.0,11.661285123440093,11.498674399200368,714.261,-5.047950908870839
202306,248.0,60.0,69.0,13.201882255595462,12.740651904599945,1518.67,12.578997367743392
202301,244.0,72.0,73.0,13.445693924772472,12.905013013130882,944.47,6.825899863055858
202308,33.0,7.0,5.0,4.290459441148391,3.912023005428146,39.081,-6.2918148135823255
202208,172.0,31.0,51.0,12.787410785537912,12.60768701572117,1242.039,-3.3540507564660946
202401,218.0,66.0,83.0,14.208110598164,14.051353924160594,1930.94,-2.134087942501525
202303,204.0,14.0,23.0,12.420530585895733,11.88093097491801,595.278,-6.2918148135823255
202404,269.0,45.0,38.0,12.127267505087643,11.707644850099879,519.998,-4.221715142653951
202310,133.0,36.0,53.0,13.655301898911897,13.543143936290267,3901.625,5.945051574685715
202308,326.0,48.0,13.0,10.776829028873854,10.281307359823968,663.916,-6.079262043089438
202408,74.0,12.0,6.0,11.883074227950825,11.6479544855899,716.659,-6.2918148135823255
202406,249.0,43.0,74.0,11.368049970645048,11.361427929108464,337.004,-6.251075437562401
202309,11.0,6.0,2.0,10.302062309939538,10.302095873181079,314.092,-6.194456120449732
202212,152.0,34.0,33.0,13.704049248026095,13.102933840501272,700.679,-6.256157534964052
202401,89.0,29.0,24.0,12.550332338193932,12.460362088507535,504.13,-6.2918148135823255
202210,157.0,40.0,59.0,13.227251181351578,12.920780710667204,1259.29,-6.276933343152721
202401,95.0,34.0,20.0,13.377986509873173,11.974714194131336,307.58,-4.02752771045692
202409,5.0,1.0,0.0,6.135564891081739,6.137727054086234,1.05,-6.2918148135823255
202301,367.0,74.0,205.0,14.90574451287741,14.310781634551224,4156.938,23.870881954500845
202406,17.0,5.0,5.0,12.264525498999317,11.614832022576538,613.801,-4.347155980963951
202407,413.0,109.0,41.0,8.446770727119691,8.446985296372741,295.648,-1.243429188468288
202309,34.0,9.0,9.0,8.210668031162976,8.198089248956116,77.031,-3.3748265646547635
202405,73.0,3.0,17.0,14.119956822811131,12.70652363844048,3620.224,-3.2135422174207635
202303,581.0,248.0,165.0,12.232612331717158,12.166380221138638,1168.457,8.059934435594464
202403,86.0,22.0,34.0,11.928875414520668,11.881615932515475,258.391,-6.276933343152721
202312,74.0,21.0,33.0,12.850764605820716,12.71027840627295,731.072,-6.276933343152721
202208,88.0,29.0,14.0,11.744259383468137,11.744267318181317,302.541,-6.271039005393656
202407,161.0,49.0,30.0,13.561656478927276,12.522892315024189,2061.76,9.270863909721115
202309,45.0,3.0,37.0,11.859941915467113,11.196226443447955,207.342,-6.2918148135823255
202208,153.0,23.0,44.0,13.173370130742914,12.352987207692804,1819.466,26.54574229582144
202309,227.0,45.0,111.0,12.92083698260257,12.315312626322537,2331.777,2.0580223691775323
202404,56.0,4.0,4.0,9.54043517305957,9.357207447785735,68.02,-6.2918148135823255
202404,63.0,17.0,20.0,12.30288624009451,12.302890778710188,522.454,-5.2777956196861435
202310,230.0,19.0,31.0,11.665217275312488,11.08161933510224,282.779,-6.271039005393656
202312,78.0,18.0,42.0,13.58448099362594,13.584482253521633,754.803,-6.163963505379513
202405,251.0,81.0,49.0,12.229671977780498,12.110095743515982,662.211,35.34435347110993
202301,82.0,15.0,32.0,12.476115049802264,12.476118866530603,631.688,-5.139428754081495
202312,125.0,39.0,40.0,12.652580523785861,12.65258372307434,563.461,-1.351368948644038
202404,625.0,241.0,144.0,14.05058347065728,13.762854229804946,3175.837,26.25729181216753
202409,122.0,35.0,24.0,12.148332297693594,11.505276284438613,915.622,15.336804120379897
202404,877.0,407.0,173.0,13.323424905572336,13.314557704287918,2292.341,17.306108066547367
202406,253.0,79.0,68.0,11.650362968799623,11.643620338475396,643.95,5.9703627536423625
202402,290.0,108.0,128.0,14.481073775004411,14.180897839035309,6014.201,-5.935578862889951
202409,19.0,1.0,3.0,12.379672949178746,10.790081672673447,900.399,-4.347155980963951
202306,45.0,17.0,16.0,10.5993809587641,10.234552338068042,302.888,-4.347155980963951
202306,57.0,15.0,22.0,13.870818482927524,13.70380439565464,4799.371,-4.140497548230128
202409,158.0,13.0,14.0,10.181308665141033,10.087307985453819,152.946,-6.2918148135823255
202207,98.0,9.0,51.0,12.269103781132804,11.788076855324142,629.004,-6.2918148135823255
202208,18.0,3.0,0.0,12.947605146416578,12.805098689094129,2085.556,-6.0682030417823185
202309,130.0,16.0,25.0,12.296813310074674,11.096743132020858,710.368,-0.14038492621134857
202309,12.0,0.0,4.0,12.345391011278895,9.839375607068884,1122.326,-6.271039005393656
202301,40.0,26.0,8.0,12.677815386643823,12.618112757515396,1392.591,-6.227889159480919
202409,79.0,6.0,9.0,12.13880507057714,11.08512271914035,783.488,-0.43706250753853215
202306,272.0,39.0,94.0,14.352233726634628,13.88868294974199,6625.817,-1.3967346930052011
202404,106.0,27.0,16.0,11.028043703175827,10.550328980219563,186.04,-3.359945094225159
202403,204.0,15.0,22.0,12.641533353673719,11.929752448487763,620.739,-6.2918148135823255
202307,96.0,17.0,27.0,14.987661370967182,12.03544445407723,11922.912,-6.2918148135823255
202308,2.0,0.0,0.0,11.187153772771103,0.6931471805599453,211.172,-6.2918148135823255
202403,75.0,7.0,36.0,13.541228963368331,13.022863432780499,1003.067,10.677974656440375
202210,114.0,16.0,58.0,12.816120785920404,12.343239920317018,725.617,-6.2918148135823255
202312,478.0,171.0,107.0,12.852052219861314,12.077483306530675,1133.521,7.411127266748876
202401,239.0,104.0,78.0,11.709881086263998,11.108709576262497,1624.288,-5.304603926843534
202303,138.0,60.0,31.0,9.760021257510846,9.760078969240771,479.096,-2.9776156490408296
202301,516.0,130.0,105.0,13.17827857432583,12.854219845093203,2994.815,38.69938943936332
202303,113.0,9.0,13.0,12.043371346462903,11.355698391225406,333.986,-6.250263197204988
202409,668.0,222.0,85.0,9.104090572133472,9.104201775914515,1056.076,0.8558004568965405
202404,349.0,158.0,59.0,13.06723114476628,13.039768415499092,1450.746,20.607095087914622
202207,35.0,3.0,16.0,13.688476866624953,13.453169592398915,2935.697,-4.072852437360835
202405,365.0,74.0,70.0,11.599561771629775,11.599570941693186,441.278,8.973407295587013
202406,546.0,140.0,149.0,11.08111124803906,9.63469265580283,738.638,21.830354030983436
202211,112.0,14.0,42.0,11.697502808895521,11.682820126756056,318.31,-6.2918148135823255
202207,48.0,7.0,20.0,14.044815091391957,13.42086965619459,6525.752,1.740348252305619
202401,84.0,4.0,11.0,11.23166274432063,11.231675992248986,238.374,-6.227889159480919
202207,170.0,14.0,69.0,13.259612600325026,13.150176968329745,2827.761,12.740767990380013
202403,156.0,14.0,35.0,15.170526045868357,14.27144695604024,14485.629,3.019648708279318
202309,215.0,45.0,24.0,11.03342084390342,9.602855320908718,282.707,13.438884239139243
202405,371.0,124.0,145.0,12.814560226956326,12.498193601545058,832.093,8.014514142927261
202312,134.0,44.0,40.0,12.888045120996626,11.899051438352934,500.533,-4.283230326862545
202303,22.0,1.0,19.0,12.913169574343415,12.913172039708122,1119.785,-5.319485397273138
202210,206.0,51.0,52.0,9.845646552846278,9.68502054910582,252.969,-2.620853880544372
202208,43.0,21.0,6.0,12.878476156152171,11.82628259408539,2391.077,-6.179574650020127
202210,46.0,18.0,2.0,9.520615293080597,9.520688614926875,112.787,-6.227889159480919
202401,161.0,61.0,32.0,12.381373783417299,12.302223381059443,416.955,-4.013870719451424
202303,16.0,6.0,4.0,13.404827359270675,13.156596674046563,1572.683,-6.258381774551138
202406,278.0,6.0,26.0,12.950656485200456,12.3236512158405,847.677,-6.227889159480919
202405,36.0,13.0,8.0,7.898411092811599,7.898782356970309,29.085,-6.2918148135823255
202410,156.0,40.0,29.0,12.590817905823998,10.874910201848282,253.687,-5.235513609194072
202407,25.0,2.0,4.0,12.542087634772592,10.9532246734221,689.671,-4.3263801727752815
202208,60.0,2.0,11.0,10.173285655889348,9.959300617355341,258.011,-6.250263197204988
202303,13.0,0.0,1.0,15.258077023601352,13.390024358698438,4105.06,-4.2193046727611385
202303,106.0,15.0,52.0,14.00009954220063,12.866159299963629,1595.594,-5.319485397273138
202301,31.0,12.0,12.0,14.058846464542421,13.890856406489943,3375.754,-6.161023081418544
202306,582.0,126.0,256.0,14.067595245075223,14.015095573379977,2699.433,34.385047427578755
202312,176.0,29.0,79.0,11.562524825461512,11.562534341522245,1091.614,-1.32159766664617
202308,204.0,6.0,21.0,12.134447741854874,11.489800123568491,783.453,2.913086693025532
202303,120.0,16.0,40.0,12.843625188913851,12.604680966175126,625.413,-5.319485397273138
202210,67.0,6.0,30.0,12.69115267751774,12.399783266680616,1401.4,-6.271039005393656
202311,418.0,191.0,96.0,12.871673896660168,12.828024531047967,819.045,-1.734922873252474
202303,277.0,19.0,155.0,14.062345635583295,14.054407766232577,1875.511,13.747985672646768
202212,215.0,19.0,64.0,14.44646207076112,12.67690405706959,1266.002,-0.5778139231780983
202210,20.0,5.0,4.0,8.762646029650282,8.76280248744611,222.172,-0.45783831572720146
202407,504.0,63.0,90.0,11.787362710671909,11.781057678177294,860.633,34.488079731114354
202311,84.0,19.0,38.0,12.210682006087072,12.184327933607879,321.458,-6.2918148135823255
202301,59.0,6.0,19.0,14.57810170825106,13.450021166384138,2663.325,-4.347155980963951
202308,105.0,45.0,23.0,12.614214168841746,10.450133885216886,810.799,-5.255559743171732
202212,43.0,15.0,21.0,12.733926463173542,12.663237965223855,891.872,-6.258381774551138
202303,55.0,8.0,6.0,12.82338035575825,12.34534316282798,982.233,-6.194456120449732
202212,80.0,7.0,18.0,13.812108778467785,13.797543105703811,882.962,-6.00779446309766
202311,35.0,0.0,8.0,13.427324306886286,11.80601290208056,944.988,-0.3888305642241443
202301,36.0,18.0,10.0,14.136887285690152,13.994027385948364,5315.591,-6.00779446309766
202407,60.0,2.0,11.0,10.304911171484573,10.225244911570808,167.734,-6.250263197204988
202303,581.0,248.0,165.0,13.151650298029221,13.118025984500875,1501.678,8.059934435594464
202406,365.0,74.0,70.0,11.45448034132121,11.45449094313306,475.497,8.973407295587013
202207,6.0,1.0,0.0,12.616508711263938,12.581556095339105,3398.123,-6.163963505379513
202407,70.0,12.0,22.0,13.65185215598483,13.371353996620087,4239.318,-4.165908065898695
202404,234.0,81.0,50.0,13.001981718248684,12.894184670945569,547.31,-5.298709589084469
202405,12.0,1.0,2.0,12.839613123518058,12.501994428141622,3418.036,-6.194456120449732
202402,179.0,50.0,56.0,13.504580329192683,12.749817438592249,1112.241,-0.03490765573260468
202303,4.0,0.0,3.0,12.922015518713668,12.922017962366096,1389.172,-6.227889159480919
202303,84.0,7.0,10.0,12.705771596824414,12.027854657568957,1170.722,-6.2867327161806745
202303,117.0,24.0,45.0,14.858860281593692,14.001866465809139,7123.727,-5.083558828893205
202211,67.0,25.0,21.0,14.395123352062184,12.219166545041332,4089.152,-4.3263801727752815
202211,170.0,14.0,69.0,13.263842106127678,12.912994517911926,1951.241,12.740767990380013
202208,80.0,12.0,35.0,13.272487102780465,12.83756514269236,1575.002,10.271290411545868
202212,109.0,16.0,25.0,13.656118499412036,13.120042686683464,1700.859,11.274040334084452
202409,39.0,3.0,14.0,9.533510237357516,9.41954725755152,168.74,-6.2867327161806745
202207,521.0,56.0,37.0,10.74617480036565,10.517753850242626,447.255,-6.250263197204988
202401,131.0,37.0,12.0,11.270841164835856,11.2708539037705,181.949,-5.255559743171732
202403,143.0,12.0,78.0,13.720447947512127,13.553934083109045,1634.306,-6.097838814997305
202404,16.0,7.0,8.0,10.44386226975867,10.443891395830875,233.45,-6.2918148135823255
202310,120.0,38.0,30.0,12.095872660731388,11.09004966660227,1151.682,2.492582972231549
202303,100.0,32.0,49.0,14.12653091167949,13.340331961644425,1601.791,0.20244577342257486
202406,1.0,0.0,0.0,13.400784196534477,13.400785710489739,10041.904,-6.227889159480919
202410,24.0,6.0,3.0,10.49069071389983,10.490718507504525,106.837,-6.235381726775383
202401,369.0,76.0,203.0,14.835302197496599,14.312391606493089,3850.474,25.815540787119218
202402,202.0,7.0,35.0,12.679974915191567,12.551363030602268,173.568,-6.256157534964052
202407,36.0,7.0,17.0,11.634930685756128,11.44571671527678,480.24,-6.234431325208313
202301,181.0,121.0,20.0,12.331149020014022,11.400226981044614,1119.911,-5.972186543075295
202208,13.0,0.0,1.0,14.53692784667845,13.383434498429818,6698.833,-4.2193046727611385
202303,356.0,49.0,37.0,14.574309233826206,14.449667530325879,2479.413,-6.057721343735703
202307,418.0,190.0,96.0,13.300012368077288,13.287674405364877,1219.909,-1.734922873252474
202210,36.0,7.0,17.0,11.572306961485308,11.404671879529975,392.449,-6.234431325208313
202207,56.0,6.0,22.0,13.963791760346446,13.568407250454833,3100.725,3.8436437656013194
202309,419.0,68.0,60.0,12.32139042271022,11.54036551939562,804.587,-5.8294044058469705
202409,759.0,396.0,77.0,11.3684197888605,11.367205810620822,1275.397,4.199833018906073
202303,86.0,4.0,22.0,12.519747704232092,11.89850754254996,744.729,-5.595873445814275
202210,117.0,22.0,47.0,14.447399165803366,13.93952833935973,7111.016,-5.083558828893205
202212,259.0,57.0,144.0,11.92090075327166,11.920907403202667,820.422,-6.271039005393656
202308,119.0,1.0,7.0,9.971473250327222,9.337941716569905,349.901,-2.934637171888246
202211,72.0,11.0,42.0,13.074892242932616,12.997210501064288,1586.35,2.07103552411977
202303,83.0,9.0,15.0,12.623963565812547,12.06194242611015,2243.762,-2.1616266437736487
202207,231.0,28.0,94.0,13.396011432092237,13.3688515111732,2797.012,9.795428799822917
202308,447.0,20.0,137.0,13.16214162741274,13.003532542998512,2283.051,-6.20784302550326
202402,224.0,41.0,148.0,11.92601476823121,11.926021384241293,741.655,-6.250125035995331
202308,17.0,7.0,5.0,10.749720560454843,9.713416042282113,335.906,-6.2918148135823255
202210,63.0,13.0,15.0,11.19333984350544,11.193353608982997,446.834,-6.2918148135823255
202310,64.0,11.0,38.0,13.91563187294755,13.910291506841522,2632.198,1.5227211943178336
202310,251.0,90.0,34.0,13.048712531521701,12.251500018994417,1562.559,-1.6575115969057244
202404,47.0,10.0,30.0,12.116262811053916,12.116011167161517,540.166,-6.271039005393656
202311,49.0,16.0,22.0,13.568495588037603,12.680615954817942,887.066,-4.292947133744094
202405,3.0,1.0,1.0,11.60731704116924,11.501864517610803,446.215,-6.2918148135823255
202410,34.0,12.0,10.0,12.947057155504279,10.910715279402385,682.202,-6.2918148135823255
202312,344.0,60.0,37.0,12.274763471405942,12.219822679054339,216.024,-4.296617231916073
202312,483.0,122.0,83.0,11.523618094508972,8.990566138131577,2000.693,81.38171088468594
202210,211.0,58.0,45.0,12.789932164836062,11.924697310402873,858.535,4.843998158585254
202208,53.0,10.0,35.0,12.607205047675693,12.573804733321097,627.805,-6.258381774551138
202401,118.0,24.0,47.0,15.54700909964778,14.417304768626552,9761.797,-5.083558828893205
202303,34.0,2.0,14.0,14.021935936158904,13.211082794861976,1995.895,-6.20711335129225
202403,27.0,10.0,3.0,13.01029150198081,12.514182150046976,1390.84,-6.258381774551138
202312,100.0,13.0,32.0,13.268743372081063,13.197389213905947,1170.798,19.649034099606318
202311,259.0,37.0,35.0,12.556926680803903,12.519327430975203,1516.339,0.17982885910427182
202405,93.0,11.0,27.0,12.029782860967938,11.74552021268974,666.379,-5.319485397273138
202303,55.0,8.0,19.0,12.073386609776538,12.073392319217385,369.321,-1.3069511333134747
202312,151.0,51.0,32.0,10.908997222941913,10.908155395027697,340.473,-3.852757740977576
202212,78.0,18.0,42.0,13.613016089327278,13.596574393173055,783.161,-6.163963505379513
202211,34.0,2.0,14.0,13.573200751825965,12.891381687986474,1908.027,-6.20711335129225
202301,473.0,198.0,93.0,13.055109706915859,12.62228974327524,1905.082,10.461203517475537
202301,375.0,56.0,84.0,14.385472072406797,13.274395815340467,1283.772,-6.000710953668257
202307,16.0,2.0,4.0,12.50699542169543,12.187761006158869,866.781,-4.246856863870388
202303,44.0,3.0,15.0,13.255762511283049,11.28991940420376,819.806,-6.2918148135823255
202307,730.0,258.0,163.0,14.813192503253873,13.165928486144239,6866.681,-0.12878104364854792
202303,646.0,107.0,148.0,13.939080373422389,13.881101649954736,1314.683,-4.284828556397944
202405,391.0,71.0,144.0,14.477204738422097,14.287963061268789,3696.55,15.199087386780297
202211,72.0,15.0,20.0,12.075012482614953,11.55415377693237,405.819,-6.222586334723208
202210,54.0,28.0,13.0,12.010860359144655,11.80516214941169,482.097,-3.2774678715221697
202402,24.0,3.0,3.0,14.567555222637814,12.90804824070184,1974.863,-4.347155980963951
202211,311.0,76.0,121.0,14.249416043757591,14.117341807032892,2562.933,46.90986567628593
202404,204.0,70.0,41.0,13.015481705374564,12.967814951820046,1039.726,-6.235381726775383
202309,5.0,1.0,4.0,10.348525875764018,10.348557915236652,119.761,-6.2918148135823255
202303,135.0,6.0,11.0,12.707535575750368,12.686073015443215,806.198,-6.192231880862646
202404,22.0,6.0,7.0,13.422847157213312,12.879374197869414,1087.51,-5.158201050039138
202208,61.0,25.0,27.0,11.724716823281527,11.453217922507944,1413.969,-6.2918148135823255
202307,30.0,14.0,10.0,11.077516480488992,11.07254277195801,291.24,-2.182402451962317
202409,40.0,11.0,9.0,11.387203499237188,11.362242100385279,318.477,-5.298709589084469
202306,275.0,90.0,75.0,13.475748917180304,13.315811141094924,1342.752,-4.795373575023463
202403,205.0,16.0,13.0,10.843670576829885,10.287694975264353,244.548,-6.265956907992005
202303,38.0,12.0,6.0,12.054941568775964,11.512995462520342,497.725,-6.2918148135823255
202409,134.0,32.0,30.0,11.488479072065303,10.972533705602471,191.727,-4.313722941932763
202311,62.0,9.0,4.0,11.264553845234758,10.955968638860549,343.698,-6.2918148135823255
202301,63.0,11.0,37.0,14.563796753639268,14.552048111933852,2460.195,1.5227211943178336
202303,175.0,4.0,11.0,12.46849075470186,11.384546490100442,230.273,-6.2918148135823255
202408,330.0,89.0,98.0,12.872308441344284,12.725871885695263,2666.426,24.997051219845638
202309,3.0,0.0,0.0,10.819938271611647,10.03810585426089,537.941,-6.227889159480919
202307,205.0,70.0,41.0,12.483499815751633,12.427005755618236,1266.924,-6.235381726775383
202301,344.0,30.0,113.0,13.97365980428723,13.93853671330353,1220.847,-3.184647831885944
202303,204.0,59.0,40.0,12.637257480842276,11.883888841330679,811.66,2.899339325966878
202210,119.0,45.0,19.0,12.837208774874453,11.897337163880561,1339.168,-3.244034832490982
202210,343.0,74.0,161.0,13.01710507874439,12.860824572151618,1073.854,-6.039817603102448
202312,481.0,104.0,37.0,13.51651405135999,13.340569961928576,1118.223,-6.2127869616952545
202212,492.0,114.0,131.0,14.826013776488914,14.583224712463359,5709.329,73.09269190352221
202409,184.0,17.0,12.0,10.260707348016298,10.010097287594386,184.034,-6.271039005393656
202401,248.0,45.0,110.0,13.205243900820996,13.077863795508351,1336.018,-6.276933343152721
202303,128.0,26.0,52.0,13.11057213310933,12.361558148370388,555.791,-6.174409986472073
202303,132.0,37.0,47.0,12.077102264233213,11.866865672924929,427.271,-5.319485397273138
202404,89.0,16.0,10.0,12.84688388307019,12.359733205268201,654.398,-6.22494873551995
202307,119.0,25.0,56.0,13.64740310051693,13.117222184089457,2475.863,-6.11447786699559
202211,189.0,28.0,47.0,13.433828380518628,13.175574232097397,1038.421,-4.264458030904901
202310,628.0,194.0,223.0,13.556624537386996,13.518095944274778,1369.059,26.38113924733682
202210,14.0,5.0,6.0,11.414948733073855,11.270637319808333,442.391,-6.291742704741504
202301,44.0,12.0,7.0,10.207768596643277,10.207805478639335,143.576,-5.943868808996254
202402,152.0,31.0,58.0,13.807552980259002,13.802209489655143,1167.227,-6.20711335129225
202301,184.0,44.0,25.0,12.702633002482122,12.221822955621406,455.765,-0.902336453018826
202210,16.0,2.0,4.0,12.25411967650166,11.744251448691996,648.68,-4.246856863870388
202301,14.0,0.0,6.0,13.71068656501906,13.16572358792719,574.531,-3.307960486592388
202301,483.0,121.0,80.0,12.288744202441938,9.864746724219698,2791.184,81.38171088468594
202307,45.0,14.0,16.0,12.08170485286792,11.719850199461066,752.957,-4.283230326862545
202407,229.0,74.0,84.0,11.736460939472511,11.736372970085801,1048.817,-0.9125260454658726
202303,336.0,76.0,78.0,12.66727515832284,12.635296597068619,498.178,-0.3778600622730597
202306,20.0,2.0,3.0,13.85300863438436,12.046918636567252,1393.834,-6.031766427099414
202303,25.0,4.0,11.0,13.301538322136322,13.138590994508979,2127.433,-5.319485397273138
202408,17.0,3.0,3.0,12.530956567678055,10.841030840443734,1183.651,-6.143187697190844
202407,165.0,12.0,18.0,11.843573631716666,11.799622051990717,1007.435,-6.271039005393656
202303,26.0,5.0,9.0,13.53914158374588,13.148352709865579,905.135,-4.313722941932763
202308,63.0,14.0,20.0,11.84733128230269,11.847338439909615,599.744,-6.203629483425998
202210,17.0,1.0,1.0,7.049254841255837,6.846943139585379,89.407,-6.2918148135823255
202210,33.0,3.0,9.0,11.222720211974009,11.100088249532442,106.498,-6.2918148135823255
202408,251.0,22.0,89.0,14.292400422572962,14.114115507994287,5214.037,41.19067926259531
202303,221.0,6.0,11.0,14.491447996793026,11.811272959071452,1867.623,-4.211282151398518
202211,501.0,169.0,263.0,14.633696167819448,14.409251682057572,5505.473,-4.777110945824491
202303,137.0,54.0,31.0,12.692171056107199,12.271420214300429,1067.794,-2.2509296079931254
202310,50.0,2.0,21.0,13.543027066381445,12.217635536894626,822.758,-6.227889159480919
202303,88.0,17.0,41.0,13.222501882065295,12.980331961721676,1530.422,-6.19812621862171
202310,70.0,22.0,33.0,12.876237749698195,12.568964226079277,1038.016,-4.165095825541282
202402,58.0,5.0,19.0,12.654884558141704,12.532635229042297,677.01,-6.246220000726442
202211,217.0,34.0,53.0,12.218549485041054,11.870012324060266,1036.87,20.496786406535207
202310,3.0,0.0,0.0,13.080503344308402,13.080505429803264,1161.434,-6.100037851278107
202210,683.0,215.0,207.0,14.210005715583796,14.020013446639823,3680.751,12.144702312735939
202403,74.0,19.0,42.0,12.737982428021224,12.656201957410058,954.245,-0.9209705877668135
202301,171.0,46.0,46.0,12.137520748228384,11.980670295048839,470.493,-4.375180957638697
202301,536.0,18.0,77.0,13.224923575831207,13.166663476300895,597.285,-6.204668384349104
202308,60.0,1.0,19.0,13.73717597394987,13.283471512199085,2326.238,12.182444096292235
202404,6.0,0.0,1.0,11.595739712990508,0.6931471805599453,139.239,-6.2918148135823255
202301,51.0,5.0,12.0,12.2365727521785,11.799719643360714,1187.126,-6.2918148135823255
202311,215.0,19.0,65.0,13.96270826465595,12.399235225502004,1159.024,-0.5778139231780983
202308,23.0,1.0,1.0,14.668840190583197,14.364080420816574,2962.292,-6.194456120449732
202303,154.0,18.0,32.0,14.172004585538629,13.381312586433173,2387.28,13.01530144295439
202309,481.0,104.0,148.0,13.989441175754681,13.729816494753912,3701.277,-2.2967991505107714
202211,106.0,33.0,34.0,12.545162880771878,12.415697225963191,590.745,-1.3551830766278634
202303,472.0,84.0,129.0,15.379210244324465,15.076417984423996,14006.795,119.62905105628394
202210,172.0,46.0,46.0,10.607030509278193,10.509332404693277,270.79,-4.375180957638697
202406,44.0,11.0,8.0,9.80493712880685,9.804992305787028,97.708,-5.943868808996254
202407,27.0,0.0,0.0,13.858449350485966,0.6931471805599453,15070.235,-6.2918148135823255
202407,829.0,345.0,372.0,14.060997819013764,13.674969512166848,8362.875,2.921514670750918
202307,171.0,9.0,27.0,13.038105297520291,12.222054256542473,1329.645,-6.243500304121533
202407,139.0,25.0,63.0,12.384658064980174,12.328613234947852,723.14,-6.261101471156047
202208,728.0,260.0,164.0,14.856316105026341,13.410206436897,8311.394,-0.182989890868404
202301,275.0,39.0,58.0,13.175208167599573,12.69119269383209,580.209,5.000014178111876
202307,191.0,44.0,55.0,12.256057334066451,12.115403678615337,777.292,4.14597228587918
202410,255.0,71.0,17.0,10.651738259322098,10.646234093587358,130.505,-4.177753056383801
202212,15.0,1.0,6.0,12.228377042749429,11.520357776787524,1023.051,-6.2918148135823255
202309,9.0,0.0,0.0,5.733341276897746,0.6931471805599453,0.031,-6.2918148135823255
202212,63.0,11.0,37.0,14.771775949471852,14.760481648108593,2571.543,1.5227211943178336
202403,110.0,48.0,41.0,13.310678602892747,13.31068025959847,594.13,-6.2918148135823255
202401,217.0,101.0,56.0,11.642777597410365,11.642786379624626,626.858,-4.971539392687067
202211,107.0,10.0,15.0,9.815093401773533,9.815148021212604,376.777,-4.682144187396456
202312,27.0,2.0,10.0,13.65437537652776,13.604864832455043,3026.107,-6.077133859485882
202303,103.0,27.0,13.0,12.358969682732932,12.049927478034064,602.403,-3.3748265646547635
202303,644.0,211.0,118.0,10.493050416839504,10.155063057844572,893.398,0.03655992425917365
202210,84.0,7.0,10.0,12.494258341142519,11.909127805799208,1178.944,-6.2867327161806745
202211,556.0,235.0,161.0,13.819516523359699,13.494063476238612,4719.984,16.622141613227726
202408,527.0,91.0,174.0,13.252201458141224,13.19313679610917,1592.2,25.422115743374164
202307,233.0,46.0,73.0,12.207172040973475,12.201416823993979,906.686,-6.101636080813506
202410,146.0,14.0,33.0,10.938058973994185,10.938076742769116,157.438,-5.319485397273138
202303,60.0,2.0,11.0,10.957085041369789,10.665227524561685,162.964,-6.250263197204988
202410,34.0,2.0,2.0,12.480791051590096,6.416732282512326,564.008,-6.250263197204988
202407,108.0,21.0,42.0,11.763754219775308,11.634195746444085,575.937,-6.14519120942187
202402,41.0,1.0,6.0,15.192928893458433,11.926616645975605,4024.962,-5.319485397273138
202310,366.0,74.0,70.0,11.401692182771942,11.401703359265541,484.147,8.973407295587013
202312,409.0,126.0,188.0,15.077021154157213,13.782491375507039,7142.477,10.187557618035198
202312,257.0,29.0,98.0,14.599560949161853,13.849077820438213,2591.098,-4.274891022160334
202211,127.0,26.0,51.0,13.150729235360997,12.447401831237393,569.499,-6.174409986472073
202212,97.0,15.0,31.0,13.478680257245763,13.003843320214287,998.26,-4.072852437360835
202410,18.0,2.0,0.0,8.507344855361422,8.507546814364431,9.071,-6.2918148135823255
202408,321.0,60.0,102.0,13.109713706608982,12.951764836753886,2968.463,32.916404758408206
202406,202.0,7.0,35.0,11.663687552856418,11.606597940832863,158.451,-6.256157534964052
202404,120.0,15.0,43.0,13.101390986201046,12.839997813906736,666.51,-5.319485397273138
202307,178.0,50.0,54.0,12.271738655812907,11.89493086681324,1099.629,0.9374217605765827
202210,84.0,27.0,22.0,11.969248439347545,11.78829707364492,331.786,-6.2918148135823255
202301,86.0,22.0,34.0,11.829202282877098,11.82920957142715,315.97,-6.276933343152721
202401,9.0,0.0,2.0,12.767629405702522,12.767632257301056,549.859,-6.163963505379513
202404,476.0,111.0,131.0,14.116120208036723,13.948722399537797,5275.733,61.20972630883035
202407,113.0,16.0,56.0,12.88539469789642,12.44519977614558,936.991,-6.2918148135823255
202207,163.0,42.0,41.0,11.996351114547604,11.940752015316777,1320.42,-6.2620518727231165
202309,590.0,83.0,114.0,14.748891614714713,12.712127909199534,6658.823,-3.696162757333901
202405,114.0,61.0,21.0,12.79078235924728,12.243247999130231,982.993,-1.2657087436482328
202410,46.0,2.0,10.0,13.764129891338827,12.756595791834705,2559.995,-6.161023081418544
202301,28.0,1.0,7.0,16.160282441720344,16.067965889929535,6165.834,-4.075621492561652
202210,244.0,72.0,73.0,12.15488460876074,11.848861843759561,767.912,6.825899863055858
202211,45.0,9.0,33.0,12.934635231311074,12.934637644319118,880.477,-5.298709589084469
202303,256.0,30.0,97.0,14.43914473179038,13.499900778977471,2422.701,-4.274891022160334
202402,263.0,37.0,132.0,14.580497819527217,14.117339588641913,3129.017,-5.2860523582419505
202309,50.0,14.0,2.0,9.550520013385718,9.09121894106832,45.381,-6.271039005393656
202409,76.0,14.0,30.0,12.887574785026471,12.68896782056714,1515.626,10.429854983382372
202308,553.0,190.0,64.0,8.481151420068972,5.648974238161206,583.286,-3.217616744752684
202312,196.0,55.0,28.0,12.48557384571318,12.377345893914153,664.375,-1.1045957651743858
202306,84.0,6.0,11.0,12.469394144010659,11.894910391862636,1252.573,-6.2867327161806745
202301,162.0,41.0,41.0,12.817101006453457,12.753948359119452,1171.19,-6.2620518727231165
202207,114.0,2.0,4.0,13.371698514847495,9.581765987860823,940.485,-6.20711335129225
202404,16.0,6.0,4.0,13.401509118833824,13.148218241148353,1570.357,-6.258381774551138
202403,169.0,34.0,26.0,13.491590413193737,13.071476316282345,834.099,-6.064380572659834
202405,333.0,113.0,74.0,13.309891357225652,13.275990491623602,1803.571,-2.6820414920359474
202401,145.0,41.0,47.0,13.467023430752347,12.637364681998852,1104.618,0.6267312641441842
202401,82.0,18.0,21.0,12.070218557536005,11.503733346601313,320.031,-5.222126704140544
202404,86.0,14.0,32.0,14.325464201666126,13.364110405949031,2660.234,12.1806029901626
202307,97.0,15.0,31.0,12.597198773402434,12.326478904193248,1063.338,-4.072852437360835
202212,23.0,6.0,7.0,14.66268569653575,10.204184562065404,2229.811,-6.2918148135823255
202401,177.0,21.0,63.0,14.583998486212122,13.884347950698364,1957.398,22.17414746522816
202208,54.0,28.0,13.0,12.776215684148568,12.65714826489039,630.508,-3.2774678715221697
202408,91.0,34.0,12.0,10.68727493459719,10.687297767993316,327.088,-1.3662420779349826
202310,86.0,16.0,21.0,12.0397287631591,10.889192400494602,850.248,0.578416754683392
202208,46.0,10.0,33.0,12.866647562932641,12.866650145700671,1269.052,-5.298709589084469
202211,25.0,1.0,7.0,11.224189504039689,10.346280557910271,453.782,-6.276933343152721
202210,25.0,5.0,9.0,12.650017807956186,12.320668384927865,743.224,-4.313722941932763
202301,325.0,125.0,93.0,14.470869678632992,12.92679364985602,2371.792,-2.3875435690751505
202306,280.0,41.0,157.0,13.51612290844892,13.43186222386687,1388.866,-5.252164374661515
202311,383.0,109.0,70.0,12.331100485213458,12.32597787218988,483.663,15.136040025405139
202301,31.0,5.0,7.0,13.6068207955577,12.976528029180784,2131.775,-1.4092537626380626
202208,197.0,21.0,79.0,14.332947478863192,13.904731325784832,4564.882,17.187116713874886
202312,278.0,6.0,26.0,14.147351371799504,12.527590767512418,862.654,-6.227889159480919
202410,114.0,5.0,6.0,11.951644804176198,6.459904454377535,336.697,-5.255559743171732
202308,5.0,0.0,2.0,13.009411900945121,9.341105441855735,3668.137,-6.2918148135823255
202311,111.0,28.0,61.0,11.94813058867327,11.921259786279958,725.248,-1.9261143207481028
202405,70.0,23.0,19.0,10.804035006794324,7.227662498728654,534.468,-6.0851563808485025
202401,4.0,0.0,1.0,11.853432408347208,11.11620203679882,1893.464,-6.227889159480919
202211,85.0,20.0,39.0,13.97410790811142,13.822413676520853,2438.475,1.6866200005580119
202410,1.0,0.0,0.0,6.774223886357614,0.6931471805599453,10.246,-6.2918148135823255
202310,88.0,34.0,31.0,12.685147506463323,12.589050124949889,918.118,-3.341393525623576
202303,263.0,70.0,74.0,13.763336876149417,13.453488486442609,1342.853,-3.1532866614913364
202303,491.0,111.0,134.0,14.339869196012849,14.11695943164877,5150.976,72.12036248721301
202303,28.0,2.0,3.0,15.325466641352374,10.563620718477313,12983.012,-6.2918148135823255
202310,23.0,7.0,10.0,13.18362026988377,13.127458375828235,1677.378,-6.173680312261062
202404,215.0,19.0,65.0,13.567900118581996,12.326093176126749,1281.587,-0.5778139231780983
202212,558.0,209.0,91.0,15.607743248538776,15.475606793234151,1349.194,27.94024569250825
202306,481.0,230.0,78.0,13.145093089154976,13.139721843700475,1502.782,24.087097013258962
202404,71.0,14.0,11.0,10.590214165293151,10.54381395691249,195.516,-6.2918148135823255
202401,380.0,25.0,76.0,14.527281730325923,14.283830896270407,3312.919,31.67921662317398
202401,265.0,24.0,94.0,13.778102520920523,13.60327479978198,900.495,-5.283828118654865
202309,9.0,1.0,4.0,6.9167150203536085,6.917705609835305,26.12,-6.271039005393656
202303,344.0,185.0,41.0,11.562229782654372,11.339654824776689,610.978,-1.2046649732966879
202312,78.0,28.0,24.0,13.94071134726847,13.57866734332605,3797.797,-2.108279395507113
202303,206.0,23.0,59.0,13.303614361339609,12.864662024646897,1277.831,2.005817034188702
202409,229.0,30.0,41.0,11.077485568110127,11.069976534440391,347.406,-4.332274510534346
202409,82.0,9.0,9.0,8.577347114235984,8.577535420422398,108.578,-6.2620518727231165
202409,234.0,103.0,63.0,15.160691475846859,14.760179589735946,3798.206,-2.9760984122124277
202301,356.0,153.0,66.0,13.32538095315094,13.135709914811725,1373.831,6.583435424111315
202309,264.0,35.0,67.0,13.128985403313205,12.241820990832228,1139.454,-6.2620518727231165
202405,118.0,16.0,75.0,12.416139062632688,12.360007587802045,405.651,-6.255207133396982
202310,111.0,21.0,42.0,11.622479176879672,11.487125489479816,560.589,-6.140109112020218
202410,78.0,5.0,31.0,11.724449773572278,11.50059981527959,411.318,-6.243500304121533
202210,137.0,5.0,45.0,11.962554178193825,11.1754647399553,388.753,-6.123224129359589
202408,25.0,2.0,3.0,12.976416950467517,11.224683235659883,3784.638,-6.258381774551138
202211,1.0,0.0,0.0,13.35590230903735,0.6931471805599453,17.744,-6.2918148135823255
202306,164.0,40.0,26.0,11.686012851073762,9.918080554839028,1916.296,-3.2418931590503
202211,528.0,337.0,78.0,13.06276835037323,13.021859935930024,798.302,-1.834163689971951
202307,33.0,16.0,14.0,13.22094637750299,13.125582191459664,1991.47,-6.227889159480919
202210,127.0,26.0,26.0,11.05723491317159,10.947273998920458,304.527,-6.201948687744196
202301,50.0,2.0,21.0,14.134244249890125,12.712266559469521,1322.009,-6.227889159480919
202303,211.0,33.0,57.0,13.755520609699964,13.709423111489585,1153.279,17.20537552507217
202410,217.0,94.0,17.0,11.047328113807309,11.035550735793711,156.4,8.263440376412305
202407,75.0,14.0,16.0,11.939427732144193,11.8935786200339,799.437,-6.036112197176701
202408,300.0,59.0,60.0,10.619520836882774,10.618102639711314,572.7,3.2472853305529483
202401,49.0,2.0,3.0,15.550325178780955,13.75802656171636,8605.15,-2.402497148345576
202211,85.0,26.0,18.0,11.845827048676645,11.789291249073534,1049.402,-5.943868808996254
202403,120.0,15.0,42.0,13.259488803745315,12.982521831860922,803.399,-5.319485397273138
202212,219.0,21.0,106.0,13.733576813407021,12.89044645235112,1399.178,-6.156574602244373
202312,552.0,85.0,167.0,15.084693126843504,14.830706816811086,4955.33,-3.197489618068028
202212,255.0,29.0,97.0,14.303147183145565,13.488244613091533,2523.868,-4.274891022160334
202402,104.0,16.0,31.0,12.842964239872753,12.799736450605165,692.824,-4.211915769625998
202410,32.0,0.0,0.0,4.77912349311153,4.787491742782046,17.035,-6.275982941585651
202308,932.0,344.0,142.0,12.273539686863465,11.427356683303062,2079.35,14.261159678281702
202207,294.0,20.0,8.0,11.301586959105782,10.290618953955788,237.402,-6.2918148135823255
202408,551.0,29.0,61.0,12.265232665929606,12.159787840326377,998.962,-6.224493790970703
202408,163.0,46.0,71.0,12.053515695041373,11.98860669608804,1169.663,-5.2050209941238545
202207,81.0,18.0,31.0,13.379684175720104,12.913970498036027,2390.829,-5.20629483214387
202303,314.0,97.0,87.0,12.692100326158725,12.68010564594554,609.286,17.382996047448003
202408,139.0,5.0,44.0,11.55931274452335,11.107915253380952,552.692,-6.123224129359589
202308,133.0,14.0,23.0,11.978814390421233,11.695630281644066,485.863,-6.2620518727231165
202301,18.0,3.0,0.0,14.03187840595864,13.190016418385786,2331.803,-6.0682030417823185
202309,166.0,31.0,56.0,12.600510509789137,12.230701841475605,988.342,14.667825655963876
202405,877.0,407.0,173.0,12.94726923978117,12.939819395875826,1884.358,17.306108066547367
202210,331.0,45.0,81.0,11.448845505343922,11.140106620993903,1238.132,-6.194456120449732
202409,97.0,11.0,7.0,12.84636742218589,9.42843117965374,1091.362,-6.271039005393656
202301,52.0,15.0,16.0,13.142710954227754,11.966202481133525,788.115,-6.2918148135823255
202409,96.0,10.0,2.0,8.260751354700513,8.261009786023827,32.144,-6.256157534964052
202310,527.0,336.0,79.0,12.867293047404042,12.858796189714722,835.889,-1.834163689971951
202408,153.0,38.0,41.0,13.330399788349311,12.949306768127183,2223.174,-4.347155980963951
202301,69.0,6.0,17.0,15.243203067595829,13.416782206865957,3733.117,0.003126885227985987
202402,46.0,25.0,8.0,13.300588220782048,11.742154462340341,715.651,-2.402497148345576
202303,13.0,0.0,1.0,14.835454749304553,13.112989580323621,4199.434,-4.2193046727611385
202410,107.0,6.0,17.0,12.32830797721284,11.75830006512576,483.168,-6.258381774551138
202311,65.0,30.0,18.0,14.414513528712618,14.154108391046705,5986.517,-5.078443523941058
202303,98.0,2.0,16.0,11.385864522333064,11.385875877130749,159.657,-6.270900844183999
202303,178.0,20.0,62.0,14.401501166477866,13.452338841340724,2069.378,-3.256692063333501
202211,213.0,32.0,103.0,13.920220962345551,13.503127239551521,2603.755,18.482467892504197
202308,33.0,2.0,0.0,9.944821416029106,9.320628725870305,91.546,-6.256157534964052
202207,154.0,38.0,44.0,13.457591983895204,13.455707870588867,2307.326,10.810941269595338
202207,481.0,107.0,35.0,12.765148287613087,12.736480284023887,1202.829,-6.2127869616952545
202303,160.0,15.0,33.0,13.343735761126846,13.253577587433682,2287.492,72.59255214458024
202307,163.0,33.0,59.0,12.809762733502062,12.784700832647381,1026.438,31.73209193536931
202307,92.0,34.0,13.0,10.88848311441727,10.88784806331167,264.062,-1.3662420779349826
202409,14.0,1.0,2.0,10.818116905083617,0.6931471805599453,410.156,-6.2918148135823255
202404,35.0,10.0,12.0,12.731268520863116,12.601746643442223,1363.098,-5.160920746644047
202309,62.0,6.0,12.0,9.722624930978418,7.042286171939743,217.45,-6.2620518727231165
202303,266.0,60.0,66.0,9.679218367934409,9.638675294175094,331.629,-4.574499845833286
202207,74.0,10.0,26.0,11.190444886975753,11.159189056447014,416.755,-1.3020236664292817
202301,28.0,8.0,10.0,13.427772395002055,13.369028123759884,1448.152,-3.3109009105533573
202212,217.0,34.0,53.0,12.58672238351357,12.22514951933491,1217.675,20.496786406535207
202403,85.0,13.0,16.0,13.27950557816754,13.279507287331136,599.966,32.583827021868515
202309,16.0,1.0,6.0,9.024131268455035,9.024251728612985,35.551,-6.2918148135823255
202402,107.0,12.0,22.0,12.434406702831367,12.409972213477623,532.71,9.329381501466077
202301,45.0,7.0,36.0,11.155450200860727,11.15546449791053,295.694,-6.2918148135823255
202303,412.0,176.0,152.0,13.44697556081288,12.436688211683084,2027.578,7.651948412724895
202303,259.0,57.0,144.0,12.005320280066453,12.005326391658002,762.152,-6.271039005393656
202210,1437.0,532.0,170.0,13.067127584731484,12.84052022523134,2052.279,56.5481551984498
202303,15.0,1.0,6.0,12.010483461735316,11.368824120995972,766.665,-6.2918148135823255
202402,16.0,5.0,2.0,11.685693195625964,11.540958832482934,662.697,-3.296019440123753
202405,191.0,52.0,102.0,11.3055076141175,11.300721853694354,583.4,-6.2918148135823255
202311,31.0,7.0,8.0,12.390928488306901,12.231638047860454,359.473,-6.1422507854609
202408,68.0,19.0,26.0,13.48741612930123,13.487141204140237,1636.367,-4.021680070085478
202212,156.0,39.0,59.0,14.027590735222484,13.67445953508174,1607.619,-6.276933343152721
202301,119.0,16.0,76.0,12.911212624141795,12.818841853888378,628.02,-6.255207133396982
202311,32.0,3.0,9.0,11.565584326546348,11.448237599347992,93.72,-6.2918148135823255
202301,73.0,10.0,26.0,12.914856926869518,11.373410492095593,610.706,-1.3020236664292817
202301,84.0,31.0,21.0,14.694305839562897,14.48623522231419,8611.165,0.6118497937145797
202402,478.0,10.0,28.0,11.466504492049491,11.466514967147566,168.866,-6.241276064534448
202208,391.0,69.0,80.0,12.64115804266267,12.348327131110887,2043.236,-1.8771256978167346
202301,112.0,28.0,30.0,13.04566158266095,12.805686317071144,1238.365,-6.258381774551138
202408,293.0,90.0,33.0,11.960606795211472,11.917330010881072,720.962,-0.755002172457008
202208,149.0,30.0,91.0,13.802541826319292,13.651396238861958,4348.306,8.610579820571337
202408,627.0,193.0,224.0,13.884659683909529,13.852667604760608,1872.131,26.38113924733682
202303,21.0,7.0,5.0,12.210507795695232,11.56244869371549,685.428,-6.227889159480919
202310,350.0,159.0,59.0,12.864076987094617,12.84377846667989,1351.442,20.607095087914622
202407,191.0,48.0,30.0,10.082010236072934,10.019402177132484,243.569,-2.2694811765947094
202210,163.0,46.0,70.0,12.426608800539116,12.079227422004855,714.525,-5.2050209941238545
202207,39.0,26.0,7.0,12.540972217591065,12.472880867130643,460.519,-6.227889159480919
202309,54.0,3.0,14.0,13.655068294232168,12.796408835407492,3359.606,-6.1461416109889395
202406,54.0,14.0,25.0,11.059204549898388,10.788700328839422,387.441,-6.00779446309766
202211,17.0,7.0,5.0,11.31574201532555,10.683385659504728,674.822,-6.163963505379513
202405,28.0,0.0,0.0,15.136605379522045,14.608887614933014,10674.365,-6.100037851278107
202401,189.0,55.0,63.0,12.07948849342072,11.799486909753305,1004.585,-2.4380640509106932
202303,8.0,1.0,2.0,13.509284266088889,12.837291229467953,3325.962,-6.227889159480919
202312,501.0,110.0,177.0,13.65990181568039,13.445669317493783,4058.342,29.789843806368616
202309,21.0,5.0,7.0,13.33374684925779,11.992080838957374,1768.897,-6.2918148135823255
202301,268.0,93.0,54.0,11.941038820955779,11.866556781771502,721.528,4.653666403061202
202310,184.0,13.0,46.0,14.525149498787144,12.463014543194578,4456.025,-6.240325662967377
202212,255.0,26.0,90.0,14.81302397798418,13.886910796084159,5883.526,-5.319485397273138
202212,8.0,1.0,2.0,13.74311511858886,12.884760796312499,3926.378,-6.227889159480919
202303,40.0,10.0,14.0,12.344511974507279,11.458828243249943,459.28,-6.2425499025544635
202403,37.0,6.0,8.0,14.050730495305515,13.66951668740003,1052.446,7.5408917111295555
202406,23.0,7.0,10.0,13.33588155306171,13.303050265521822,2018.981,-6.173680312261062
202208,268.0,89.0,78.0,11.080741567962146,11.057991712577044,918.478,-2.7010878658506288
202402,157.0,39.0,62.0,13.708204818250959,13.467636769978611,1662.57,-6.276933343152721
202312,16.0,2.0,4.0,12.533507741356086,11.998962371527947,745.047,-4.246856863870388
202303,314.0,97.0,87.0,12.200477019173015,12.192708745072041,520.353,17.382996047448003
202401,215.0,58.0,62.0,12.403052903332787,12.26517611097467,830.265,-5.047950908870839
202408,213.0,47.0,83.0,13.389880496927924,13.114623501694107,2952.157,21.099857853856975
202408,185.0,13.0,48.0,14.92516037505092,12.740739788101632,7211.974,-6.240325662967377
202312,391.0,113.0,156.0,15.234863173618075,13.84451483755451,4686.661,2.725789844006572
202307,205.0,50.0,52.0,9.669030241321645,9.554922491560776,304.134,-2.620853880544372
202303,42.0,4.0,30.0,12.371159026302424,11.914108082960198,610.336,-6.2918148135823255
202404,39.0,4.0,10.0,13.239189510931423,11.895626765813168,567.737,0.5303229725786602
202208,63.0,11.0,37.0,13.787139889612037,13.783682372619715,3920.415,1.5227211943178336
202311,388.0,68.0,82.0,13.120178993373727,12.697528888135324,1365.455,-2.9133807682273276
202301,8.0,1.0,2.0,13.675938097636259,13.082214073243838,3749.249,-6.227889159480919
202306,153.0,45.0,55.0,11.188855995066058,11.188869822404088,653.263,-4.3313241089672765
202410,67.0,4.0,4.0,8.611593866837723,8.611775833902186,40.104,-6.20711335129225
202406,159.0,25.0,27.0,11.32728239806388,11.32729443791579,436.231,-6.1833971191426125
202307,88.0,30.0,22.0,11.830666214705206,11.7028182872605,404.659,-6.2918148135823255
202403,7.0,0.0,0.0,14.27657119257331,13.89737806122362,1490.058,-5.319485397273138
202407,81.0,34.0,8.0,9.688250164980516,9.680344001221918,101.289,-5.996362363483974
202212,51.0,20.0,9.0,12.3533627021522,11.236671179250749,549.522,-4.216364248800169
202308,15.0,0.0,6.0,9.51148146411212,9.387062950369655,105.868,-6.2620518727231165
202409,181.0,17.0,16.0,11.064558075043848,10.66148570541569,617.532,-5.283828118654865
202210,259.0,67.0,96.0,12.374836037725277,12.27960652435242,859.059,-6.121565151594428
202212,99.0,32.0,49.0,14.602612454648025,13.464623119772673,2035.292,1.1747751897317622
202406,83.0,9.0,15.0,12.87564664919774,12.081416040930618,2599.664,-2.1616266437736487
202403,50.0,27.0,13.0,11.338631599863502,11.049714711812085,347.882,-6.276933343152721
202211,131.0,12.0,23.0,14.131595667931405,10.315464744259515,807.369,-6.271039005393656
202406,554.0,232.0,161.0,14.022937650214299,13.766636440270844,6629.133,18.019778951873825
202212,51.0,9.0,35.0,12.641989361094167,12.611507753188329,796.835,-6.266769148349419
202407,263.0,38.0,132.0,13.56101435892935,13.142279723724451,2985.166,-5.2860523582419505
202401,23.0,6.0,7.0,14.8328122800097,10.12362659483004,2237.151,-6.2918148135823255
202405,135.0,1.0,2.0,8.063062911326792,8.063377822367027,19.917,-6.2918148135823255
202301,17.0,6.0,1.0,15.114112128166607,14.16351956086799,3270.167,-4.2193046727611385
202406,274.0,42.0,188.0,12.631556043952088,12.536961466714166,1795.538,7.264747061396806
202210,134.0,22.0,42.0,11.668218349376264,11.130888756037155,608.334,-6.19622541548757
202403,35.0,12.0,7.0,13.908331277997025,13.513200685670832,690.888,-2.33857149424417
202404,51.0,9.0,18.0,11.933088691238774,11.785057256073694,398.244,-6.161023081418544
202306,231.0,56.0,78.0,12.67612627352595,12.667952743058672,889.824,-6.260874810590354
202208,1.0,0.0,0.0,16.255316018440446,16.255316105618252,10644.189,-6.0717201171990665
202312,129.0,27.0,53.0,13.593180425735042,12.786820708601049,668.474,-6.174409986472073
202207,169.0,10.0,17.0,10.746562222079024,10.746583741107225,238.321,-6.276933343152721
202310,144.0,19.0,34.0,11.975816358578761,11.973686512849032,416.674,-6.2168301581738
202208,586.0,284.0,96.0,11.270560867208907,11.223642111151474,1279.02,28.440587728155542
202312,74.0,10.0,26.0,12.378562697744172,11.076387559107486,466.632,-1.3020236664292817
202210,285.0,89.0,102.0,13.273763420553834,12.858465537611092,1587.79,7.814416221925754
202309,331.0,150.0,95.0,12.187394286008072,12.13127366545469,1732.03,4.391615661140666
202309,78.0,4.0,3.0,7.808729306744399,0.6931471805599453,487.169,-4.292808972534438
202408,84.0,35.0,27.0,13.725293685221894,13.162345339195866,4316.136,-6.140247273229875
202401,195.0,44.0,29.0,12.879738797075667,12.669976458666758,494.108,5.537422529361923
202409,2.0,0.0,0.0,9.719444514843833,0.6931471805599453,361.796,-6.2918148135823255
202405,37.0,7.0,7.0,9.987231095968987,9.98727707826581,43.52,-6.2918148135823255
202207,318.0,43.0,117.0,13.64630698298294,13.544294834662546,2443.467,5.044799498068629
202301,9.0,1.0,1.0,11.923941803116717,10.862052024637613,746.437,-6.276933343152721
202403,166.0,27.0,75.0,14.222768058776477,14.125591150171921,2395.357,30.897573510738717
202307,36.0,18.0,10.0,13.645999001644176,13.430665390119856,5300.262,-6.00779446309766
202404,234.0,34.0,99.0,14.424716734022207,14.121325482059536,2822.258,20.61617050098475
202301,219.0,68.0,84.0,14.071149178988625,13.917813504016582,1890.328,-2.134087942501525
202303,225.0,85.0,76.0,13.637898295018845,13.402780624802123,1680.162,9.284926486679952
202303,8.0,1.0,2.0,13.573386766101185,12.937028485071684,3486.206,-6.227889159480919
202208,59.0,4.0,12.0,15.295857717807024,12.466642994200159,9780.246,-5.319485397273138
202310,95.0,34.0,20.0,11.68566795531719,10.718299115460429,220.858,-4.02752771045692
202403,5.0,3.0,0.0,11.461916340728832,11.461926863998412,183.513,-6.27185124575107
202212,38.0,3.0,19.0,11.979109308113099,11.101356767801578,554.849,-6.094955753876456
202410,135.0,7.0,20.0,10.113586390329528,10.051088256601693,180.109,-6.256157534964052
202402,324.0,21.0,22.0,11.962496768701468,11.962503147696713,271.206,-6.2918148135823255
202405,540.0,19.0,78.0,12.529904615233404,12.422308392808828,458.623,-6.204668384349104
202406,73.0,6.0,15.0,13.468065742172076,12.069594057044469,2789.925,0.003126885227985987
202306,1.0,0.0,0.0,12.674331002674178,0.6931471805599453,15.615,-6.2918148135823255
202405,115.0,2.0,4.0,12.05230939064418,9.976180237929569,672.126,-6.20711335129225
202406,6.0,1.0,0.0,12.48899716877066,12.473707610803004,2923.007,-6.163963505379513
202407,99.0,15.0,25.0,11.602263300322424,11.602272445646191,1224.53,-6.2918148135823255
202408,16.0,5.0,2.0,12.223907652055088,11.89127285563019,680.172,-3.296019440123753
202406,293.0,119.0,45.0,9.687878048875998,9.687940077843546,587.128,12.17526703664698
202306,97.0,15.0,31.0,12.684540353188039,12.391838264726683,882.246,-4.072852437360835
202402,118.0,24.0,47.0,15.593527530157266,14.440195797497315,8894.301,-5.083558828893205
202308,122.0,32.0,43.0,15.196751924181099,13.227424048113152,9193.496,-2.3559519339226225
202404,516.0,132.0,107.0,13.151215133631235,12.908840894821672,2573.683,38.665956400332135
202210,169.0,10.0,17.0,10.94913848971599,10.949156062709815,189.198,-6.276933343152721
202306,259.0,57.0,144.0,11.530961827456327,11.530971648661291,899.754,-6.271039005393656
202404,110.0,21.0,32.0,13.808816200671547,13.359332513344134,1685.029,-3.228202960494307
202309,99.0,28.0,23.0,12.20690230127065,12.206907297111613,483.64,-6.227889159480919
202210,456.0,130.0,71.0,10.60700576752029,10.544235564296866,665.389,0.5145814766351418
202303,376.0,139.0,70.0,12.146136848919175,11.630886262603793,800.18,-1.1104901029334506
202309,32.0,3.0,8.0,10.070991535979658,7.1204443723924875,346.99,-6.2867327161806745
202403,44.0,14.0,15.0,12.907582263243743,12.368731315263828,587.993,-4.283230326862545
202303,247.0,91.0,27.0,12.274800815320056,11.73081523933589,371.417,-4.2534673860033365
202409,81.0,9.0,31.0,12.899899594994876,12.475920377338069,1949.469,7.1702567621769475
202308,267.0,24.0,58.0,11.881864891728943,11.881871806377973,488.136,-5.161871148211118
202407,477.0,85.0,131.0,15.408229687163386,15.10602172742737,19809.336,119.57024070713469
202208,165.0,45.0,24.0,5.730099782973574,5.733341276897746,255.881,-0.685182180596537
202405,24.0,8.0,3.0,12.995756526138148,12.995758796077007,80.378,-6.227889159480919
202311,271.0,39.0,94.0,14.40905450674516,14.108510714306867,5907.53,-1.3967346930052011
202311,52.0,13.0,14.0,10.150621030590434,10.001883874392322,159.838,-6.258381774551138
202301,349.0,43.0,110.0,13.003284752834965,12.930626434648671,893.352,-2.1624388841310616
202211,153.0,61.0,18.0,11.360123874712265,11.360135525582294,398.037,6.4282251245351905
202403,334.0,73.0,78.0,12.612460660961663,12.583618273640203,514.223,-0.3139344081716535
202403,268.0,94.0,54.0,11.88264594466943,11.826370308895362,555.105,4.653666403061202
202308,114.0,8.0,42.0,11.316886249848027,11.315754194925939,397.692,1.4587955402164274
202406,120.0,33.0,30.0,11.513115446922514,11.498146796432419,691.647,-3.0715391129993566
202404,5.0,1.0,0.0,13.645669593556716,13.645670778672375,2851.385,-6.100037851278107
202306,25.0,2.0,4.0,12.69789891928638,11.00058202323444,558.266,-4.3263801727752815
202301,35.0,7.0,11.0,13.614491690786274,13.146310346217803,2867.828,0.5144911005819859
202301,461.0,58.0,159.0,14.552047154395874,14.401341422646517,2941.539,-6.2867327161806745
202404,147.0,27.0,71.0,13.658125486460351,13.297029035787368,2532.856,-2.3049177278569215
202408,45.0,1.0,9.0,12.275943797882213,12.275948460441166,833.985,-1.3551830766278634
202301,234.0,80.0,50.0,13.64628329547798,13.444862732122521,847.314,-5.298709589084469
202309,30.0,1.0,1.0,10.24544471938791,6.0014148779611505,66.199,-6.2918148135823255
202208,195.0,44.0,29.0,11.934749368690944,11.751044324527394,628.352,5.537422529361923
202211,39.0,6.0,20.0,12.714392131554726,12.420135088108191,685.529,-0.3939126616257953
202307,181.0,42.0,55.0,12.656166891781544,12.190019480207926,1152.671,20.104104962802445
202401,111.0,21.0,43.0,12.3706205153358,11.94917839323071,553.413,-6.140109112020218
202211,67.0,6.0,30.0,13.01093560421852,12.722941969293336,1487.351,-6.271039005393656
202401,213.0,51.0,96.0,13.112157473895252,13.109750164224982,1023.903,8.64136519304585
202211,33.0,8.0,6.0,9.533510237357516,9.533582619826515,170.567,-4.134603210471063
202210,47.0,10.0,31.0,11.566380920202446,11.565726621961357,534.152,-6.2918148135823255
202408,154.0,61.0,19.0,10.981420829995837,10.981437844756142,574.7,6.4282251245351905
202307,2.0,0.0,0.0,12.79766871210624,12.679657355047054,0.0,-6.227889159480919
202207,73.0,3.0,18.0,14.155999715943421,12.963384058440381,5138.986,-3.2135422174207635
202310,36.0,10.0,6.0,11.68769356610927,11.37995391560422,414.092,-6.2918148135823255
202306,123.0,26.0,28.0,11.578179355170326,11.137155072197103,229.009,0.061158201570327364
202307,904.0,18.0,74.0,11.409385513301851,11.356026010721697,668.295,-5.184245185935185
202308,30.0,1.0,1.0,10.310418252805903,5.976350909297934,89.842,-6.2918148135823255
202407,142.0,20.0,34.0,12.495745235586675,12.493950948727443,821.61,-6.2168301581738
202409,98.0,13.0,5.0,8.653470809708786,8.610136937058975,35.539,-6.036112197176701
202303,102.0,10.0,50.0,12.92788016658333,12.926127057771081,799.547,20.75215524807929
202301,52.0,13.0,14.0,11.033130052302017,10.88715651974023,281.524,-6.258381774551138
202311,29.0,4.0,11.0,13.48167843317877,13.166938958396303,1455.72,-4.029702591448098
202410,16.0,7.0,4.0,11.196102902772031,10.012431639525307,254.47,-6.2918148135823255
202207,475.0,198.0,94.0,10.749977944151007,10.55229091924402,1560.544,10.461203517475537
202301,207.0,51.0,66.0,14.18779316616189,13.66926091590327,2466.278,3.751156978612485
202311,90.0,10.0,44.0,12.99062922591684,12.640475003532936,698.433,-5.2860523582419505
202208,49.0,7.0,25.0,12.443797372921841,11.789806920177805,1653.902,-5.109886540578346
202211,293.0,91.0,32.0,12.740651904599945,12.643188217961452,438.81,-0.755002172457008
202406,201.0,12.0,22.0,12.39098667230133,11.240158277245076,321.446,-6.271039005393656
202208,141.0,26.0,63.0,12.413765446380685,12.352883598196902,799.596,-6.276933343152721
202311,106.0,27.0,16.0,11.43043476340315,10.921883507347436,174.457,-3.359945094225159
202409,4.0,1.0,1.0,11.1709843009904,9.792835282432533,279.944,-6.2918148135823255
202301,48.0,6.0,22.0,14.578407656712324,13.944500780064404,2498.729,-6.179574650020127
202306,904.0,18.0,74.0,11.708558035823856,11.646030516724396,580.064,-5.184245185935185
202408,200.0,87.0,30.0,7.403670290012373,7.404279118037268,370.679,-5.2860523582419505
202307,46.0,9.0,32.0,13.125544312860569,13.125546306506818,1031.397,-3.3540507564660946
202406,161.0,13.0,35.0,11.759183799390437,11.61348547662441,455.351,0.5144911005819859
202404,193.0,45.0,22.0,11.560114347772686,10.045117314666792,178.713,-3.2849604388166336
202303,120.0,30.0,29.0,12.47482416032249,11.789609783212468,439.127,-3.3540507564660946
202401,181.0,50.0,50.0,11.769372255673682,11.765868566242954,601.366,-4.5469611445611635
202303,346.0,119.0,81.0,12.57845310958206,12.005650252571737,798.811,-2.679289547254068
202409,65.0,9.0,5.0,11.887883254470728,6.725033642166843,387.084,-6.275982941585651
202403,28.0,12.0,5.0,11.83902263769482,11.765433624914342,802.853,-2.1438873155294784
202410,39.0,3.0,14.0,9.688126141663973,9.58493381641726,122.205,-6.2867327161806745
202408,92.0,16.0,25.0,10.84885153189599,10.689077168485634,555.535,-6.152904504072394
202406,75.0,14.0,16.0,11.930503580162194,11.881768081621892,705.881,-6.036112197176701
202308,44.0,9.0,9.0,9.165552189186048,8.832733591996416,146.288,-3.325561653626901
202207,17.0,5.0,6.0,10.081047792228372,10.075127260983223,323.082,-3.3748265646547635
202404,97.0,21.0,24.0,12.78551627052804,12.785519071573951,857.121,-6.115648995918721
202404,1164.0,544.0,185.0,13.453993911879426,13.335944554600424,3004.319,33.60830510965255
202210,644.0,210.0,116.0,10.425431142035965,10.078658605301241,905.17,0.03655992425917365
202211,170.0,16.0,74.0,13.513126268979269,13.384898396523184,1726.02,-6.163963505379513
202301,204.0,18.0,46.0,15.40077441833225,12.15283535754775,1704.326,-4.26834885643294
202401,47.0,17.0,20.0,13.607837961864645,13.452627814016129,3578.179,-2.901204132857058
202301,68.0,23.0,17.0,12.803465797799626,12.721900736068955,931.087,10.69797143182213
202303,49.0,22.0,21.0,13.452111630056262,13.400557077283782,2170.466,-6.1915156964887625
202408,67.0,20.0,10.0,9.455245415071905,9.422867770827203,91.158,-6.271039005393656
202401,330.0,126.0,17.0,13.238858472910643,11.627298247874727,1379.368,-2.684315090218941
202210,129.0,15.0,63.0,11.725186010625311,11.661716091055238,672.196,5.82449603305065
202401,181.0,122.0,26.0,14.018321597618378,13.91940650165997,1365.587,-5.999504516991357
202309,91.0,1.0,0.0,10.54096344822561,0.6931471805599453,149.61,-6.2918148135823255
202405,315.0,43.0,115.0,13.520285441484612,13.516989960331498,1752.713,4.824704801685369
202310,76.0,10.0,41.0,12.964473716290216,12.829312250674768,1117.242,-5.155260626078169
202401,696.0,199.0,133.0,12.74038820774432,12.352244435650796,1521.067,6.421539117667766
202308,29.0,1.0,3.0,5.5053315359323625,5.5093883366279774,24.735,-6.2918148135823255
202307,274.0,43.0,186.0,12.453752699689288,12.347229267061975,2005.827,7.264747061396806
202210,210.0,23.0,75.0,13.789710582473862,13.159221686893572,1887.694,-0.17381796524253623
202311,210.0,35.0,57.0,13.125109603072355,12.999336617424891,1064.207,1.743522893459776
202303,163.0,45.0,71.0,13.26046132741612,12.47519479321104,725.842,-5.2050209941238545
202402,68.0,6.0,30.0,13.235397376438454,12.806279086942862,1931.892,-6.271039005393656
202212,252.0,90.0,34.0,14.097436093303676,12.8828617594773,1413.744,-1.6575115969057244
202409,728.0,200.0,127.0,12.810700039294945,11.843149651687678,1944.14,8.668579581595177
202402,187.0,33.0,99.0,13.926584918475179,13.802314876653524,4117.57,-5.623970452537256
202401,243.0,93.0,71.0,14.958588754030716,14.75510601292631,2503.991,2.830510753130728
202408,14.0,6.0,2.0,12.722572142391968,12.717608017365405,1956.127,-6.079262043089438
202401,120.0,27.0,32.0,15.07049135098196,13.899055433574597,2736.761,1.3204483923251482
202312,374.0,110.0,74.0,10.423114332255187,10.423144068936873,841.83,2.634311467564011
202310,387.0,74.0,83.0,13.290959503279806,12.731703134440838,1995.335,-1.0280128802304604
202402,24.0,8.0,3.0,13.991513863245238,13.9915147018601,133.977,-6.227889159480919
202408,84.0,13.0,18.0,10.996500862803757,10.996517622908005,217.57,-5.851625420815807
202308,160.0,27.0,55.0,12.233629445101045,11.834189788126562,980.39,14.647049847775206
202308,22.0,4.0,7.0,9.240384493324559,7.7039102096163115,191.311,-6.2918148135823255
202403,54.0,11.0,13.0,14.462338369425131,12.208474758146187,4309.743,-5.005702105929265
202212,345.0,119.0,81.0,13.135042654561403,12.53365548830547,992.315,-2.679289547254068
202309,106.0,18.0,13.0,11.217520312832272,6.327936783729195,202.502,-4.439106611740103
202403,94.0,36.0,37.0,12.044265227553915,11.935293575686618,649.106,-1.8471271680558905
202406,103.0,8.0,34.0,13.453212692131704,12.378474329340447,3125.301,-6.276933343152721
202207,502.0,171.0,262.0,14.376230307738098,14.097513786260395,8060.443,-4.777110945824491
202409,122.0,16.0,25.0,10.98661388366879,10.467294545090018,227.194,-6.212655453598952
202212,57.0,4.0,4.0,10.020514747061002,9.71842223507111,70.527,-6.2918148135823255
202403,145.0,31.0,67.0,12.932313634962734,12.639642424709768,438.691,-6.276933343152721
202210,167.0,58.0,59.0,12.802648351187452,12.72153052381966,987.712,13.839406800323589
202308,77.0,13.0,33.0,10.162268481441469,10.162307080302808,131.226,-6.193830110398045
202211,38.0,3.0,19.0,11.553260941159632,10.967422126322845,390.653,-6.094955753876456
202410,17.0,2.0,7.0,11.042553767995877,11.04256977375795,198.1,-6.2918148135823255
202409,390.0,73.0,34.0,10.71681489335218,10.700634323114558,302.864,1.6331197295362454
202210,412.0,219.0,118.0,15.060056141758974,14.844680588472078,6517.813,19.013610032581006
202207,361.0,101.0,77.0,11.599827669334077,11.578497826510597,975.376,1.8421554246123844
202210,241.0,30.0,90.0,9.276128112514186,9.276221741089696,424.915,-5.807709751409733
202207,75.0,18.0,18.0,11.424236317674435,11.37193777166925,261.715,-4.347155980963951
202306,194.0,46.0,23.0,8.963800242855577,8.899048433885268,168.756,-3.3057362470053024
202402,11.0,0.0,0.0,15.660760081934043,13.204678577932,4174.923,-6.227889159480919
202303,62.0,9.0,4.0,11.387090096123016,11.052571131172039,311.323,-6.2918148135823255
202307,701.0,387.0,116.0,14.042203801659324,13.839480958602854,5618.575,43.175014108411055
202210,161.0,36.0,55.0,12.651018048481992,12.610864193514306,356.913,-5.2860523582419505
202301,106.0,42.0,25.0,10.60955095836262,10.609575637228874,226.203,-5.319485397273138
202309,2.0,1.0,0.0,7.172424577124845,0.6931471805599453,173.664,-6.2918148135823255
202308,475.0,94.0,57.0,7.483806687665835,7.484368643286131,507.054,1.5568612361077045
202405,207.0,23.0,60.0,13.067465700289922,12.62636396681255,1201.53,2.005817034188702
202307,285.0,51.0,97.0,12.849551526472588,12.554109891735814,1630.724,20.513508983094447
202405,110.0,3.0,21.0,11.647465099148372,11.6474738402925,161.91,-6.2918148135823255
202409,2.0,1.0,0.0,11.799216570475869,11.799224080887177,21.165,-6.276933343152721
202409,122.0,32.0,52.0,11.632023191597147,11.601375806154113,983.158,5.710940680468852
202309,90.0,4.0,3.0,9.359363643368622,0.6931471805599453,28.889,-6.2918148135823255
202408,167.0,60.0,58.0,12.678242676432328,12.169341231499361,1946.967,12.93100303811581
202210,341.0,153.0,57.0,12.075758927775924,12.059687568540525,628.215,2.918688273380301
202311,150.0,15.0,21.0,12.810645410009263,12.810648141544426,1182.596,-5.224846400745453
202404,388.0,112.0,155.0,14.48658849439181,13.384523005550621,3683.741,2.741621716003248
202301,110.0,3.0,21.0,11.798547917861054,11.798555433295878,285.654,-6.2918148135823255
202307,47.0,9.0,8.0,13.765623642583044,11.521121783194713,2391.103,-5.304603926843534
202311,106.0,22.0,29.0,11.554307302748997,11.16086841356268,435.074,-4.80048887997561
202407,190.0,55.0,64.0,11.292802347549516,11.085751413699848,1022.453,-2.4380640509106932
202210,335.0,76.0,77.0,12.148978347281835,12.133184698074338,452.63,-0.3778600622730597
202308,78.0,3.0,4.0,12.286416846211663,9.69793830962287,696.05,-6.271039005393656
202212,17.0,4.0,7.0,13.295455809879817,12.930461677229369,1543.474,-6.275982941585651
202301,279.0,26.0,27.0,13.427996363788814,13.362571693841131,779.643,-5.947218290822283
202208,34.0,11.0,11.0,12.752765288175107,12.68414054595798,1336.393,-0.13530282880969757
202208,11.0,3.0,1.0,10.884535531625561,9.129672468908728,508.068,-6.227889159480919
202303,546.0,140.0,149.0,11.41099240221266,9.781093904322061,875.59,22.802683447292623
202306,284.0,101.0,26.0,10.915070282231135,10.826257250507993,231.907,-3.2935744731806067
202210,189.0,28.0,47.0,13.15468728525418,12.928346496141044,1042.431,-4.264458030904901
202303,36.0,24.0,8.0,10.896720806856424,10.896739325546411,556.534,-6.2918148135823255
202410,125.0,7.0,50.0,12.339742153616317,11.575524606726749,426.847,2.47992574138903
202402,110.0,22.0,33.0,12.988130024177387,12.9881323114941,633.805,-6.235381726775383
202402,213.0,97.0,48.0,12.762706850103122,12.752455549496545,845.444,-0.9199376200533393
202210,234.0,80.0,50.0,12.728561982955478,12.669407210923266,563.859,-5.298709589084469
202210,126.0,16.0,88.0,11.373284015335528,11.373295513883836,313.017,-6.256157534964052
202303,273.0,74.0,92.0,14.602080228672078,14.134316954161896,4049.021,19.831265623789143
202307,260.0,27.0,37.0,11.7376916990224,11.565280695304157,640.88,-4.2266590788459455
202309,16.0,4.0,3.0,8.555836815008442,6.745236349484363,556.952,-6.227889159480919
202303,409.0,156.0,66.0,12.01119458476221,11.638694306804567,1487.627,43.8856084093459
202401,101.0,33.0,48.0,14.660705637628347,13.52842697304976,2254.526,0.20244577342257486
202212,166.0,14.0,8.0,13.637066673272757,12.793675960291349,2019.522,-6.20711335129225
202309,55.0,8.0,26.0,11.347213206927655,10.178426272278042,381.903,-6.2918148135823255
202303,116.0,55.0,49.0,13.058588298104196,12.949675269578613,1340.227,-4.292947133744094
202303,97.0,15.0,31.0,12.966025306981635,12.595242368770837,748.255,-4.072852437360835
202410,59.0,20.0,21.0,13.485676440200038,12.133152429253546,3141.166,-3.2032954564710576
202210,151.0,16.0,33.0,14.006762949203805,13.199628076135527,2514.622,13.01530144295439
202301,318.0,42.0,118.0,14.092630800135217,14.021809837729556,2813.443,5.044799498068629
202210,48.0,6.0,22.0,13.197034762239886,12.17545363146264,2089.853,-6.179574650020127
202301,20.0,9.0,1.0,13.467951084457079,12.77375863872529,2164.433,-5.122626337567269
202212,14.0,5.0,5.0,12.476141766594724,12.336600782894896,215.607,-6.258381774551138
202401,170.0,30.0,53.0,13.855791286026266,13.756959410014385,1183.897,-3.3540507564660946
202401,87.0,16.0,21.0,13.151929946606002,11.468639143258756,1143.039,0.578416754683392
202303,561.0,126.0,98.0,12.162883267634589,12.095325425373028,630.553,3.1271340288944938
202311,96.0,12.0,33.0,12.416746775745986,12.044970359178315,567.055,-6.276933343152721
202309,7.0,0.0,0.0,12.251342334377657,0.6931471805599453,618.901,-6.2918148135823255
202401,43.0,0.0,0.0,14.589948282710456,0.6931471805599453,9254.671,-6.2918148135823255
202311,842.0,343.0,142.0,9.261603665913725,9.261698664251325,1132.315,4.945783181653843
202303,180.0,39.0,81.0,13.465604084731803,13.429674532682554,1428.015,23.917530529825406
202208,300.0,46.0,60.0,11.546660002699857,11.364808214017287,754.189,-4.296617231916073
202402,41.0,11.0,10.0,12.804485980173508,12.50515820041954,1587.103,-5.260056291441973
202312,20.0,9.0,4.0,13.969737806288661,12.092590348425482,776.326,-6.2918148135823255
202410,280.0,35.0,40.0,10.712527093663306,10.63354508711617,370.994,-6.256157534964052
202211,353.0,126.0,89.0,13.49275659408392,13.096497727074128,2425.184,13.744617309542521
202403,43.0,9.0,19.0,12.65025192826623,12.606113066593112,2649.884,-3.2950690385566825
202311,25.0,8.0,14.0,13.310890638919787,13.204081603689186,2430.964,-6.275982941585651
202301,76.0,40.0,19.0,14.214390699356862,14.021495742841026,6425.699,-5.183611567707706
202403,482.0,11.0,19.0,10.891745395126074,10.80829257546719,107.697,-6.241276064534448
202402,216.0,58.0,63.0,12.328020330317333,12.211627190443503,858.2,-5.047950908870839
202410,29.0,1.0,3.0,5.755742213586912,5.75890177387728,24.146,-6.2918148135823255
202212,196.0,46.0,92.0,12.6897356838327,12.60842959498047,1047.192,-5.265276550053281
202406,157.0,29.0,78.0,10.647494183386883,10.647517943410643,293.367,-4.021584014101947
202307,98.0,30.0,34.0,12.941563062934309,12.684311025952566,2087.156,0.07898009596090105
202406,396.0,18.0,15.0,12.651117376734714,12.284440104604187,1327.269,-6.250263197204988
202405,371.0,249.0,54.0,10.359994256691806,9.962228047558728,274.701,-3.325561653626901
202303,7.0,0.0,0.0,13.866804252351745,13.540023160626335,1391.834,-5.319485397273138
202407,191.0,48.0,51.0,13.14151873644407,12.607506304924883,1270.678,17.815260599823134
202409,141.0,24.0,38.0,10.53523793823075,10.53340202567921,292.148,-5.265276550053281
202312,84.0,8.0,25.0,13.605737225588236,12.19759682704913,1021.225,-4.216364248800169
202312,85.0,4.0,22.0,12.319106644564298,11.77193024653514,823.69,-5.595873445814275
202303,114.0,4.0,13.0,10.56666509647364,10.566690856723001,100.446,-6.2918148135823255
202211,39.0,6.0,17.0,13.218307901424359,12.97667148759313,727.278,-0.14038492621134857
202307,178.0,28.0,37.0,11.32653564400032,11.127027662354593,315.11,-3.3242878156068856
202303,37.0,10.0,13.0,12.894832716783581,12.750168621807559,1454.598,-5.153036386491083
202401,28.0,12.0,5.0,12.061289618581414,11.98761186292033,997.708,-2.1438873155294784
202303,254.0,50.0,93.0,13.444000400106061,13.358029789361817,1724.833,-5.1969984727612335
202308,106.0,2.0,0.0,12.229916117214623,5.69035945432406,353.732,-6.235381726775383
202303,191.0,12.0,13.0,12.480414886757071,11.878651325509376,1238.398,-6.227889159480919
202303,1170.0,547.0,185.0,13.326037014067367,13.213552349413078,3073.368,34.580634525961734
202311,275.0,90.0,75.0,13.480085372993114,13.361011706023561,1174.712,-4.795373575023463
202212,222.0,42.0,49.0,11.664126083356361,11.433124394766674,601.245,1.238768548433999
202306,261.0,109.0,113.0,12.095386864672417,12.066379450791842,1032.696,0.36590500164775364
202210,163.0,5.0,5.0,8.299037181613066,7.971776122880628,111.744,-6.2620518727231165
202210,78.0,30.0,20.0,13.014773712371486,12.14757981233685,759.192,-4.347155980963951
202312,27.0,10.0,3.0,12.825610960131407,12.31248910348465,1266.489,-6.258381774551138
202312,163.0,41.0,41.0,12.463876527241334,12.388110828844322,955.299,-6.2620518727231165
202308,199.0,20.0,13.0,10.871668400664227,10.746712845552901,220.22,-6.271039005393656
202207,124.0,19.0,33.0,12.276204867710552,11.822334782041752,1095.093,12.940086878574602
202207,278.0,20.0,39.0,12.955498547558612,12.511651117815754,1196.431,-6.227889159480919
202211,99.0,32.0,42.0,11.120593735252028,10.847023733300478,788.197,3.5751625297090346
202404,98.0,21.0,49.0,13.490768848883635,12.73564740068388,1381.242,-6.271039005393656
202402,51.0,9.0,18.0,12.182885898554838,12.063552402539088,527.149,-6.161023081418544
202406,93.0,0.0,16.0,11.248998980872845,9.693692018741418,84.965,-6.2918148135823255
202208,49.0,7.0,25.0,13.38384571462675,13.113449768968717,1141.896,-5.191561980229505
202310,89.0,30.0,11.0,13.114714196872713,12.598232969559259,3413.825,-4.934760343741571
202311,247.0,97.0,60.0,7.701200180857446,7.701652362642226,375.729,-3.119074589653231
202301,139.0,44.0,60.0,14.422572478010853,12.682890505083579,1773.673,-4.871956459967388
202301,95.0,22.0,44.0,14.058067641279063,13.279941320307367,2291.71,-4.3420738835623
202210,89.0,38.0,21.0,11.001382917609254,10.731143772668043,311.355,-5.2860523582419505
202303,48.0,10.0,8.0,13.486040747033845,11.758871062391883,1650.342,-5.304603926843534
202308,82.0,7.0,21.0,10.035699324844632,9.609787407758784,209.573,-6.271039005393656
202405,81.0,13.0,35.0,13.288294678135301,13.121809223889628,1006.932,10.271290411545868
202303,228.0,28.0,92.0,14.160864662331655,14.123918360933091,1881.367,8.823099383513728
202212,936.0,454.0,204.0,13.593664914003796,13.29398960923924,3039.549,30.91923306882817
202407,76.0,42.0,18.0,14.153915211978019,13.913196096187885,6262.763,-5.183611567707706
202301,339.0,116.0,53.0,12.003215673016172,11.86168617380529,777.295,0.910225478562376
202210,404.0,35.0,167.0,13.770368830149428,13.715852640430812,3043.537,-6.165341007558852
202310,74.0,12.0,6.0,11.839592645899613,11.639831206364304,516.476,-6.2918148135823255
202409,276.0,34.0,23.0,10.66683687312301,10.590163841965762,241.715,-6.021230726747096
202406,2.0,0.0,0.0,13.612773618177707,13.564682297199074,926.449,-6.2867327161806745
202308,143.0,33.0,66.0,14.928650802964514,13.278108214458898,6042.572,-3.1547318682715044
202307,250.0,13.0,25.0,11.660957463789309,11.496674124384178,880.601,4.48851022810881
202311,42.0,4.0,30.0,12.294005680995449,11.951715736452025,604.402,-6.2918148135823255
202311,153.0,3.0,9.0,10.195746634481015,10.195783962538654,85.371,-6.2918148135823255
202402,6.0,1.0,0.0,15.897661800087631,15.706765678103608,7101.518,-6.163963505379513
202212,187.0,0.0,1.0,13.225071578784318,12.45434578711683,3305.844,-6.19812621862171
202409,121.0,20.0,20.0,11.071485968689245,11.071501518007796,531.28,-6.276933343152721
202405,35.0,7.0,11.0,12.85745467860757,12.408204999521574,1835.911,0.5144911005819859
202303,74.0,11.0,21.0,11.346185876302558,11.346197690698398,122.996,-6.2918148135823255
202309,29.0,2.0,3.0,11.851431346618632,11.851103388936492,319.389,-6.20711335129225
202210,133.0,43.0,41.0,12.262953798714717,11.375110625758792,449.787,-4.283230326862545
202401,17.0,4.0,7.0,13.17271422783105,12.846702098179176,1833.172,-6.275982941585651
202401,1.0,1.0,0.0,14.577592208305825,14.577592674999638,2203.371,-6.2918148135823255
202408,29.0,5.0,15.0,11.610424157323905,11.61043322831804,809.31,0.734585796965245
202312,70.0,22.0,33.0,13.752895519081395,13.145001197426827,1172.506,-4.165095825541282
202406,67.0,6.0,40.0,13.629200256695412,13.457601996289117,5588.835,-2.2077797620803885
202303,206.0,14.0,82.0,15.188734876988416,14.085781176983614,5829.983,1.1906070617284366
202211,10.0,4.0,3.0,12.76002672189584,12.289015758343849,1139.807,-6.2918148135823255
202308,136.0,3.0,0.0,6.077642243349034,6.07993319509559,6.246,-6.276933343152721
202207,173.0,35.0,69.0,15.458356166814285,13.0602624163352,7087.419,-2.053654744498136
202308,15.0,4.0,2.0,8.419580362549237,8.419800845407588,68.573,-6.256157534964052
202402,575.0,219.0,204.0,15.482275425589988,15.325304915069777,5964.338,28.352399869497376
202208,34.0,15.0,9.0,8.773384596776648,8.773539383558166,94.773,-6.194456120449732
202310,13.0,3.0,6.0,12.066212698352702,12.066218448899722,1013.43,-6.163963505379513
202212,304.0,73.0,98.0,14.329227198710585,13.988653452758719,3374.86,24.824464472496132
202301,36.0,7.0,17.0,12.327843275708803,12.240256657310244,585.325,-6.234431325208313
202409,6.0,1.0,4.0,13.873218931659686,13.873219875584422,697.659,-5.319485397273138
202303,332.0,77.0,75.0,14.117744733094758,13.789571018283343,2116.764,7.535137108019555
202303,878.0,407.0,169.0,13.362453717280577,13.353182992216803,2717.666,17.337771810540715
202401,166.0,17.0,7.0,13.880930253253844,13.037892044496948,2627.21,-6.271039005393656
202303,38.0,2.0,13.0,10.491690797323463,10.491718563146513,193.75,-6.163963505379513
202311,258.0,65.0,77.0,13.512373672757622,13.433431355418058,1291.932,-3.1532866614913364
202410,245.0,9.0,14.0,13.831365206158301,12.03217748671609,3106.603,-6.256157534964052
202210,539.0,179.0,87.0,13.0984148878857,12.789742514712081,1170.638,-2.8411015996828617
202407,120.0,33.0,30.0,11.505145277651266,11.49490405037241,860.373,-3.0715391129993566
202301,99.0,0.0,11.0,10.993950055063785,10.99396685797405,97.749,-6.2620518727231165
202306,12.0,6.0,1.0,10.433174183943038,8.39366870513074,80.079,-5.319485397273138
202312,89.0,30.0,23.0,12.466226777144666,12.32244134815562,429.858,-6.2918148135823255
202308,9.0,0.0,6.0,11.45546582929695,10.046245003891086,303.622,-6.2918148135823255
202405,35.0,12.0,7.0,13.689630958416526,13.501320225631696,594.141,-2.33857149424417
202311,105.0,32.0,34.0,12.517739763232415,12.461396801873828,548.509,-1.3551830766278634
202212,64.0,18.0,15.0,12.448069353928501,12.407996646186248,401.201,-5.266088790410695
202409,257.0,45.0,76.0,12.839363658936753,12.47682852477983,2649.632,14.119124086213523
202211,179.0,18.0,26.0,12.63918534556715,11.62683433907801,564.239,-6.222807062079268
202303,51.0,9.0,35.0,12.57900767485672,12.4416150128583,728.504,-6.266769148349419
202404,264.0,113.0,70.0,13.833655930419,12.864229751153413,1527.685,-1.0822217274503174
202301,276.0,39.0,58.0,12.999931301688825,12.393792107385721,605.943,5.000014178111876
202311,532.0,75.0,51.0,11.917316663310329,11.764384327264485,309.611,9.606859686223348
202312,2.0,0.0,0.0,13.67189996904093,13.585687246644607,903.438,-6.2867327161806745
202406,269.0,54.0,131.0,14.898383293858291,14.699082211179677,6885.053,-3.2311433844552764
202307,142.0,16.0,43.0,12.476065431008182,12.187485978654387,1443.554,-0.5883429704170613
202404,43.0,15.0,8.0,10.424956336400598,10.424986018358423,388.429,-6.20711335129225
202410,89.0,0.0,6.0,10.639526583984887,9.308374112247549,143.431,-6.2294873890163185
202402,25.0,13.0,11.0,13.164867156931052,13.159036617733083,1461.578,-6.2918148135823255
202410,67.0,11.0,13.0,10.861515060390364,8.029758520440822,113.922,-6.271039005393656
202308,86.0,8.0,26.0,7.588829878307813,6.555356891810665,306.948,-1.3023164238335765
202407,478.0,61.0,60.0,12.14798792044346,12.14799321945334,971.148,-4.718011657272621
202311,233.0,46.0,73.0,12.38732279523915,12.380383031750425,659.442,-6.101636080813506
202212,153.0,35.0,30.0,12.103497137026096,12.103502677115568,493.909,4.795823905987676
202312,43.0,16.0,20.0,12.890108443221656,12.817337093274803,882.647,-6.258381774551138
202401,338.0,16.0,41.0,14.719704821679194,12.405484822116835,1304.474,-6.092648948142966
202301,37.0,7.0,7.0,10.743803956312695,10.706094336004817,74.181,-6.2918148135823255
202212,186.0,33.0,98.0,13.947455943544272,13.828393218995288,3793.798,-5.623970452537256
202401,645.0,106.0,149.0,14.759763867334518,14.704781932475617,1890.298,-4.284828556397944
202307,32.0,12.0,12.0,13.360313567409179,13.197474560459389,4805.203,-6.161023081418544
202401,89.0,30.0,15.0,12.472298674546346,12.472302505868555,238.894,-6.271039005393656
202303,70.0,22.0,33.0,13.809233900900713,13.180296380061776,1106.99,-4.165095825541282
202307,18.0,3.0,0.0,13.402983069855601,12.838040988224337,1991.454,-6.0682030417823185
202308,91.0,14.0,36.0,13.082274447459902,12.752151507032503,1808.725,7.922491482102876
202406,95.0,14.0,57.0,12.610797479703189,12.610800815499452,689.719,-6.271039005393656
202303,189.0,1.0,0.0,9.371778717853713,8.641709066113805,1.346,-6.250263197204988
202308,103.0,31.0,18.0,11.009522227019875,10.859498872605215,287.466,-3.0908062141700983
202303,60.0,15.0,18.0,10.923759849752987,10.634532456099082,248.62,-5.099390700889879
202404,55.0,16.0,2.0,11.03884955523427,11.03886562039456,173.72,2.492582972231549
202208,880.0,408.0,166.0,13.252557959062155,13.248319147323041,2802.291,17.273846156439312
202207,181.0,124.0,24.0,12.930633702733179,12.627748972219512,1362.082,-5.999504516991357
202405,76.0,18.0,27.0,12.724803936992135,12.126060354060726,461.845,-6.213007689051315
202212,88.0,18.0,13.0,10.297419744830568,10.26496594143918,230.734,-6.2918148135823255
202212,87.0,26.0,8.0,8.889170455363413,8.889308319842847,120.758,1.0334876178795147
202310,34.0,8.0,5.0,11.201005343265173,11.201019003627582,151.791,14.127102928910608
202311,97.0,26.0,36.0,12.780461627616992,12.299225955507652,470.485,-4.265408432471971
202306,32.0,12.0,12.0,13.421350308466767,13.278204056948686,3683.763,-6.161023081418544
202407,22.0,6.0,7.0,12.740950676999113,12.30917962387913,1528.679,-5.158201050039138
202210,216.0,58.0,62.0,11.661285123440093,11.498674399200368,714.261,-5.047950908870839
202310,96.0,21.0,24.0,12.22261998010568,12.22262489803769,861.102,-6.115648995918721
202408,62.0,24.0,21.0,13.307025526207783,13.045030827267277,3307.194,-3.9962695524169103
202407,555.0,233.0,161.0,13.901134890118483,13.670804965864818,8111.022,18.019778951873825
202212,226.0,74.0,41.0,10.640436284325322,10.605718351829116,327.126,-2.8464186341814224
202303,63.0,33.0,14.0,9.083642718930225,9.08375621986673,403.488,1.4868205168911732
202210,823.0,393.0,200.0,13.575789099350967,13.43489122144875,2012.059,15.548452696473097
202408,16.0,0.0,1.0,11.824270351659342,0.6931471805599453,1930.345,-6.227889159480919
202306,522.0,56.0,37.0,10.940738489735812,10.720223107340692,317.579,-6.250263197204988
202311,36.0,12.0,9.0,12.812064802420162,12.624960596192686,756.109,-6.276933343152721
202406,143.0,69.0,28.0,12.039457101057836,12.039463007540496,879.021,0.255875587835515
202212,262.0,101.0,49.0,11.767327344387196,11.72011848014931,413.156,-3.9969992266279197
202405,396.0,18.0,15.0,12.718216400179823,12.372815143193614,1140.706,-6.250263197204988
202309,114.0,0.0,0.0,12.202842434009888,0.6931471805599453,283.876,-6.2918148135823255
202210,88.0,5.0,6.0,10.168310330841827,10.168348697202207,243.151,-6.2918148135823255
202207,74.0,11.0,21.0,10.817495681252732,10.817515726756024,223.813,-6.2918148135823255
202309,152.0,24.0,28.0,11.410172657395398,10.940578984555987,478.206,-6.163963505379513
202307,176.0,5.0,14.0,12.751725692220749,12.650046675066445,1723.361,-6.163963505379513
202410,4.0,0.0,3.0,11.005909242878186,8.966611387052865,101.421,-6.2918148135823255
202306,191.0,44.0,55.0,12.406004886583789,12.28262156471868,679.366,4.14597228587918
202309,39.0,6.0,5.0,7.893572073504902,7.893945138235959,133.765,-6.2918148135823255
202308,6.0,3.0,3.0,9.600556469321608,9.600624158088683,103.026,-6.2918148135823255
202303,56.0,18.0,10.0,12.342612009669,12.256266585849422,752.538,-6.1222737277925185
202310,32.0,12.0,12.0,13.477545207202725,13.32970919910302,2852.049,-6.161023081418544
202309,2.0,1.0,1.0,9.276596167753247,9.276689752517717,27.035,-6.2918148135823255
202401,41.0,6.0,28.0,13.480975843134887,13.462504589382037,1850.436,-5.2860523582419505
202311,54.0,14.0,25.0,11.13623730013347,10.825243323841342,361.889,-6.00779446309766
202406,454.0,181.0,130.0,14.677948512240132,13.242020211958078,3114.803,3.833854928671535
202303,448.0,229.0,80.0,12.895359886097467,12.664060625119388,1812.329,19.51417710051841
202308,4.0,1.0,0.0,11.762492812438275,0.6931471805599453,1285.458,-6.2918148135823255
202210,203.0,8.0,16.0,10.504409789053556,10.323512811975622,239.393,-6.275982941585651
202405,51.0,18.0,16.0,12.746590072401439,11.636266360403956,446.02,-6.2918148135823255
202307,71.0,13.0,11.0,11.888865636930053,11.888872503340602,623.018,8.108932412098886
202207,881.0,407.0,166.0,12.979180991977676,12.973754314415743,2555.19,17.273846156439312
202301,73.0,14.0,40.0,13.810957207178799,13.12889996727643,1343.398,-6.275982941585651
202407,54.0,21.0,13.0,9.91398228962877,9.9140317664118,215.687,-5.030349741836326
202301,327.0,105.0,51.0,13.846088258428413,13.798128359066512,1532.21,-0.39599716656381734
202408,275.0,9.0,1.0,10.57648304488522,9.143238568435446,432.188,-6.256157534964052
202402,488.0,138.0,93.0,13.082624129835311,12.943425688864858,1112.812,38.44912294820756
202401,25.0,4.0,11.0,13.490766081533387,13.343124893924966,2942.376,-5.319485397273138
202311,419.0,70.0,153.0,13.387856587764915,13.279250880141442,1554.056,-5.214820367151807
202303,55.0,16.0,2.0,10.380559889496727,10.380590918897086,153.686,2.492582972231549
202405,14.0,5.0,2.0,9.91006586789625,0.6931471805599453,263.933,-4.155379018659732
202404,189.0,55.0,63.0,11.850083180882535,11.611013600860947,816.827,-2.4380640509106932
202309,299.0,18.0,35.0,11.647089157650932,11.226202932013146,956.084,1.527559892911098
202404,15.0,1.0,1.0,13.177150760348557,12.671283558035292,1341.006,-5.319485397273138
202407,41.0,4.0,18.0,13.170450437311022,12.917572873841584,1748.618,0.5479241396131735
202210,74.0,11.0,21.0,11.056572243535474,11.056588026488308,143.366,-6.2918148135823255
202409,89.0,0.0,6.0,10.631857078805835,9.360396968182862,201.228,-6.2294873890163185
202407,20.0,5.0,4.0,8.907476977528738,8.90761234131913,245.586,-0.45783831572720146
202404,265.0,54.0,41.0,14.209503444397365,13.266683610620587,2856.022,20.03089373869583
202210,89.0,38.0,21.0,11.001382917609254,10.731143772668043,311.355,-5.2860523582419505
202303,158.0,36.0,64.0,12.9432797727807,12.41613500997242,790.209,-3.278197545733179
202208,150.0,55.0,23.0,9.911654115202522,9.885527227159136,438.816,4.3250920173408804
202311,144.0,19.0,34.0,12.251571685601393,12.249898125070203,414.797,-6.2168301581738
202306,127.0,26.0,26.0,11.278859985955462,11.184226934646976,289.072,-6.201948687744196
202312,84.0,22.0,16.0,13.0342903461501,12.4595591575727,388.052,-6.2918148135823255
202409,87.0,6.0,11.0,9.52850315168155,9.52857589747142,79.226,-6.256157534964052
202409,1.0,0.0,0.0,10.872958796881008,0.6931471805599453,182.538,-6.2918148135823255
202404,62.0,3.0,34.0,14.048229716466162,13.512026963109934,1659.247,-6.129118467118653
202306,251.0,90.0,34.0,13.30782167614209,12.37248921933416,1500.883,-1.6575115969057244
202212,1516.0,221.0,852.0,16.031346094236227,15.71670169445494,11011.101,-0.20718329967289417
202210,55.0,8.0,6.0,12.535718060916237,12.065171304286588,868.641,-6.194456120449732
202401,89.0,28.0,23.0,11.997238721396071,11.552482659968682,1592.357,-2.2878945839866356
202403,203.0,18.0,46.0,15.15730193929266,12.185900549989007,1887.535,-4.283230326862545
202408,160.0,15.0,32.0,12.84671527210797,12.693649089455329,3435.545,72.59255214458024
202308,34.0,8.0,8.0,10.078994274334729,6.703188113240863,44.517,-6.271039005393656
202301,147.0,54.0,42.0,10.007126587295614,9.8022297204619,334.899,-2.8707115177868396
202407,220.0,56.0,54.0,13.259860147517152,13.206086687956734,2893.649,5.762599323146832
202406,116.0,12.0,14.0,13.265623541686129,13.117802994647997,1346.921,-6.1380230336427894
202306,187.0,0.0,1.0,13.243233199585013,12.480152627563669,3709.893,-6.19812621862171
202410,1.0,0.0,0.0,9.556126244582746,0.6931471805599453,0.139,-6.2918148135823255
202207,361.0,62.0,127.0,11.63041512426264,11.463924278537165,1058.484,-3.269349294176019
202311,34.0,11.0,9.0,12.484234544597795,12.385840945536412,933.17,0.8421086849011408
202301,83.0,19.0,37.0,13.073811584822133,13.021019229775876,425.72,-6.2918148135823255
202210,93.0,0.0,16.0,11.88457867255634,9.227689010310796,82.887,-6.2918148135823255
202210,176.0,5.0,14.0,12.882388978678646,12.74174111450349,1352.664,-6.163963505379513
202404,417.0,111.0,41.0,8.645234541297121,8.64541048921699,313.628,-1.2226533802796187
202207,87.0,26.0,8.0,7.1853870155804165,7.186144304522325,102.957,1.0334876178795147
202402,261.0,58.0,95.0,14.407516088701348,14.038537302456833,2237.927,-0.45783831572720146
202303,178.0,28.0,37.0,11.891498877610077,11.700441838641288,272.244,-3.3242878156068856
202403,6.0,1.0,0.0,15.597684061616738,15.399114426623212,7334.831,-6.163963505379513
202410,555.0,208.0,53.0,13.661765962340331,13.469625761864943,1920.145,15.6965388004841
202301,84.0,14.0,17.0,14.801782099820064,13.98107499519189,3258.287,5.294931646016421
202303,123.0,18.0,34.0,12.820395750582689,12.092355084620854,783.357,12.686559143160155
202303,10.0,4.0,3.0,12.714142475582365,12.191917938661796,1169.163,-6.2918148135823255
202210,580.0,126.0,251.0,14.245861430739454,14.18996372854103,2528.288,35.35737684388795
202312,250.0,61.0,97.0,13.272227167349715,12.560440931176984,1459.288,13.08523394510152
202303,301.0,100.0,75.0,13.715301196745042,13.640520063147592,1421.847,-3.2603621615054794
202402,1.0,1.0,0.0,14.023242355970437,14.023243168395007,1867.344,-6.2918148135823255
202303,50.0,18.0,19.0,15.120817994945197,14.880516423815688,5456.291,-3.1042424778195348
202308,57.0,17.0,17.0,13.602105681442302,13.28483590582559,5662.433,-5.0659576618586915
202310,165.0,32.0,18.0,12.411121470255134,12.368344544518425,1055.489,0.6772700131920617
202403,219.0,42.0,85.0,14.030070979380007,13.765897955685318,1806.005,4.864773966773923
202208,114.0,16.0,58.0,13.020990456268747,12.267045442020889,1127.069,-6.2918148135823255
202308,246.0,87.0,103.0,14.138051923311162,13.321071603027054,3437.603,0.2485353914915569
202210,17.0,5.0,5.0,12.318186307280632,11.709437525283521,567.373,-4.347155980963951
202403,102.0,33.0,49.0,14.40691345419089,13.449323372911335,1817.295,0.20244577342257486
202207,46.0,5.0,15.0,13.962791984112961,13.450840884023641,2491.292,-4.313722941932763
202211,99.0,32.0,49.0,14.077607863724538,13.22826094882189,1636.634,1.1747751897317622
202303,74.0,18.0,17.0,11.849347700341399,11.802927344587484,223.559,-4.347155980963951
202407,1.0,0.0,0.0,12.281546470196814,0.6931471805599453,16.986,-6.2918148135823255
202410,1168.0,129.0,88.0,12.548516303388805,12.223730818263654,1077.228,11.52993204373505
202311,85.0,9.0,18.0,12.144654584023703,12.099889569440032,391.315,-6.243500304121533
202306,463.0,134.0,189.0,15.081180726160145,15.006910453483822,10398.131,48.330552943517844
202210,217.0,64.0,55.0,9.756262832779603,9.756320761816548,498.333,4.163077995895872
202409,14.0,2.0,0.0,7.841492924460013,0.6931471805599453,122.058,-6.2918148135823255
202211,256.0,130.0,68.0,12.927790275994694,12.571059450049589,1520.045,-5.0637827808675135
202406,119.0,27.0,45.0,11.648251496266996,11.648260230539845,473.31,-6.276933343152721
202406,212.0,30.0,100.0,14.086681315803071,13.670294016273559,3213.012,23.139852149663547
202212,144.0,58.0,16.0,10.995494742152102,10.97084994319928,167.027,-5.255339015815672
202301,38.0,3.0,3.0,13.913145306591035,13.522377656700463,6371.013,-5.969246119114326
202405,555.0,207.0,95.0,14.365637468560477,14.25620573487831,1014.05,27.94024569250825
202307,36.0,11.0,11.0,13.423514829113659,13.130666808307488,3034.171,-6.084935653492442
202303,28.0,0.0,0.0,15.760751626091999,15.184569234370052,9396.02,-6.100037851278107
202407,14.0,9.0,0.0,10.500289017309388,0.6931471805599453,3815.666,-6.2918148135823255
202405,43.0,16.0,20.0,12.75283764320099,12.674590796999915,729.382,-6.258381774551138
202402,228.0,27.0,95.0,14.375729592481314,14.36801310669332,2424.831,8.823099383513728
202210,68.0,11.0,22.0,13.270855793693954,12.53778715351706,3006.384,-5.138237482207883
202212,82.0,18.0,21.0,11.7464786475836,11.17078720672239,222.81,-5.222126704140544
202311,29.0,11.0,2.0,13.032147599072955,12.835038574457531,2021.445,-5.031079416047335
202401,259.0,52.0,98.0,14.222037102549377,14.114426295858854,2964.562,-5.1969984727612335
202207,53.0,10.0,35.0,12.535379989788607,12.505395450983197,605.339,-6.258381774551138
202212,73.0,3.0,17.0,14.756549705749816,13.056223574899784,4476.147,-3.2135422174207635
202404,188.0,41.0,21.0,10.422935893593005,10.422965635581258,475.462,-3.190542169645009
202210,84.0,12.0,24.0,11.680074160542256,11.486684153765001,376.044,-5.158201050039138
202409,297.0,11.0,59.0,12.471420914961604,11.054961072402838,1755.161,-3.622946237712768
202303,212.0,28.0,82.0,15.598658554668221,14.354968535533478,7869.586,7.561667519318224
202303,146.0,22.0,61.0,12.586079764889012,11.62476196609539,797.559,0.04627673114072284
202303,120.0,16.0,40.0,13.132121610600002,12.879486396399729,749.936,-5.319485397273138
202210,46.0,15.0,16.0,12.36691091350725,11.866718259503722,561.889,-4.283230326862545
202406,527.0,187.0,98.0,12.637267226876858,12.526858201285773,1023.721,13.453410942262527
202306,82.0,11.0,32.0,12.463694915260627,12.212382695226195,595.152,-5.319485397273138
202406,232.0,122.0,16.0,11.003848311738354,11.003864949150904,283.162,-0.32704658356342
202309,58.0,2.0,12.0,11.864054056292074,11.647893325380712,429.498,-6.195054286564439
202207,24.0,2.0,4.0,13.603700044489518,12.03572313691721,2120.917,-4.347155980963951
202301,324.0,36.0,94.0,14.011232757062205,13.025973615060426,1641.108,1.7233822769379934
202409,172.0,55.0,36.0,13.778484474847824,13.777443099557027,1521.629,-5.1758022170736515
202312,103.0,25.0,38.0,12.214645790874805,12.214650748180013,444.388,-1.2682573747507027
202312,186.0,27.0,51.0,13.57317144505221,13.073248760605834,828.548,-5.894027246512613
202210,29.0,11.0,13.0,11.884509710843856,11.884516607229116,757.361,-6.20711335129225
202408,163.0,39.0,57.0,12.542301995513958,12.539088917177997,636.941,-6.258381774551138
202301,481.0,104.0,38.0,13.826720491224748,13.608677022264702,1378.42,-6.2127869616952545
202410,100.0,1.0,1.0,10.4052623407817,9.071767722112243,73.785,-5.298709589084469
202307,17.0,3.0,7.0,11.34894664682399,11.34895842864817,210.949,-6.213007689051315
202208,652.0,291.0,155.0,7.470793774195062,7.415776975415394,1840.974,12.779100144912695
202210,56.0,8.0,19.0,11.877519966265469,11.877526911023391,462.878,-1.2481075766137195
202212,54.0,14.0,25.0,11.520407405317984,11.301994535084201,401.432,-6.00779446309766
202402,103.0,41.0,25.0,10.795772435943437,10.761301354651307,213.442,-5.319485397273138
202303,11.0,3.0,1.0,12.536968649538595,9.256173788319355,397.616,-6.227889159480919
202303,92.0,15.0,26.0,11.719728229896386,11.319753252152003,332.655,-6.152904504072394
202307,113.0,9.0,13.0,10.90301588298034,10.478160833848387,330.337,-6.250263197204988
202404,340.0,20.0,36.0,14.698825929804475,13.304878248845137,3020.843,-2.799396960550293
202407,258.0,64.0,79.0,13.496959572116651,13.335149475002103,1804.112,-3.2172123155927426
202311,200.0,62.0,73.0,13.535025193640575,13.327184900793954,1977.018,8.630543388402591
202405,575.0,153.0,106.0,12.595696270640984,12.58789375772394,695.499,3.708390266157201
202207,62.0,3.0,34.0,13.864818683206801,13.513390084991455,2097.358,-6.134200564520304
202407,28.0,3.0,7.0,14.106201349677491,13.72330754591066,4052.243,-5.892429016977214
202210,207.0,51.0,66.0,13.492840826994872,12.995978955659549,1919.698,3.751156978612485
202301,235.0,36.0,99.0,15.088224602120572,14.625557717734333,4306.881,21.567585947895616
202303,269.0,45.0,36.0,11.880141654246682,11.564606684105243,496.519,-4.221715142653951
202301,120.0,30.0,29.0,13.109906106801976,12.39920225104072,624.515,-3.3540507564660946
202410,397.0,61.0,52.0,13.510507336800037,12.696757804939471,1600.648,16.128194848335923
202410,225.0,80.0,24.0,11.927350314449864,11.851787700410444,302.954,2.6382561748249334
202307,82.0,18.0,21.0,10.833148503348454,10.597334488210347,252.76,-5.222126704140544
202312,168.0,16.0,72.0,13.747081813042293,13.625962553177612,2119.939,-6.163963505379513
202409,43.0,2.0,8.0,10.536990880168558,9.48006211905097,38.543,-6.2918148135823255
202211,161.0,14.0,34.0,11.99178972264816,11.83884940627887,445.781,0.5144911005819859
202408,143.0,63.0,67.0,11.689136725199509,11.618689899042028,1156.29,-5.967055087077736
202306,84.0,14.0,17.0,13.713904098124125,12.939108585281717,2450.159,5.294931646016421
202208,203.0,8.0,16.0,11.240460358323308,10.089718125826797,325.576,-6.275982941585651
202301,538.0,266.0,88.0,13.939785365288525,13.686585681889046,1791.906,10.293526005079686
202311,114.0,10.0,46.0,9.693075115575647,9.693136823020671,546.555,-6.227889159480919
202310,174.0,66.0,91.0,13.423646534333889,13.406918064681028,2174.366,3.5161808117996234
202311,878.0,406.0,171.0,12.7681682134111,12.760540922017192,2097.708,17.542034634927298
202408,14.0,4.0,3.0,12.309030777774451,12.074647604417509,1089.339,-6.163963505379513
202303,28.0,8.0,10.0,12.687013123810456,12.618377641514309,1204.064,-3.3109009105533573
202211,72.0,22.0,39.0,12.136272305270898,12.08201622326817,423.0,-6.271039005393656
202403,194.0,22.0,63.0,13.240002402691717,12.987001739473651,1663.845,-6.088978849970988
202312,252.0,23.0,89.0,14.691895958387512,14.399224496118034,3823.088,41.19067926259531
202310,166.0,28.0,74.0,13.452210861587234,13.427692815066179,2442.73,30.897573510738717
202402,157.0,29.0,78.0,11.720281039483824,11.720289166756922,326.821,-4.021584014101947
202409,138.0,8.0,19.0,9.990215556045952,9.846123235146557,187.229,-6.222724495932864
202303,319.0,42.0,118.0,13.431442393789128,13.411212268857977,1869.865,5.044799498068629
202401,5.0,1.0,0.0,12.624523078195658,0.6931471805599453,459.109,-6.163963505379513
202312,247.0,49.0,64.0,13.510751500276836,12.85387459631449,1259.582,-2.290256984783378
202309,3.0,0.0,0.0,10.674382501717998,0.6931471805599453,761.614,-6.2918148135823255
202406,42.0,10.0,20.0,11.526029234347206,11.059692420040182,595.798,-6.2918148135823255
202406,96.0,48.0,17.0,12.139024310777046,12.13902965749857,613.928,-6.177278301592221
202207,259.0,26.0,89.0,14.750484467254925,13.508279985923132,6384.654,-5.319485397273138
202303,131.0,12.0,24.0,14.795850066070539,10.934926741499206,774.186,-6.2918148135823255
202306,180.0,39.0,81.0,13.283728541570786,12.871622498898015,1638.566,23.917530529825406
202208,39.0,13.0,14.0,10.338899737012245,10.330094260397669,282.541,-6.2918148135823255
202408,180.0,54.0,40.0,12.726677298349305,11.67551189218998,2326.558,-4.19852886457247
202310,231.0,22.0,29.0,13.936328982164179,13.919569627107856,1894.181,5.724084186713993
202208,207.0,51.0,66.0,13.052172645912314,12.582507078579745,2822.213,3.751156978612485
202410,2.0,0.0,0.0,10.017039427220244,0.6931471805599453,6.732,-6.2918148135823255
202404,91.0,34.0,12.0,11.428815329850847,11.428826207278552,226.137,-1.3662420779349826
202312,51.0,5.0,12.0,12.024370896615626,11.663197202848528,840.016,-6.2918148135823255
202410,225.0,50.0,82.0,11.10055658054527,11.100571684346141,650.772,-5.956078651917021
202306,176.0,5.0,14.0,12.736059514480216,12.621389069688712,1421.716,-6.163963505379513
202306,6.0,1.0,0.0,15.28406416841324,15.097045889164185,9618.592,-6.163963505379513
202408,34.0,8.0,5.0,10.985021499669486,10.985038453275942,203.549,14.127102928910608
202309,10.0,0.0,5.0,12.39136478576896,9.104757609401117,812.345,-6.2867327161806745
202410,14.0,2.0,5.0,10.861208094173422,10.677569350592073,77.376,-6.271039005393656
202301,66.0,6.0,40.0,13.986742518521964,13.504158549809803,5549.849,-2.2717054161817947
202211,228.0,28.0,92.0,13.864957649167028,13.817915663378118,1802.975,8.823099383513728
202401,563.0,247.0,213.0,15.004122891989072,14.607165980888876,4092.985,-0.0641371561697408
202406,35.0,2.0,14.0,13.355314675149605,12.72822982403811,2249.93,-6.143187697190844
202311,43.0,23.0,17.0,6.884486652042782,6.885509670034818,444.093,-6.2918148135823255
202401,167.0,41.0,44.0,7.752764808851328,7.753194269884341,401.851,-4.2193046727611385
202311,113.0,28.0,30.0,12.36465634214592,12.34580850060854,827.478,-6.258381774551138
202303,209.0,28.0,47.0,13.224418034728977,13.15006219852575,2385.711,-6.076321619128469
202410,329.0,179.0,75.0,10.45794721332218,10.404111313817522,604.33,-3.949945065350017
202210,428.0,144.0,74.0,8.580918882296782,8.486940148245216,234.651,-0.18720487029606492
202303,24.0,9.0,12.0,12.011443662114166,11.855905054199882,676.32,-6.2918148135823255
202403,303.0,72.0,99.0,14.880832832067691,14.476162438991652,3491.883,23.099900336261015
202306,149.0,31.0,90.0,13.861140495779221,13.634214075601957,3432.211,8.610579820571337
202301,211.0,35.0,57.0,13.905021225789651,13.781976524952231,1621.158,1.743522893459776
202301,539.0,178.0,89.0,14.199909320620721,13.912546520475868,1515.51,-2.8411015996828617
202312,89.0,34.0,31.0,13.624928577619132,13.267007296558049,1170.076,-3.341393525623576
202404,293.0,119.0,45.0,10.207178299632961,10.207215203406376,668.704,12.17526703664698
202211,193.0,47.0,30.0,11.278253212832063,11.042585779263845,232.988,-2.2694811765947094
202402,205.0,16.0,13.0,10.965867990282177,10.462931897204566,283.485,-6.265956907992005
202407,6.0,0.0,1.0,11.097379717519113,0.6931471805599453,197.462,-6.2918148135823255
202301,66.0,3.0,16.0,14.614284518730495,14.06801949475796,2587.88,13.636451673312243
202310,10.0,4.0,3.0,12.393166131869526,11.858845784698588,1160.557,-6.2918148135823255
202407,34.0,11.0,9.0,12.523824312077222,12.411447260196807,1177.524,0.8421086849011408
202208,84.0,13.0,17.0,10.501142036636598,10.501169541278006,169.93,-5.81819238178462
202402,6.0,1.0,0.0,12.78852287473142,12.62823097658,2276.417,-6.163963505379513
202403,144.0,18.0,62.0,13.93747417612867,12.757736903677976,2185.302,-2.3817213401569073
202310,195.0,44.0,29.0,11.27466827584597,10.918518937044894,401.396,5.537422529361923
202404,109.0,17.0,41.0,13.952758037377574,13.178059166574561,2008.063,-6.271039005393656
202403,269.0,89.0,79.0,13.46501079400905,13.418871882044984,660.822,-2.7010878658506288
202404,77.0,28.0,28.0,12.207591491499443,11.975085916754939,741.186,-6.089791090328401
202306,83.0,9.0,15.0,12.726166189142075,11.698034798966505,2609.212,-2.1616266437736487
202301,51.0,8.0,20.0,12.553989852193233,12.465582841014758,660.763,-6.194456120449732
202211,90.0,22.0,15.0,12.44674958469652,12.24650416382451,372.335,-2.3690641093143885
202402,108.0,10.0,15.0,10.502406467811108,10.502433937697246,536.076,-4.682144187396456
202308,453.0,122.0,72.0,11.69748617964467,11.49914089279961,695.18,-2.028472510813124
202408,182.0,122.0,21.0,11.471457428476457,11.446315466470784,1337.702,-5.908260888973889
202402,92.0,16.0,25.0,12.308525437854929,11.944448107397683,489.994,-6.152904504072394
202210,141.0,16.0,43.0,12.54263416387994,12.11680964462781,1171.045,-0.5883429704170613
202301,171.0,9.0,27.0,13.97193294123254,12.966999962511077,1391.133,-6.243500304121533
202210,432.0,233.0,97.0,11.79725442200865,11.300165319035706,901.128,-3.303245858364916
202406,115.0,2.0,4.0,12.751829990165305,9.844109029016629,779.987,-6.20711335129225
202410,95.0,8.0,5.0,10.505396252661802,9.285262298493443,68.709,-6.2918148135823255
202312,244.0,72.0,73.0,13.135595446173047,12.701680057490528,634.399,6.825899863055858
202311,60.0,5.0,14.0,10.489467029902544,9.906383355648154,267.096,-6.2918148135823255
202407,22.0,1.0,19.0,12.592585964276884,12.592589361379495,1497.537,-5.319485397273138
202311,163.0,41.0,41.0,11.923815829723457,11.777525689353647,851.618,-6.2620518727231165
202303,272.0,42.0,186.0,12.714716891821357,12.536016475545802,1685.166,7.264747061396806
202307,218.0,29.0,79.0,12.798349215705144,12.796636007394284,1222.036,-5.319485397273138
202301,25.0,13.0,11.0,13.192544076478018,13.185137217407641,1524.956,-6.2918148135823255
202404,180.0,50.0,49.0,11.277089200908689,11.261755311995426,418.652,-4.5469611445611635
202311,129.0,37.0,45.0,12.355457702077864,12.028278823059596,671.836,-3.1212988292403168
202407,68.0,11.0,27.0,11.306589865305385,11.306602156886267,455.254,6.026219188993528
202403,311.0,47.0,113.0,12.995851859134106,12.924775480786638,1402.92,11.029000819636481
202410,14.0,1.0,2.0,11.034389538985547,0.6931471805599453,305.932,-6.2918148135823255
202403,388.0,68.0,82.0,13.769880146514215,13.123812327169434,1527.421,-2.9133807682273276
202406,118.0,28.0,29.0,11.962560556822867,11.383067317712001,487.583,-3.3540507564660946
202405,269.0,45.0,38.0,11.698956798691261,11.315486209444275,473.842,-4.221715142653951
202409,281.0,58.0,122.0,12.377286910783312,12.256494810594731,1096.936,7.946513961493935
202301,28.0,8.0,10.0,13.20640668737096,13.14808570356011,1308.873,-3.3109009105533573
202402,285.0,51.0,97.0,13.974682041009522,13.401590809899439,1249.367,20.513508983094447
202402,339.0,16.0,41.0,14.657563401553665,12.301382825334498,1331.428,-6.092648948142966
202408,344.0,155.0,61.0,11.669159687000864,11.66336928286616,927.492,2.918688273380301
202311,269.0,89.0,79.0,12.43419179798563,12.408780809397717,638.173,-2.7010878658506288
202307,110.0,23.0,47.0,11.203529339611693,11.203542965539109,541.489,-2.7145424755049867
202306,125.0,37.0,42.0,12.045809992255165,11.998790140146964,489.038,-1.351368948644038
202306,6.0,3.0,2.0,10.128309694228893,10.128349626344303,393.28,-6.2918148135823255
202402,50.0,6.0,22.0,14.01853711257342,13.804091609219585,5224.503,1.740348252305619
202407,36.0,24.0,8.0,10.725027947864472,10.725049935309642,742.932,-6.2918148135823255
202303,174.0,4.0,3.0,12.341953151825376,12.325693990460197,1102.727,-6.115648995918721
202409,251.0,31.0,41.0,12.770181183077716,11.887147553338462,994.008,-6.025782870080591
202404,210.0,22.0,76.0,14.118683032241627,13.22355441284771,1879.109,-0.17381796524253623
202309,57.0,8.0,28.0,10.89597977790386,10.895998310321692,143.572,-6.258381774551138
202404,83.0,12.0,31.0,12.70040601665862,12.411186636735149,508.595,-5.319485397273138
202208,36.0,7.0,11.0,12.916959051526321,12.194743714844787,3186.304,1.4868205168911732
202301,102.0,10.0,19.0,13.886763673174807,12.508271340113604,1058.591,-6.1429669698347835
202301,215.0,35.0,80.0,12.24105844253273,0.6931471805599453,1114.776,8.768923743844367
202301,95.0,14.0,57.0,13.573827456336202,13.556581785430602,829.929,-6.271039005393656
202310,183.0,35.0,95.0,11.378399292001482,10.70351409472317,1789.763,16.884190246438756
202307,40.0,10.0,14.0,11.754309639974188,10.830876471076316,675.866,-6.2425499025544635
202407,208.0,23.0,61.0,12.688625329978427,12.239096311977354,1767.235,2.9781464504978885
202410,374.0,118.0,153.0,13.495120703768485,13.300097762528543,2426.086,15.598765940789706
202303,477.0,62.0,58.0,12.436596892377127,12.371803162356054,689.088,-4.718011657272621
202404,341.0,184.0,41.0,11.437393402357792,11.30327793132379,607.246,-1.2380980123278755
202408,362.0,82.0,80.0,13.505326538328195,12.897343066077259,3143.028,11.719345031803117
202407,106.0,22.0,29.0,11.224829973739347,10.961763839681364,540.814,-4.80048887997561
202211,66.0,6.0,40.0,13.7714677572117,13.206994924844677,4297.375,-2.2717054161817947
202405,581.0,123.0,261.0,14.205951364373323,14.152489808889152,2382.716,35.35737684388795
202207,321.0,17.0,12.0,13.971731949530255,13.85589021466758,4142.149,-4.091453364558326
202208,88.0,18.0,13.0,9.199077179697472,9.19917830726999,259.21,-6.2918148135823255
202306,63.0,9.0,26.0,13.416367920847698,12.856497589753443,1492.827,0.5942486266800664
202303,75.0,15.0,11.0,13.219544533113877,11.518609281438525,1380.824,-3.2135422174207635
202312,62.0,9.0,23.0,13.40235142662537,13.06622256328118,1168.26,-5.2809702608402995
202207,1.0,0.0,0.0,13.672760806529672,13.672761959970126,11802.217,-6.227889159480919
202311,166.0,7.0,2.0,12.290923774196015,8.786456678344,1072.109,-6.2918148135823255
202208,150.0,14.0,22.0,13.95408919181031,13.948651499372641,1724.514,-5.224846400745453
202405,31.0,4.0,11.0,13.094177871759205,12.654740910938987,1429.154,-2.3815831789472504
202212,6.0,1.0,0.0,12.810997716459433,12.636327922445556,3082.875,-6.163963505379513
202312,165.0,32.0,18.0,13.068278822650496,13.038549066167487,1195.338,0.6772700131920617
202212,29.0,11.0,7.0,11.71488623701653,11.698965101132593,232.982,-3.0908062141700983
202407,83.0,9.0,15.0,13.135986164448438,12.07056787851113,3054.749,-2.1616266437736487
202301,390.0,115.0,153.0,15.328762627312841,13.81161297223556,4663.804,2.725789844006572
202407,357.0,49.0,37.0,14.61531241639276,14.592920758906054,2950.958,-6.057721343735703
202410,429.0,54.0,80.0,12.994939013148663,11.234440964872489,1734.595,-1.1805591735326821
202301,160.0,15.0,33.0,14.223385426931774,14.165338917441947,3251.072,72.65139570128
202311,223.0,42.0,146.0,11.473331882309752,11.473342286134198,613.361,-6.250125035995331
202404,9.0,3.0,3.0,12.26250496249224,12.239744337456793,968.527,-6.227889159480919
202403,204.0,32.0,52.0,13.930037632059364,13.881383500864962,1180.799,17.20537552507217
202404,323.0,36.0,94.0,13.654228510271546,12.953101767039161,1290.261,1.7233822769379934
202309,14.0,3.0,4.0,10.977824224992123,10.703244468154331,106.072,-6.271039005393656
202303,113.0,24.0,32.0,14.082472697523713,13.606454805967683,1708.336,-2.2558735441851203
202210,160.0,61.0,31.0,10.603585520307838,10.46828986715885,270.668,-4.013870719451424
202410,43.0,2.0,8.0,10.79971842403251,9.847128818866743,28.105,-6.2918148135823255
202301,60.0,4.0,26.0,14.37697891454852,14.088864217231366,3241.443,2.726434217288661
202211,297.0,125.0,96.0,12.387285254335202,12.341180295208565,459.552,-6.241276064534448
202410,103.0,55.0,19.0,11.831342831791225,11.614660416205004,776.692,-4.203472800764464
202301,80.0,7.0,18.0,13.465049127251287,13.435267190726103,806.659,-6.00779446309766
202210,293.0,36.0,111.0,14.409648124242667,14.058994631099148,5464.194,55.022079025676256
202208,506.0,64.0,91.0,11.88118010469515,11.877867145093825,1150.422,34.500736961956875
202409,154.0,9.0,5.0,8.115819701211327,8.116118431609365,21.746,-5.319485397273138
202402,81.0,13.0,35.0,14.215584493113186,13.910283320658618,1564.457,10.271290411545868
202401,62.0,23.0,21.0,13.844507066225855,13.638129974432895,2653.701,-3.023940136107723
202306,99.0,14.0,26.0,11.960785729530274,11.91879049309972,1193.703,-6.2918148135823255
202405,220.0,65.0,84.0,13.256411636430396,13.224854981668544,1326.359,-2.134087942501525
202301,214.0,43.0,130.0,13.117485499879974,13.076970535793855,1108.414,-5.255559743171732
202402,4.0,0.0,1.0,11.720297293963966,10.914033362335788,1648.414,-6.227889159480919
202303,130.0,10.0,40.0,14.097556778797426,14.035068488617032,1467.353,-0.32998700752438914
202404,151.0,55.0,22.0,11.532894745045729,11.51995072990698,375.466,5.297421433650069
202301,27.0,13.0,7.0,12.97996536364394,12.794245347021691,504.391,-5.265276550053281
202303,163.0,33.0,59.0,13.302454114435813,13.235406307601515,1323.379,31.73209193536931
202409,5.0,0.0,4.0,10.957747316133442,10.957764738495044,787.838,-6.275982941585651
202401,67.0,7.0,20.0,15.300943896044505,13.968143229056198,3081.387,6.412393252538516
202309,61.0,8.0,28.0,10.499242387087424,10.482121346307313,239.482,-6.2918148135823255
202210,62.0,21.0,28.0,12.158624580342863,12.134780704635933,1347.891,-6.2918148135823255
202308,298.0,5.0,16.0,11.75908217059344,11.722440569448313,457.327,6.859971548440175
202303,1.0,0.0,0.0,8.62317351495347,8.623353387244627,97.779,-6.227889159480919
202308,54.0,3.0,14.0,13.866456492029213,12.930594939005363,4007.006,-6.1461416109889395
202207,149.0,30.0,91.0,13.754219026312903,13.607191577684338,4099.013,8.610579820571337
202407,14.0,5.0,5.0,12.329643344747836,12.300009155008553,263.075,-6.258381774551138
202303,119.0,16.0,76.0,12.531292525458909,12.444758782643088,418.969,-6.255207133396982
202208,20.0,1.0,10.0,14.679887592514454,14.424756973107632,5146.791,-5.999738734184544
202301,33.0,4.0,10.0,15.001306153285705,14.598198580385208,2322.926,-5.20629483214387
202312,279.0,25.0,28.0,13.176129711307278,13.140835708484028,660.104,-5.947218290822283
202406,461.0,58.0,158.0,13.978877777562243,13.914068186367597,2809.702,-6.2867327161806745
202306,85.0,9.0,18.0,10.389764303380707,10.016860879703811,406.251,-6.243500304121533
202303,109.0,16.0,25.0,13.615745341321306,13.068700963077553,1172.498,11.274040334084452
202311,33.0,8.0,14.0,12.28678128526788,12.124200765941252,273.95,-4.3263801727752815
202208,93.0,9.0,23.0,14.30849435880012,13.15046869666661,3728.261,-4.347155980963951
202208,341.0,153.0,57.0,11.83192450192796,11.823882071843915,928.044,2.918688273380301
202311,73.0,1.0,11.0,14.06643190900044,13.16581933998306,2750.038,2.526016011262737
202404,122.0,8.0,74.0,12.906959795100336,12.779007905579663,916.649,-6.2918148135823255
202402,44.0,11.0,21.0,12.643859725100462,12.643862952411258,3510.086,-4.999857126766107
202409,126.0,16.0,30.0,12.168557676767415,12.125166231636449,675.432,-5.266088790410695
202306,28.0,8.0,10.0,12.321911570405025,12.303675649348909,1565.439,-3.3109009105533573
202307,87.0,14.0,31.0,13.709038313453757,13.024121905558253,3512.71,13.15293240647179
202306,70.0,18.0,45.0,12.488673078293822,12.215547615892692,1280.424,-6.2918148135823255
202301,138.0,60.0,31.0,10.527070269710164,10.527097070380183,582.168,-2.9776156490408296
202208,109.0,24.0,25.0,13.481615597312315,12.250787851657575,1682.25,-6.237605966362469
202403,478.0,61.0,60.0,12.743258758499412,12.74326168044689,772.513,-4.718011657272621
202307,17.0,8.0,1.0,11.692518302192925,11.692526658261729,323.93,-6.1171916303908676
202404,127.0,16.0,51.0,13.262290523523902,12.403032372950902,535.592,10.053884002121558
202207,376.0,111.0,73.0,9.055906318669118,9.056023011591826,759.571,2.6501433395606853
202405,45.0,5.0,14.0,13.732982932103939,13.504623998447215,1805.866,-4.313722941932763
202405,14.0,4.0,3.0,11.959666864390233,11.534677171968058,655.85,-6.163963505379513
202303,364.0,63.0,129.0,12.393050013860323,12.354565923825971,764.318,-3.771586642210416
202310,94.0,8.0,47.0,11.717636170409188,11.71764431920622,402.538,-5.567605070331143
202405,55.0,22.0,12.0,12.75041234591308,12.487028396919529,986.38,-5.035244319432413
202401,106.0,24.0,24.0,14.306978423465182,13.236498880003852,1463.755,11.291862228475027
202207,113.0,10.0,45.0,9.271529540288606,9.271623600393081,742.774,-6.227889159480919
202301,49.0,26.0,13.0,11.311298757118267,11.080140546207101,407.19,-6.276933343152721
202409,114.0,52.0,21.0,9.996932357245992,9.577826662126565,218.416,-6.258381774551138
202403,143.0,63.0,67.0,11.997435860416683,11.993164038028368,880.824,-5.967055087077736
202408,9.0,3.0,5.0,12.524875406639744,12.484075525367492,909.564,-6.2918148135823255
202306,35.0,11.0,18.0,10.531082364855838,9.375600540841843,144.013,-4.347155980963951
202303,294.0,43.0,67.0,12.159190659630044,12.15919589960793,406.412,-6.2918148135823255
202303,334.0,155.0,80.0,13.520601097416897,13.119116110736222,1776.496,6.824557668630288
202210,381.0,6.0,20.0,11.814806256821822,11.074001810493316,585.341,-5.772818296284798
202403,104.0,26.0,21.0,14.324716270382062,13.835810120591166,1597.483,12.182444096292235
202403,58.0,6.0,19.0,13.967623734920165,13.205124233716328,2121.852,-5.319485397273138
202409,66.0,22.0,20.0,14.774869208382125,13.867987251858334,6614.879,-6.212057287484245
202410,402.0,33.0,24.0,9.813398717754442,9.536978699538377,89.944,-6.220500256345779
202207,211.0,35.0,54.0,12.780579860874456,12.71649218685585,1347.063,17.226151333260837
202303,500.0,171.0,261.0,14.966733323154543,14.637860212385617,5907.717,-4.777110945824491
202405,943.0,145.0,201.0,14.304574504748736,14.133970107247702,3365.608,81.23855796181233
202311,397.0,214.0,63.0,13.180566245611868,13.173168652729945,740.815,3.1714757984855684
202309,31.0,3.0,14.0,13.005535135787012,10.896072436558708,1642.835,-6.2918148135823255
202409,127.0,10.0,16.0,9.282195809076612,9.282288871288767,107.015,-6.2918148135823255
202301,78.0,28.0,24.0,13.92744452109833,13.561696436623683,4412.368,-2.108279395507113
202311,204.0,14.0,23.0,12.39229906840134,11.830040118105716,561.878,-6.2918148135823255
202303,66.0,6.0,40.0,13.722840290522964,13.112076649976176,4313.001,-2.2717054161817947
202303,175.0,70.0,27.0,8.738575192110787,8.738735461363474,223.397,2.180537645072137
202401,250.0,92.0,26.0,13.617990892787656,12.505510348992807,488.508,-4.061690423699117
202307,186.0,27.0,51.0,11.666530281555538,11.511634632203972,814.093,-5.894027246512613
202311,260.0,99.0,73.0,13.753658558227631,12.558319801266748,1768.706,-1.1951194563827041
202306,76.0,9.0,7.0,12.401071833811905,12.065084952229196,933.638,-6.2425499025544635
202408,18.0,6.0,5.0,10.453601194882646,10.088430670035034,1022.926,-6.143187697190844
202310,33.0,8.0,14.0,11.742917511713273,11.594468584923623,278.406,-4.3263801727752815
202407,336.0,44.0,65.0,11.777318439444056,11.35030064751358,722.45,-5.0525165420414595
202208,86.0,22.0,34.0,11.20714730824904,11.207160884967681,402.891,-6.276933343152721
202403,6.0,1.0,0.0,12.902053307986113,12.779968838519341,2322.26,-6.163963505379513
202401,215.0,35.0,82.0,12.125973686274547,0.6931471805599453,988.606,8.768923743844367
202306,132.0,36.0,53.0,13.799054903301036,13.70087830337991,4450.26,5.881125920584308
202301,1.0,0.0,0.0,15.987742744447775,15.987742858370805,6837.87,-6.0717201171990665
202303,73.0,3.0,17.0,14.717318924815,12.903473267369735,3526.64,-3.2135422174207635
202301,62.0,15.0,23.0,12.122022334799038,12.122027773202323,369.472,-6.22494873551995
202303,181.0,31.0,90.0,12.004231821289846,12.004237939537212,643.403,-3.0338369711504742
202406,43.0,15.0,8.0,9.100302266767246,9.100413892597578,379.78,-6.20711335129225
202311,54.0,21.0,13.0,9.818583045445685,9.818637474619734,160.997,-5.030349741836326
202401,89.0,38.0,22.0,11.623921073626397,11.62393002301314,500.896,-5.2860523582419505
202404,49.0,21.0,21.0,13.717896626560833,13.686585681889046,2336.003,-6.158082657457575
202404,159.0,36.0,65.0,13.175790393787182,12.544222046353472,832.145,-3.278197545733179
202403,105.0,10.0,21.0,13.9128142040392,12.900753649181835,873.938,-6.1429669698347835
202208,88.0,25.0,25.0,12.048119746419841,12.048125601957862,2412.242,-2.2878945839866356
202308,35.0,2.0,2.0,12.779199602293497,6.226536669287466,809.878,-6.250263197204988
202308,26.0,3.0,4.0,11.519771974047286,6.093569770045136,159.839,-6.227889159480919
202407,125.0,27.0,58.0,13.04976902837571,12.891071720253397,1388.035,-6.2867327161806745
202210,4.0,0.0,3.0,12.96915858341931,12.969160914543902,1228.519,-6.227889159480919
202303,206.0,23.0,59.0,12.9729348639124,12.497416754533639,1238.056,2.005817034188702
202303,138.0,25.0,63.0,13.245299336141457,13.149215607560567,484.313,-6.276933343152721
202308,152.0,1.0,0.0,4.770684624465665,0.6931471805599453,37.848,-6.2620518727231165
202306,4.0,0.0,1.0,12.366898141979242,12.041846377005312,1970.486,-6.227889159480919
202310,26.0,6.0,8.0,12.417346024273897,12.1127504882988,773.59,-4.313722941932763
202310,137.0,53.0,58.0,13.476389215558747,13.471705300344269,3296.411,-4.1700397617332765
202211,94.0,22.0,44.0,13.157467938507242,12.629109135386564,1475.876,-4.3420738835623
202306,27.0,17.0,5.0,8.68169016329764,8.587092318795905,95.34,-5.787699766714401
202310,144.0,68.0,29.0,11.875135064407436,11.875142025747634,912.152,0.260957685237166
202306,27.0,13.0,8.0,10.757285668979632,10.757306958484971,143.836,-6.2918148135823255
202310,310.0,17.0,31.0,13.34795512942806,13.272810636598594,2510.41,-2.2504654818286776
202311,97.0,9.0,52.0,12.552268879047837,12.138302240811862,482.58,-6.2918148135823255
202303,98.0,21.0,47.0,14.01179912043684,12.733383635856,1329.059,-6.271039005393656
202402,186.0,27.0,52.0,14.925731208133344,14.31933573568552,1718.724,13.692321598500532
202406,102.0,34.0,48.0,13.878862750692484,13.19082917667979,2161.916,0.20244577342257486
202307,46.0,18.0,2.0,8.851949671253948,8.85209276347713,145.17,-6.227889159480919
202410,158.0,13.0,14.0,10.468630892511706,10.360912399575003,117.199,-6.2918148135823255
202410,56.0,15.0,28.0,12.318999464385385,11.021739056456585,1619.891,-1.4250856346347378
202309,127.0,16.0,30.0,12.185058384502211,12.126883323619403,627.767,-5.266088790410695
202312,102.0,2.0,2.0,12.556990046582882,12.3294665772938,481.961,-6.2918148135823255
202401,171.0,14.0,69.0,14.455811660244146,14.2372131221621,2554.476,12.740767990380013
202403,905.0,393.0,172.0,13.455069961418399,12.899599753908404,2021.374,21.00997528848415
202210,447.0,217.0,63.0,10.240709508047887,10.240745194931177,1013.198,19.492656677780566
202403,265.0,54.0,41.0,14.422421515570512,13.459089867414695,2891.474,20.03089373869583
202311,170.0,32.0,108.0,14.254652192431822,13.900052053974168,2593.027,-0.017648922960683322
202404,163.0,38.0,57.0,12.886959980359386,12.886962511194447,354.644,-5.2860523582419505
202409,2.0,0.0,0.0,10.101846487027707,0.6931471805599453,0.165,-6.2918148135823255
202307,82.0,11.0,32.0,12.257953267407162,12.012948955202132,752.406,-5.319485397273138
202208,222.0,42.0,49.0,12.259466482233208,11.093097706026228,783.476,1.238768548433999
202405,72.0,17.0,17.0,11.83974411242039,11.839751324539636,224.451,-4.347155980963951
202301,169.0,10.0,17.0,11.875336923600893,11.875343883536026,262.656,-6.276933343152721
202406,127.0,16.0,89.0,11.663429503877289,11.66343810658284,298.368,-6.256157534964052
202309,4.0,0.0,1.0,10.793701213900164,8.321421586897879,254.749,-6.227889159480919
202405,46.0,10.0,7.0,13.122009314731537,11.647814685329294,1833.038,-5.304603926843534
202211,68.0,11.0,22.0,13.538738092087145,12.803573089656965,2786.836,-5.138237482207883
202405,70.0,12.0,22.0,13.367260592680765,12.82810506212361,2934.801,-4.165908065898695
202212,16.0,6.0,4.0,13.363910931336227,13.105386075115952,1826.808,-6.258381774551138
202308,113.0,63.0,18.0,11.531727591932825,11.497050115811938,1130.162,-5.1758022170736515
202208,94.0,8.0,46.0,11.848976184194036,11.84898333003712,567.862,-5.503679416229737
202210,127.0,17.0,49.0,12.583628556716146,12.271710562111046,435.108,10.273978698504814
202402,101.0,9.0,28.0,13.469344487591698,12.237110935314359,797.68,-6.220500256345779
202308,187.0,9.0,10.0,12.192201889844382,9.692210811286753,684.852,-6.2918148135823255
202401,90.0,35.0,30.0,11.42717147895132,10.10401732897875,2130.224,-0.63400981332118
202310,571.0,153.0,101.0,12.51796306699418,12.51059708567707,752.792,3.708390266157201
202306,229.0,112.0,39.0,13.065104958564048,12.924833965164014,1180.145,4.736143625764191
202311,500.0,108.0,178.0,13.411770960306331,13.298742311742606,3535.535,29.789843806368616
202301,113.0,7.0,16.0,13.310380351142864,13.310382008342776,1228.184,-6.227889159480919
202301,181.0,121.0,20.0,12.419622322453062,11.500407440411255,1244.022,-5.972186543075295
202405,94.0,36.0,37.0,11.3634969514783,11.316131688978802,522.271,-1.8471271680558905
202303,9.0,1.0,1.0,11.733794431376422,10.630456281571584,567.487,-6.276933343152721
202306,135.0,6.0,11.0,12.296621508232787,12.267520457844086,1005.192,-6.192231880862646
202406,84.0,6.0,12.0,12.434323134212528,12.167113498165579,1262.387,-6.2867327161806745
202303,88.0,32.0,19.0,10.801695776859518,10.801716141591875,425.074,1.8350592788815394
202210,17.0,4.0,7.0,12.765239761398766,12.484332972402973,1317.121,-6.275982941585651
202410,23.0,3.0,0.0,8.188133414510478,8.188411308079031,72.841,-5.319485397273138
202407,55.0,16.0,2.0,10.037012695141119,10.037056444457543,165.127,2.492582972231549
202311,139.0,5.0,44.0,12.344503267308603,11.471113397155788,352.986,-6.123224129359589
202404,115.0,33.0,25.0,13.069829313580644,12.968097357592336,787.913,-5.255559743171732
202207,49.0,8.0,30.0,12.050254743326411,11.85586957093556,682.725,-6.232523868960818
202307,62.0,23.0,21.0,13.387924066321329,13.208335547939264,2695.17,-3.023940136107723
202208,36.0,7.0,17.0,11.35822296625226,11.148909354774602,546.801,-6.234431325208313
202401,416.0,216.0,119.0,16.101699261840473,15.75414429804881,10298.942,22.12237524381279
202210,7.0,0.0,0.0,13.47256803410769,13.307615635494859,1387.126,-5.319485397273138
202312,144.0,12.0,14.0,12.039592941333506,11.547249594014183,246.316,-6.2918148135823255
202310,18.0,6.0,1.0,14.199051750434219,14.019296758831851,2642.856,-4.2193046727611385
202410,233.0,13.0,12.0,8.80941494391005,8.80956425335415,68.642,-6.250263197204988
202212,160.0,35.0,45.0,12.804972331435861,11.801422205489846,706.329,0.6230611659722047
202309,134.0,10.0,25.0,9.859640152755851,9.51369892381297,223.672,-6.2918148135823255
202212,153.0,45.0,55.0,12.428511948920017,12.42851595172999,811.622,-4.3313241089672765
202211,206.0,51.0,52.0,10.776348726482947,10.592476097947214,306.468,-2.620853880544372
202401,277.0,19.0,157.0,14.461998951356241,14.39932378364643,2549.146,13.469047419563752
202312,55.0,22.0,12.0,13.306388482335834,12.886747367344643,1291.426,-5.035244319432413
202403,236.0,29.0,55.0,12.645120810155376,12.036582414051384,571.755,-1.1951915652235252
202301,426.0,148.0,68.0,13.250585953164412,13.214619808351129,1322.037,3.147520303791616
202207,67.0,6.0,30.0,12.67303728672591,12.3644173751649,1359.75,-6.271039005393656
202406,303.0,71.0,99.0,14.323656193768475,14.148160498911746,3617.854,23.099900336261015
202311,166.0,45.0,25.0,9.044049632254756,9.0441677169216,200.507,-0.685182180596537
202404,92.0,8.0,38.0,12.933481146374646,11.777218637129327,370.382,-6.271039005393656
202309,147.0,32.0,20.0,10.42948746227303,10.048626318202366,185.723,-6.271039005393656
202208,479.0,10.0,27.0,9.87302834505142,9.873079890114703,150.913,-6.241276064534448
202312,14.0,5.0,6.0,11.409030541474012,11.299138008580044,479.533,-6.291742704741504
202403,232.0,122.0,16.0,11.743171732171444,11.743179675519485,298.826,-0.32704658356342
202406,74.0,10.0,25.0,11.692794015603116,10.896109497616806,469.092,-1.3020236664292817
202303,253.0,149.0,45.0,11.060227229880846,11.06024295525295,314.901,-2.9746752250798605
202301,17.0,3.0,3.0,13.429667178438162,11.839708051043925,1182.984,-6.143187697190844
202303,367.0,74.0,205.0,14.001662270338581,13.71632869284975,2894.528,23.870881954500845
202404,336.0,115.0,55.0,11.695980086340011,11.678100862929213,707.145,0.910225478562376
202408,478.0,138.0,94.0,11.931977846586909,11.902870761420356,780.986,38.44912294820756
202410,205.0,10.0,26.0,8.988570876215118,8.988695696785708,46.218,-6.224493790970703
202311,76.0,9.0,7.0,12.864972524994823,12.35696803263676,886.554,-6.2425499025544635
202312,934.0,455.0,206.0,13.760962498887805,13.503518033222905,3156.996,31.891562485137356
202403,14.0,4.0,3.0,12.246580990867667,11.808523622381468,765.53,-6.163963505379513
202303,126.0,16.0,49.0,12.96674528812492,12.235713968638622,460.021,10.273978698504814
202210,52.0,13.0,14.0,8.855092980028635,8.855235623206967,161.238,-6.258381774551138
202301,121.0,25.0,57.0,14.436592294373854,13.904745959975791,3170.001,-6.11447786699559
202408,85.0,9.0,25.0,11.811718086051272,11.405150926792134,1181.418,-4.216364248800169
202211,44.0,3.0,15.0,12.284546430780635,10.225752194718146,761.287,-6.2918148135823255
202303,138.0,54.0,58.0,13.777359991999178,13.753512806336454,2932.081,-4.1700397617332765
202402,61.0,4.0,26.0,14.322289002939579,13.895217824768428,3002.241,1.7541048009794729
202306,79.0,21.0,27.0,12.46810223861683,11.053568953468252,690.896,-2.3817213401569073
202403,63.0,14.0,14.0,11.703661520365202,11.70366978383776,447.858,-6.2918148135823255
202211,6.0,1.0,2.0,12.72448839130386,12.724491368615258,1378.648,-6.148131633382839
202404,197.0,82.0,108.0,12.251103370904477,11.956803267564807,732.333,-6.2918148135823255
202310,216.0,35.0,54.0,11.798765842542638,11.56811416241411,1022.944,19.52445699022602
202212,328.0,87.0,99.0,13.5548948638562,13.33135283040319,2248.916,24.77695652346238
202310,218.0,22.0,105.0,12.809839281200885,12.331651878377361,1399.078,-6.177350410433042
202409,54.0,3.0,8.0,12.213346129496673,0.6931471805599453,448.377,-6.250263197204988
202212,28.0,0.0,0.0,15.312660235634935,14.688971447607038,11447.857,-6.100037851278107
202301,97.0,18.0,44.0,13.166326672868442,13.077669312753445,1320.0,-5.319485397273138
202306,73.0,14.0,40.0,12.826366835348463,12.25874573755899,1004.503,-6.275982941585651
202409,11.0,0.0,4.0,10.657141700932726,10.657165232836105,63.763,-6.2867327161806745
202401,52.0,15.0,16.0,13.044425619435572,11.998119385338072,700.272,-6.2918148135823255
202303,166.0,28.0,72.0,13.887426486487735,13.814657193952758,1923.347,31.11766820712198
202410,43.0,3.0,4.0,11.275784404012166,9.809561414503964,418.333,-6.275982941585651
202403,544.0,169.0,88.0,13.704245980919351,13.228412056223561,1498.715,36.01560806221079
202210,842.0,347.0,137.0,8.790877754224164,8.791029857045965,1064.128,4.7256884852705845
202410,87.0,15.0,8.0,8.416488487294606,8.29853954537488,66.75,-6.271039005393656
202408,40.0,6.0,18.0,13.0572529594316,12.509977415557797,1191.349,-0.14038492621134857
202401,56.0,20.0,16.0,14.10157482247021,13.715371939991302,2405.11,-2.118476797860911
202303,195.0,44.0,29.0,11.629071606089884,11.36971307664714,379.734,5.537422529361923
202303,312.0,76.0,122.0,14.134519771137718,14.02066283249601,2578.048,46.90986567628593
202407,1.0,0.0,0.0,15.470258108367123,15.470258299507407,10423.88,-6.0717201171990665
202303,84.0,31.0,21.0,14.193132278332435,13.8869694529809,6371.3,0.6118497937145797
202407,14.0,5.0,2.0,11.530843965472574,0.6931471805599453,373.165,-4.155379018659732
202312,77.0,15.0,10.0,13.97537346335074,12.177765759314639,1991.81,-3.2135422174207635
202207,59.0,6.0,19.0,13.560126574551015,12.52734422097551,2619.273,-4.347155980963951
202309,188.0,16.0,63.0,12.362905439556963,12.00861511565136,1120.256,-6.256157534964052
202301,758.0,249.0,132.0,14.296879358288706,13.933574443067648,3297.798,22.59851849060356
202308,24.0,2.0,4.0,14.084360666873353,13.864501654326434,2312.063,-5.314403299871487
202310,165.0,3.0,9.0,11.458099622686449,11.458110186196915,126.61,-6.271039005393656
202208,55.0,21.0,13.0,9.745194973541535,9.745253547271233,261.343,-5.030349741836326
202312,74.0,11.0,21.0,11.624422115983904,11.624431060887769,170.839,-6.2918148135823255
202308,65.0,6.0,12.0,12.676651109526752,9.146121799649531,500.134,-6.276933343152721
202310,190.0,83.0,41.0,12.62914516274771,12.629148437898,888.7,1.8738283502209345
202303,27.0,0.0,0.0,14.204949259870183,0.6931471805599453,9585.677,-6.2918148135823255
202306,192.0,54.0,66.0,11.513994892928249,11.339071952867101,902.391,-2.4380640509106932
202408,62.0,8.0,24.0,13.132444392787209,11.500559318382662,1276.609,-6.2918148135823255
202307,254.0,57.0,29.0,12.254829475810704,12.157517703693799,673.816,26.84236999633857
202405,101.0,9.0,28.0,12.506443869097943,11.527656429570223,551.747,-6.220500256345779
202210,111.0,20.0,40.0,11.677108509060929,11.51253538890045,538.537,-6.140109112020218
202308,70.0,23.0,14.0,12.14799321945334,7.786136437783072,298.697,-2.402497148345576
202208,166.0,28.0,72.0,13.581312378785332,13.545279329926098,3548.869,30.96149916484012
202307,139.0,40.0,62.0,12.668803013621886,12.668053553638828,843.311,-6.0666380197974155
202212,159.0,23.0,29.0,12.721966404574363,12.647773246220433,579.02,-6.1833971191426125
202210,581.0,120.0,170.0,13.36579414446512,12.742542623958284,2130.733,6.864439025423993
202312,173.0,37.0,46.0,12.736739131155511,12.736742072215204,641.441,4.493918290465253
202301,197.0,48.0,40.0,14.791913780538108,13.909337820608426,1732.2,-5.271170887812346
202208,30.0,0.0,2.0,14.231281709230041,12.417151712743324,3606.287,-3.3748265646547635
202401,20.0,5.0,4.0,9.116359308505288,9.116469156366112,284.086,-0.45783831572720146
202208,154.0,38.0,44.0,13.567109453260686,13.565756055223773,2422.534,10.810941269595338
202307,470.0,85.0,122.0,5.225746673713202,0.6931471805599453,1767.383,34.694754837107745
202401,296.0,125.0,96.0,13.053242640600098,13.01302830699109,585.416,-6.241276064534448
202211,395.0,17.0,16.0,12.696139284836221,12.366591576363284,1111.815,-6.250263197204988
202409,4.0,1.0,0.0,10.561939763299186,9.89500164888583,276.528,-6.2918148135823255
202404,246.0,54.0,24.0,12.392917291051713,12.16567243704568,384.995,-6.256157534964052
202308,476.0,28.0,47.0,9.523836379320944,9.495368926962401,210.676,-5.233289369606987
202211,78.0,21.0,27.0,13.058809970881981,11.305372250327109,640.7,-2.3817213401569073
202207,438.0,170.0,108.0,11.326680220571939,11.325691863815253,1315.468,30.4857922281044
202208,61.0,8.0,17.0,10.675838627525664,10.651146592342338,339.052,16.169120454661574
202406,525.0,95.0,64.0,12.102504966224826,12.039894086573407,614.361,-6.124010118537575
202404,85.0,14.0,17.0,13.88651873070014,13.292173660261213,2236.417,5.294931646016421
202408,66.0,15.0,21.0,13.296387270271829,12.568209147969373,3416.194,-4.177849112367331
202303,361.0,62.0,127.0,12.061670956156453,11.839498869412195,823.253,-3.269349294176019
202301,87.0,15.0,21.0,13.129404530204543,12.067878972777107,1187.699,0.6118497937145797
202408,168.0,61.0,36.0,14.843754386600041,14.810016729073375,5851.793,-3.149395835963297
202303,88.0,5.0,6.0,10.411148172958962,10.411178267606632,223.022,-6.2918148135823255
202312,40.0,10.0,14.0,12.984172001044433,12.24288661865289,611.807,-6.2425499025544635
202212,432.0,108.0,99.0,13.005919444749175,12.173683742328171,1150.219,8.692327369063316
202308,134.0,51.0,24.0,10.995846999538472,8.480529207044645,534.709,-6.227889159480919
202312,79.0,30.0,20.0,13.956479597591272,12.838290782942213,921.793,-4.347155980963951
202210,229.0,75.0,84.0,12.461400675193051,12.352650437574084,907.698,-1.196546395950537
202406,85.0,24.0,20.0,11.97330795917191,11.894814836549687,1258.176,-5.943868808996254
202310,163.0,46.0,71.0,12.884022428427135,12.194207532651399,700.784,-5.2050209941238545
202312,84.0,31.0,21.0,14.453803374204789,14.178267866761761,7817.245,0.6118497937145797
202208,247.0,13.0,25.0,11.745068400081239,11.591579516599419,1011.236,4.48851022810881
202408,11.0,4.0,1.0,12.950753841502038,12.247329745378375,2998.029,-6.2918148135823255
202303,28.0,12.0,5.0,11.490628729971618,11.465991077781014,689.199,-2.1438873155294784
202306,200.0,0.0,0.0,10.747637606632601,9.514879561494386,217.283,-6.20711335129225
202403,174.0,40.0,35.0,13.166822270384523,12.048488578368381,801.758,-5.255559743171732
202309,4.0,0.0,0.0,12.727769957747253,0.6931471805599453,565.225,-6.2918148135823255
202407,78.0,21.0,26.0,12.288343637962967,10.98488586046955,827.791,-2.3817213401569073
202310,38.0,3.0,19.0,10.900288575057553,10.616363828277068,399.019,-6.094955753876456
202210,37.0,7.0,7.0,9.8233073354086,9.815639461962933,43.649,-6.2918148135823255
202208,174.0,36.0,25.0,13.000030758069373,12.59192330863476,1131.998,-5.092051156350646
202211,957.0,260.0,192.0,13.5835116635789,13.415423959705187,2202.062,34.3856831414598
202301,5.0,1.0,0.0,13.820529939764425,13.820530934757125,2845.489,-6.100037851278107
202308,66.0,2.0,6.0,11.068542797752952,10.016414371391338,164.424,-6.250263197204988
202310,105.0,35.0,13.0,10.826475805858005,10.826495672157808,174.542,13.884065353254256
202207,586.0,284.0,96.0,11.139162491592577,11.089622198732185,1153.861,28.440587728155542
202301,3.0,1.0,1.0,12.046443653783777,11.98019410754728,726.285,-6.2918148135823255
202309,338.0,39.0,143.0,13.88194041439911,13.260625064524366,3312.538,-6.0751504902053375
202208,62.0,9.0,4.0,11.168701259326799,10.717368965240556,450.185,-6.2918148135823255
202301,473.0,182.0,90.0,12.26535047848055,12.250175651640369,1151.908,11.848983662786301
202408,258.0,53.0,97.0,13.276007643311415,13.086203415369729,2978.901,-5.1969984727612335
202311,203.0,82.0,42.0,11.612146170510453,11.61215522589773,259.992,-3.0700304059814294
202407,232.0,57.0,78.0,12.377409086265374,12.36937276981583,1022.275,-6.260874810590354
202303,74.0,18.0,17.0,12.129456145033101,12.087514309406039,218.346,-4.347155980963951
202406,93.0,9.0,24.0,13.790745417743837,12.989953641202266,2786.516,-4.347155980963951
202401,63.0,4.0,52.0,12.18897226387732,12.162893708936203,355.037,-6.271039005393656
202406,486.0,138.0,94.0,11.816018181121441,11.739622694483735,549.487,38.44912294820756
202307,63.0,13.0,15.0,11.24640457368645,11.246417627749853,555.234,-6.2918148135823255
202301,36.0,24.0,7.0,11.063257654182332,11.06327333197239,744.511,-6.2918148135823255
202210,41.0,6.0,6.0,12.070522072875882,11.458490398275341,247.28,1.4868205168911732
202207,134.0,36.0,27.0,11.694630164880422,10.758179438191325,379.236,2.899339325966878
202403,585.0,283.0,97.0,12.276675553545772,12.196981445518393,1007.531,30.32132090667251
202210,341.0,166.0,50.0,11.17584304222332,11.058637692164496,437.561,0.46426345494332466
202303,214.0,73.0,21.0,10.866261026623258,10.73127488581888,535.978,-3.1131802518941663
202306,139.0,40.0,62.0,12.92460000712917,12.907911939977625,771.806,-6.0666380197974155
202311,122.0,10.0,13.0,11.926821598556245,11.771528819921341,431.523,-6.2918148135823255
202404,132.0,26.0,45.0,13.388095809375741,13.158579581537312,923.851,25.483010597461444
202211,217.0,64.0,55.0,10.936440692397964,10.9364584899508,505.925,4.163077995895872
202401,43.0,6.0,7.0,13.3789958619456,12.639217769411648,320.2,1.4868205168911732
202208,92.0,11.0,25.0,12.041050585814281,11.702553596946622,870.812,-5.319485397273138
202306,109.0,24.0,25.0,13.264800000499369,12.230618905948173,1612.655,-6.237605966362469
202404,161.0,17.0,18.0,11.738035082309398,11.584687831197119,81.807,-6.276933343152721
202404,419.0,190.0,98.0,12.57377357921732,12.385230870929602,699.61,-1.734922873252474
202402,556.0,212.0,153.0,13.90517665805624,13.599804281431242,2369.997,13.060130712840484
202408,53.0,10.0,35.0,12.58274382547269,12.481801056801922,1046.08,-6.258381774551138
202407,212.0,47.0,83.0,13.438841339794832,13.197290870801622,2462.273,21.099857853856975
202301,104.0,18.0,25.0,12.828612258826166,12.025970623745017,347.25,0.7680188359964326
202401,171.0,25.0,81.0,15.180521525995257,13.643807227743357,2901.584,-6.2918148135823255
202306,116.0,13.0,13.0,13.158421402219506,13.033975781131941,1310.949,-6.1380230336427894
202405,168.0,10.0,17.0,10.642659171407352,10.64268304658791,155.121,-6.276933343152721
202210,36.0,7.0,17.0,11.572306961485308,11.404671879529975,392.449,-6.234431325208313
202303,167.0,58.0,59.0,12.995888174075438,12.872904084438185,986.366,13.903332454424996
202207,33.0,3.0,9.0,11.200185379844262,11.123742087186342,144.291,-6.2918148135823255
202303,538.0,266.0,88.0,13.524573861631994,13.311352655456275,1354.488,10.293526005079686
202310,204.0,50.0,51.0,11.196144084693172,9.697508347391498,339.823,-2.620853880544372
202407,80.0,20.0,30.0,11.318077782810866,10.353575423086568,191.541,-6.271039005393656
202406,224.0,72.0,41.0,10.562922818610538,10.562948675441266,280.686,-2.8305867621847476
202410,53.0,0.0,6.0,9.582800078470363,9.582868979838082,28.028,-6.2918148135823255
202307,259.0,57.0,144.0,11.531403686216002,11.53141350308236,1038.959,-6.271039005393656
202211,9.0,0.0,0.0,14.106277616947953,13.28559045610526,3442.856,-6.163963505379513
202207,260.0,68.0,96.0,12.236989748164895,12.168474615114855,1236.421,-6.121565151594428
202210,54.0,14.0,25.0,11.092169038293106,10.780496769408607,422.749,-6.00779446309766
202309,8.0,1.0,2.0,12.442546946253026,8.48590890137647,701.281,-6.2918148135823255
202307,456.0,190.0,57.0,12.09029135504443,12.011018370631204,611.178,16.63319744833789
202310,944.0,142.0,199.0,14.019806401901116,13.753071165447166,3811.54,80.4863232418864
202303,14.0,5.0,6.0,11.376154545024425,11.262552022394802,447.491,-6.291742704741504
202402,528.0,188.0,98.0,13.391435860606938,13.127002599552753,1284.886,13.453410942262527
202311,173.0,40.0,34.0,12.573365024491274,11.994765022450121,783.748,-5.255559743171732
202208,409.0,117.0,63.0,10.431081793877356,10.418524297073583,817.845,2.034891970098874
202307,46.0,17.0,20.0,12.504646437273118,12.420776684130514,1913.376,-4.1062854763920225
202406,198.0,59.0,38.0,12.610553936515606,12.542934092113647,878.37,25.22950120805192
202410,31.0,4.0,1.0,9.357639058997062,4.875197323201151,64.365,-6.2918148135823255
202301,428.0,144.0,74.0,11.138973558699526,10.957625351102408,458.497,-0.1664290621073956
202210,523.0,108.0,186.0,13.26227835154779,12.842271096147318,3723.85,32.48673735891292
202307,25.0,8.0,14.0,13.735117955751448,13.679916468012996,3582.514,-6.275982941585651
202210,162.0,17.0,20.0,10.778977123006351,10.647304082870662,102.254,-6.276933343152721
202404,527.0,90.0,174.0,13.402306078030714,13.201873019946968,1171.303,25.642210439757427
202303,191.0,44.0,55.0,12.640892651597671,12.516552854257933,588.329,4.14597228587918
202208,56.0,6.0,22.0,14.001697966050077,13.630472915948067,3313.554,3.8436437656013194
202210,62.0,3.0,34.0,13.622991987893544,13.179299322055398,1452.982,-6.134200564520304
202208,335.0,76.0,77.0,11.831357377668924,11.818157629664896,590.106,-0.3778600622730597
202210,38.0,3.0,19.0,10.90764263085135,10.621985665531742,375.917,-6.094955753876456
202309,19.0,9.0,7.0,10.041421738625441,10.035786936549613,292.919,-6.2918148135823255
202310,63.0,19.0,30.0,12.215072029326974,12.194713372584083,1323.416,-6.258381774551138
202208,249.0,13.0,65.0,10.85433428855189,10.798779341814225,652.388,-6.2918148135823255
202402,476.0,111.0,131.0,14.675654975417736,14.474162044863899,6120.005,61.424738907811964
202210,177.0,52.0,52.0,12.197127759048367,11.721637379361445,957.368,0.9374217605765827
202303,254.0,26.0,91.0,14.878630374941885,13.764183578798871,4127.677,-5.319485397273138
202410,64.0,2.0,4.0,10.105611736626262,9.556055475678573,43.664,-3.3540507564660946
202402,271.0,39.0,94.0,15.522645254541033,14.397048853512544,7201.836,-1.3967346930052011
202410,3.0,0.0,0.0,11.850789589608587,11.273601717426981,145.774,-6.275982941585651
202303,56.0,18.0,10.0,12.525456852712468,12.45377221474027,725.896,-6.1222737277925185
202308,13.0,6.0,3.0,7.995306620290822,7.083387847625295,1157.615,-6.271039005393656
202406,31.0,13.0,11.0,11.10366315661368,11.059346214138635,247.099,-2.182402451962317
202405,124.0,35.0,52.0,13.740559615226049,11.812563281831123,1369.583,9.747246737318589
202311,381.0,6.0,20.0,12.103956860037236,11.38173418927788,590.263,-5.772818296284798
202310,348.0,78.0,91.0,12.598155273024993,11.83010565821082,1097.751,3.6664555163224097
202303,14.0,3.0,1.0,12.418503015094444,11.784112234892811,10861.151,-6.276933343152721
202407,116.0,23.0,70.0,13.022459060695224,12.833130770161192,727.613,-6.2918148135823255
202210,153.0,45.0,55.0,11.515651745288512,11.51566171801311,621.66,-4.3313241089672765
202402,82.0,9.0,6.0,13.459375468278008,12.730499353773943,1261.265,-6.271039005393656
202403,37.0,7.0,7.0,10.386098869820946,10.38612972782783,60.461,-6.2918148135823255
202311,219.0,66.0,84.0,13.917494780353167,13.793916066237475,1372.923,-2.134087942501525
202403,121.0,59.0,42.0,13.05360904889231,13.053611191236056,829.151,-2.423231939076997
202210,105.0,35.0,12.0,11.11282096310416,11.112835882798903,192.363,13.884065353254256
202211,11.0,1.0,2.0,13.093595522281626,12.624753374686957,3339.839,-6.258381774551138
202212,204.0,18.0,46.0,15.402011415913709,12.300423274203435,1568.988,-4.26834885643294
202309,20.0,0.0,1.0,11.092184269309547,5.424950017481403,493.759,-6.276933343152721
202301,83.0,36.0,25.0,14.516940838736291,13.306578140950895,3278.045,-6.140247273229875
202408,11.0,4.0,1.0,10.929600830387999,9.11701821474481,611.089,-6.227889159480919
202402,210.0,23.0,75.0,14.746480225179049,13.690985344823103,2456.383,-0.17381796524253623
202404,557.0,85.0,173.0,14.882657979001806,14.528427522143797,4216.484,-3.261415272169434
202309,8.0,1.0,3.0,6.595780513961311,6.597145701886651,20.262,-6.250263197204988
202303,142.0,30.0,65.0,12.347585228552436,12.188697569346084,357.132,-6.276933343152721
202409,116.0,13.0,20.0,11.867202536308959,11.50050869495514,457.571,-6.2620518727231165
202402,419.0,13.0,40.0,11.588635724204703,11.558606037462201,1233.155,3.9823106763028644
202307,535.0,18.0,77.0,12.36363606675384,12.251160727346099,633.875,-6.204668384349104
202208,85.0,27.0,25.0,13.063470754810917,12.28030775245907,1311.901,-5.303653525276463
202303,646.0,107.0,148.0,14.367321106976588,14.304426712600645,1496.955,-4.284828556397944
202212,155.0,38.0,40.0,14.378729560802713,13.666570777786346,1499.771,-4.347155980963951
202210,11.0,1.0,2.0,12.969701588628489,12.465038835383808,3453.487,-6.258381774551138
202405,91.0,36.0,30.0,10.690284444175827,9.99346535865436,1314.616,-1.5729061905991797
202303,206.0,23.0,59.0,13.569730216907034,13.16787006161049,1458.946,2.005817034188702
202402,89.0,28.0,23.0,11.834356577468384,11.405885762489225,1494.543,-2.2878945839866356
202404,89.0,38.0,22.0,11.198351697050132,11.198365393710201,339.89,-5.2860523582419505
202303,553.0,87.0,164.0,14.80594726127017,14.533236686118384,3953.963,-3.197489618068028
202401,74.0,3.0,17.0,15.372676802822982,13.913534325384461,4465.235,-3.2135422174207635
202406,243.0,72.0,73.0,11.81933605866099,11.540443351006967,561.743,6.825899863055858
202410,59.0,4.0,13.0,11.18572610205713,10.797921148054973,146.651,-6.2918148135823255
202308,33.0,0.0,0.0,10.441149830255679,0.6931471805599453,458.034,-6.2918148135823255
202402,15.0,9.0,3.0,12.969741195495393,12.273960239756526,1162.928,-6.2918148135823255
202306,27.0,6.0,12.0,12.9641340578896,12.76652808086304,2407.607,-3.359945094225159
202408,325.0,77.0,57.0,12.42198209370245,12.417596954132224,975.51,-6.164693179590523
202406,388.0,75.0,82.0,13.591124985661224,12.996469033854979,2026.354,-1.0280128802304604
202401,90.0,9.0,45.0,13.619349677979951,13.062492346566872,1161.366,-5.2860523582419505
202408,68.0,3.0,15.0,12.309801831292651,11.50152067690679,972.771,-4.3313241089672765
202301,149.0,26.0,12.0,13.38595304460527,13.093544061675225,2990.426,-6.22494873551995
202405,203.0,8.0,16.0,10.376393216801882,10.244876254937159,207.711,-6.275982941585651
202208,1.0,0.0,0.0,13.785811885941408,13.785812916084954,11511.276,-6.227889159480919
202301,405.0,76.0,49.0,14.095147857832949,13.280445177386587,660.44,-4.203081007905964
202311,43.0,15.0,8.0,10.250864402868727,10.250899729195675,358.662,-6.20711335129225
202309,35.0,8.0,9.0,11.719825806738227,11.163495640227039,498.323,3.431479349509548
202408,75.0,10.0,40.0,13.519200706368796,13.445675107496186,1610.934,-5.155260626078169
202301,53.0,12.0,17.0,15.528935803672676,13.163858425373288,3527.458,-5.298709589084469
202402,684.0,215.0,212.0,15.274809532761733,14.630185752985472,4997.488,12.676842336278606
202405,346.0,78.0,91.0,13.114559002340087,12.347954079326106,945.011,3.6664555163224097
202211,354.0,58.0,38.0,12.348648017801613,11.82752450357102,503.724,-6.2263945941048435
202211,102.0,27.0,13.0,12.438817952100651,12.27184165930107,537.814,-3.3748265646547635
202409,38.0,9.0,5.0,12.698128208719437,8.79920924224139,1909.94,-4.273066132059243
202406,6.0,1.0,0.0,15.28057982343459,15.053258796013356,10031.945,-6.163963505379513
202303,35.0,10.0,12.0,13.113806874721208,12.57767068412676,1367.614,-5.160920746644047
202310,361.0,62.0,127.0,11.43963408239339,11.326969311023126,866.727,-3.269349294176019
202211,175.0,35.0,25.0,13.372480644929729,12.989359845436853,679.799,-5.092051156350646
202307,323.0,36.0,93.0,12.81924815755991,12.417491733147823,1627.406,1.7233822769379934
202409,145.0,16.0,58.0,11.849961828156411,11.844543079817612,1255.034,-3.3540507564660946
202303,210.0,23.0,75.0,14.346377015947041,13.483118386545383,1896.215,-0.17381796524253623
202311,2.0,0.0,0.0,12.924397686782243,12.799938019808282,0.059,-6.227889159480919
202312,140.0,38.0,45.0,13.817729095189648,13.813968369402568,1935.998,9.774686199184744
202405,520.0,252.0,89.0,11.41665682599062,11.380969972819159,939.382,3.9417094614925983
202401,203.0,82.0,42.0,12.422541973685256,12.42254600046333,377.614,-3.0700304059814294
202402,22.0,5.0,9.0,13.171159255843149,12.739843013791262,1405.56,-6.163963505379513
202303,214.0,73.0,21.0,10.760495262246444,10.674798754065428,499.985,-3.1131802518941663
202303,219.0,21.0,106.0,13.328147522325951,12.647721809529344,1229.517,-6.156574602244373
202310,120.0,15.0,42.0,12.573974333083372,12.303915977829217,620.579,-5.319485397273138
202409,36.0,7.0,13.0,12.364588071692493,10.99963012730331,593.334,-6.2918148135823255
202306,67.0,28.0,14.0,9.448175472033382,9.448254302193842,168.997,-3.906966588197433
202403,72.0,17.0,16.0,12.324340008325676,12.324344450608208,279.72,-4.347155980963951
202303,82.0,15.0,32.0,12.57950686497417,12.579510306799579,489.95,-5.139428754081495
202301,359.0,81.0,79.0,14.672584052192121,13.561398648951824,2477.928,10.683089961392524
202307,58.0,4.0,11.0,14.976715726236414,12.376317403807013,10078.002,-5.319485397273138
202309,236.0,25.0,68.0,11.460009802623613,11.41140202276584,492.905,-6.271039005393656
202303,160.0,15.0,33.0,13.580040091456222,13.499025637465563,2301.147,72.59255214458024
202301,481.0,104.0,38.0,13.869807437071696,13.6791947209414,1458.65,-6.2127869616952545
202408,17.0,3.0,7.0,11.17201137792151,11.172025440146859,302.46,-6.213007689051315
202409,2.0,1.0,0.0,11.299348507525231,0.6931471805599453,0.0,-6.2918148135823255
202312,95.0,14.0,57.0,13.344054674707975,13.344056277031985,711.895,-6.271039005393656
202307,75.0,14.0,16.0,11.795258255490793,11.735044491638249,808.6,-6.036112197176701
202303,94.0,36.0,37.0,11.234573068759179,11.190472497556128,535.836,-1.8471271680558905
202407,37.0,12.0,9.0,12.452194169547887,12.257411938859757,957.024,-6.276933343152721
202212,74.0,18.0,17.0,12.18144178103335,12.142525632685757,256.504,-4.347155980963951
202301,17.0,4.0,7.0,13.062969997298639,11.202343172632116,528.986,-3.3748265646547635
202301,375.0,124.0,143.0,13.917148854752622,13.477284384094002,1589.905,9.427032952002968
202410,7.0,2.0,1.0,11.589284473068977,7.99598047476376,318.677,-6.2867327161806745
202309,60.0,8.0,10.0,5.924255797414532,5.926926025970411,157.672,-6.201948687744196
202303,119.0,25.0,20.0,12.09117793464496,11.81660883114895,275.446,0.7680188359964326
202311,16.0,0.0,1.0,11.370082280440288,0.6931471805599453,1292.895,-6.227889159480919
202407,157.0,29.0,78.0,10.66693008931473,10.666953392005027,332.791,-4.021584014101947
202403,504.0,170.0,266.0,14.948805715222719,14.672906970185426,6654.708,-4.777110945824491
202406,689.0,188.0,124.0,13.17261913373537,12.830392119534118,2422.002,64.0660478009279
202210,197.0,21.0,79.0,14.267836350945704,13.969968333489964,2984.872,17.187116713874886
202207,184.0,13.0,47.0,14.58114722306175,12.624289437563501,6769.371,-6.240325662967377
202311,100.0,22.0,21.0,11.563342875883817,11.431064438489908,375.812,-6.227889159480919
202401,236.0,29.0,55.0,12.686447309200126,12.229579189165106,677.632,-1.1951915652235252
202405,334.0,73.0,78.0,12.091396653012287,12.071329089961477,412.327,-0.3139344081716535
202207,97.0,18.0,28.0,14.933612679915576,12.033164641886643,9244.632,-6.2918148135823255
202409,96.0,15.0,25.0,11.76194726719125,11.761409224017852,103.28,-1.3935600518510451
202303,114.0,16.0,58.0,12.82563248761393,12.609071381307714,654.859,-6.2918148135823255
202207,28.0,9.0,14.0,12.736462632915691,12.558136976911223,937.059,-6.258381774551138
202303,62.0,17.0,34.0,13.219406600076518,12.698464404816615,1689.76,-6.22494873551995
202301,18.0,6.0,3.0,13.158025844424802,12.95623322941655,1206.398,-1.4301677320363888
202408,77.0,17.0,14.0,12.36620823713319,12.116246401425839,2009.151,7.362348631123636
202210,181.0,24.0,63.0,13.087285271791465,12.580442605154396,2450.156,16.15646322381906
202404,299.0,88.0,99.0,13.018415197264334,12.710667900795512,954.446,7.366944453122665
202407,95.0,18.0,14.0,10.751841997398456,10.751863403111642,514.553,-6.2918148135823255
202410,3.0,1.0,0.0,10.684302144847834,10.684325046223062,250.549,-6.227889159480919
202312,251.0,13.0,25.0,12.458588573942851,12.31019839918306,941.79,4.48851022810881
202403,12.0,6.0,1.0,11.784775367417847,9.172638504792172,79.86,-5.319485397273138
202210,104.0,33.0,19.0,9.36691667901828,9.36700218198956,91.959,-5.287821653279789
202303,481.0,230.0,78.0,13.173486057238044,13.153144732993765,1550.9,24.087097013258962
202308,102.0,15.0,26.0,10.21269870228773,8.719807451477955,329.17,-6.276933343152721
202208,289.0,54.0,140.0,13.553502729965757,13.45856557756898,3574.842,-5.051076191429087
202306,192.0,39.0,69.0,14.255405433773024,14.173311567652924,2253.48,15.419646130535417
202310,28.0,11.0,2.0,13.112414046550661,12.943074018847323,2010.781,-5.031079416047335
202303,97.0,12.0,34.0,12.786252675421592,12.16779948330868,614.348,-6.276933343152721
202308,12.0,0.0,3.0,12.009710986156094,4.30406509320417,92.908,-6.2918148135823255
202307,316.0,82.0,72.0,12.845325784267862,12.786395413616196,1880.304,58.793278658899546
202310,32.0,3.0,9.0,10.994084470441106,10.945458940490091,103.232,-6.2918148135823255
202306,269.0,51.0,132.0,14.94199932841722,14.666785641560471,6799.391,-2.2429820961494142
202404,42.0,4.0,30.0,12.420651625382996,12.088965631319793,657.61,-6.2918148135823255
202308,588.0,83.0,114.0,14.680639355243855,12.7785426063204,7299.842,-3.696162757333901
202301,123.0,18.0,34.0,13.72876132842918,12.607904494672574,1119.974,12.686559143160155
202208,70.0,23.0,20.0,12.48124302213235,8.236685322712457,804.035,-6.0851563808485025
202309,1.0,0.0,0.0,10.982951000143254,0.6931471805599453,165.78,-6.2918148135823255
202308,566.0,304.0,111.0,13.217471718658805,13.216742214552783,1589.98,5.933327972844751
202405,35.0,11.0,10.0,13.388826920643739,13.183802726064227,2229.728,-0.07645927210994241
202312,27.0,0.0,0.0,14.149724532343942,0.6931471805599453,10987.862,-6.2918148135823255
202303,171.0,46.0,46.0,11.310111362941436,11.222265630047845,297.533,-4.375180957638697
202402,15.0,1.0,6.0,12.235359566155067,11.53309077158835,904.04,-6.2918148135823255
202301,210.0,23.0,75.0,14.665293470906196,13.673275108992364,2434.008,-0.17381796524253623
202210,253.0,57.0,29.0,12.686388545071589,12.600827267273496,561.99,26.84236999633857
202207,120.0,15.0,40.0,12.621854354040288,12.355380187705368,949.783,-5.319485397273138
202210,113.0,10.0,45.0,9.450616322030694,9.450694960020746,749.389,-6.227889159480919
202402,469.0,180.0,91.0,12.084430297298065,12.084435944032698,1025.982,10.876654246477115
202409,9.0,1.0,1.0,10.692785468625344,0.6931471805599453,1136.966,-6.2918148135823255
202208,28.0,1.0,7.0,15.485234587869854,15.299994358929098,9146.001,-4.075621492561652
202406,14.0,9.0,0.0,10.487043056465978,0.6931471805599453,3182.816,-6.2918148135823255
202402,98.0,23.0,22.0,14.588125819593046,14.372499470109192,10845.192,-0.08600471023133949
202401,27.0,17.0,7.0,11.799854754151768,11.7998622597716,127.88,-4.347155980963951
202303,249.0,60.0,69.0,13.386848468251907,12.848899742190103,1312.908,12.578997367743392
202303,284.0,101.0,26.0,11.40637535313447,11.329795581568328,228.664,-3.2935744731806067
202409,32.0,3.0,1.0,11.093964698756729,7.251344983372214,226.968,-6.243500304121533
202309,63.0,15.0,12.0,12.765748431665669,12.250166083040686,832.385,-6.237605966362469
202212,56.0,8.0,19.0,12.175685600390155,12.175690754644089,408.901,-1.3069511333134747
202303,32.0,7.0,13.0,10.959018351501788,10.859710283001629,164.798,-1.1942411636564554
202401,204.0,50.0,51.0,12.962051422510221,11.85586957093556,623.33,-2.620853880544372
202311,212.0,30.0,100.0,13.975075127635613,13.564894314467068,2851.867,23.15745331669806
202307,68.0,12.0,26.0,11.31553493941931,11.315547121542044,441.029,6.026219188993528
202207,173.0,37.0,46.0,11.732317989973282,11.594597613614253,746.168,3.521588874156066
202309,48.0,6.0,3.0,11.398658739841405,10.88123079872325,924.426,-4.185871633729951
202301,260.0,92.0,79.0,15.103577789114217,14.916802253812806,3837.173,37.827120571775396
202311,55.0,15.0,19.0,11.923742890505002,11.917029647439051,598.074,-6.160479637513261
202312,5.0,1.0,0.0,13.802990508209845,13.802991520808085,3066.717,-6.100037851278107
202212,52.0,15.0,16.0,12.693090090478913,11.762679788030713,509.693,-6.2918148135823255
202409,58.0,2.0,3.0,8.022896869601457,8.02322468471667,11.002,-6.2918148135823255
202407,348.0,103.0,76.0,12.22113858220254,11.650415262761426,999.513,1.6012849200404569
202402,50.0,7.0,26.0,13.715370834666565,12.709396199005802,1089.372,-5.191561980229505
202208,384.0,81.0,96.0,12.742840832080526,12.609575830324797,2630.386,32.12883872481879
202403,391.0,131.0,124.0,14.480783846024698,14.36685393797475,2908.704,2.5677199985905794
202211,14.0,2.0,1.0,15.193780055827936,15.135939918561686,6550.381,-5.111876562972245
202402,202.0,22.0,78.0,15.229967358515266,14.683684418956194,3744.778,15.263233689445178
202410,96.0,26.0,14.0,11.756718343852285,10.394365538492423,277.856,-6.255207133396982
202306,80.0,21.0,30.0,11.172208231083749,10.386253150334081,152.703,-6.271039005393656
202312,52.0,10.0,30.0,12.585186933648345,12.56085129263402,520.073,-5.319485397273138
202303,239.0,65.0,126.0,13.607588076189117,13.46541109097228,2165.789,-5.262101908899125
202208,54.0,23.0,12.0,12.939428032280851,12.456391578469976,1504.97,-5.255339015815672
202409,58.0,8.0,10.0,10.065606402012563,9.795289682058142,129.752,-6.2918148135823255
202408,64.0,3.0,9.0,13.389070505664925,12.631722660797436,2290.533,10.711407695471562
202405,43.0,21.0,6.0,12.74495205607474,12.22322470434774,2892.145,-6.179574650020127
202210,5.0,0.0,0.0,11.52487379848607,0.6931471805599453,756.636,-6.2918148135823255
202210,251.0,46.0,109.0,12.46887143096437,12.312983458855328,898.201,-6.276933343152721
202207,254.0,130.0,67.0,12.090908677120952,11.823500971485318,2219.412,-5.0637827808675135
202301,328.0,45.0,79.0,13.022114220909675,12.30334453628438,1748.47,-6.194456120449732
202208,34.0,12.0,8.0,13.431715450172563,13.275844690398442,3341.634,-0.07645927210994241
202311,120.0,15.0,42.0,12.939079757976492,12.662481153486599,674.283,-5.319485397273138
202208,38.0,3.0,19.0,10.965401278088198,10.778497851489867,585.111,-6.094955753876456
202308,75.0,17.0,37.0,11.859376320587636,11.0128584261901,756.571,-5.048901310437909
202210,48.0,10.0,8.0,13.312616727524475,11.68692919099068,1570.769,-5.304603926843534
202404,114.0,13.0,14.0,9.642836819135377,9.642901705746048,305.967,7.320797014746297
202311,267.0,55.0,126.0,14.793561830960062,14.601701260490392,5810.854,-3.2153115124586016
202401,14.0,3.0,1.0,12.840300156266673,12.404538184147434,10088.18,-6.276933343152721
202308,187.0,23.0,38.0,9.546741177474825,9.546812608597396,300.163,-6.276933343152721
202401,299.0,37.0,113.0,15.707920015717091,15.254774907035118,7917.032,54.42601334803218
202208,24.0,9.0,12.0,11.811992482288574,11.5542209473774,1046.441,-6.2918148135823255
202211,62.0,17.0,34.0,13.010678460369718,12.586739468798184,1431.166,-6.22494873551995
202309,18.0,4.0,0.0,13.340142164067796,12.734073919696254,1991.76,-6.143187697190844
202311,147.0,23.0,40.0,13.465100235955253,12.798006255512822,1171.025,25.353318183128998
202309,83.0,2.0,0.0,8.920255414908091,8.301273485191347,622.378,-6.2918148135823255
202401,39.0,6.0,9.0,13.47809747888957,13.093356722701273,3621.945,-6.213007689051315
202212,189.0,1.0,0.0,10.27983276207044,9.919606934416011,2.402,-6.250263197204988
202211,190.0,40.0,32.0,13.078591202043606,12.907894591279954,765.613,-1.3633016539740135
202301,167.0,62.0,35.0,15.010145197025448,14.843526189768912,1454.776,-3.149395835963297
202303,61.0,8.0,17.0,12.17747767865006,12.161415179985752,226.905,15.21756684654106
202407,153.0,45.0,55.0,11.76783896437324,11.767846714178527,766.042,-4.3313241089672765
202402,136.0,55.0,29.0,13.692446477103855,13.12825200535233,1340.762,-2.2509296079931254
202303,87.0,14.0,31.0,13.884790321627063,13.073498710459633,2507.754,13.15293240647179
202210,98.0,21.0,46.0,13.276710609342526,12.497775374299673,1259.494,-6.271039005393656
202409,92.0,6.0,6.0,7.364547014255642,6.7912214627261855,21.63,-6.276933343152721
202308,2.0,0.0,0.0,10.722628413411364,0.6931471805599453,840.462,-6.2918148135823255
202402,215.0,19.0,65.0,14.27832528385397,12.85680802683308,1577.196,-0.5778139231780983
202306,481.0,104.0,37.0,12.850890555692834,12.75460726345478,1062.338,-6.2127869616952545
202408,111.0,28.0,61.0,11.847431484137898,11.834922003836665,1247.913,-1.9261143207481028
202311,71.0,14.0,11.0,10.24295529813714,10.204295601206814,172.721,-6.2918148135823255
202401,94.0,17.0,14.0,11.692969430020126,11.69297778232014,581.669,-6.2918148135823255
202306,321.0,122.0,91.0,13.438767008503147,12.518782640203426,2026.452,-2.1674488726918915
202405,167.0,60.0,57.0,13.15037535285796,12.629678870671535,1207.31,13.903332454424996
202301,350.0,158.0,60.0,13.443620448219061,13.398448464010446,1941.629,20.607095087914622
202212,84.0,27.0,22.0,12.631252141747437,12.452713949532429,381.112,-6.2918148135823255
202301,121.0,24.0,57.0,14.35982356765115,13.827904435577333,3451.818,-6.11447786699559
202301,95.0,15.0,29.0,14.333509988337598,12.32639467742815,2033.889,15.483328385828434
202408,388.0,112.0,157.0,14.693285384249933,13.074151645910456,6069.656,2.741621716003248
202403,30.0,11.0,13.0,12.342276090042246,12.342280453358105,894.827,-6.20711335129225
202409,104.0,19.0,20.0,11.482053801303142,11.443414602206099,450.966,2.743170283685025
202402,65.0,4.0,4.0,13.331325242293664,13.329047410999019,1401.055,-6.227817050640098
202408,37.0,12.0,9.0,12.408768561575279,12.274492686314275,1169.419,-6.276933343152721
202210,27.0,10.0,3.0,12.744692408639487,12.101989091986852,1455.113,-6.258381774551138
202210,13.0,0.0,1.0,14.531982586883121,13.147760132272232,4686.32,-4.2193046727611385
202310,14.0,3.0,1.0,12.187343342015886,11.595647656541429,10549.132,-6.276933343152721
202406,943.0,145.0,201.0,14.158418469702864,14.015465724769568,3761.402,81.23855796181233
202406,88.0,33.0,31.0,12.86531396406032,12.642144550231238,986.993,-3.341393525623576
202307,4.0,0.0,1.0,12.966069736408421,12.81717699450166,2317.04,-6.227889159480919
202303,81.0,34.0,8.0,10.339352533035376,10.313177058630728,97.116,-5.996362363483974
202403,326.0,105.0,53.0,13.420581747610997,13.416703237520176,1037.608,-0.3320715124624112
202307,35.0,11.0,18.0,10.887530386461101,8.893298144217916,175.099,-4.347155980963951
202309,259.0,32.0,18.0,10.100902955277606,8.290292591224315,194.081,-6.250263197204988
202401,175.0,4.0,11.0,12.776557719602039,11.186433261731356,252.67,-6.2918148135823255
202301,35.0,1.0,13.0,12.857280019550728,12.751073583495467,1221.249,-2.60771871543789
202212,112.0,24.0,28.0,13.269591292955747,13.168492862246543,1348.641,-6.258381774551138
202212,335.0,76.0,77.0,12.97155676660701,12.922719043941346,537.504,-0.3778600622730597
202406,341.0,75.0,160.0,12.618135937666565,12.615858406161674,927.264,-6.039817603102448
202404,14.0,0.0,6.0,13.187950723332838,12.792138386046554,381.133,-3.307960486592388
202212,39.0,5.0,8.0,14.817726844202648,14.534514063981943,2372.56,-3.341393525623576
202312,62.0,9.0,4.0,11.686273546965074,11.429119853111164,427.529,-6.2918148135823255
202403,176.0,5.0,14.0,13.017222837550051,12.997561769088799,1495.301,-6.163963505379513
202403,35.0,2.0,17.0,13.736973715905773,13.508346606770996,2811.847,-4.072852437360835
202306,25.0,13.0,11.0,12.67685097461848,12.669070541835906,1150.15,-6.2918148135823255
202212,71.0,14.0,11.0,10.43396873396056,10.376891643652485,183.271,-6.2918148135823255
202410,1.0,0.0,0.0,9.809945808127765,9.810000709442663,100.831,-5.319485397273138
202303,242.0,93.0,71.0,14.096690537550923,13.992620223082573,1846.946,2.894436407232133
202211,38.0,2.0,13.0,10.345220299814834,10.34525244536991,193.728,-6.163963505379513
202409,11.0,6.0,2.0,10.17705802304326,10.17709605525655,332.021,-6.194456120449732
202307,138.0,25.0,63.0,12.395460841378068,12.332692080517178,735.936,-6.276933343152721
202410,119.0,1.0,7.0,10.636288044972725,10.112288742134462,302.119,-2.934637171888246
202307,689.0,191.0,122.0,12.792038208788378,12.430794949957598,2722.429,63.689784062262795
202301,226.0,74.0,40.0,11.009075454940662,10.973065734619182,473.496,-2.8305867621847476
202405,335.0,152.0,84.0,13.507550945463102,13.044451564427865,1706.362,6.888483322731693
202207,219.0,41.0,15.0,11.731185109403146,11.569447565294555,516.103,1.3029192553388693
202303,221.0,6.0,11.0,14.91355902104594,11.831531911699868,1912.517,-4.211282151398518
202207,118.0,18.0,58.0,11.790867759401038,11.790784448473246,967.749,-6.2867327161806745
202306,155.0,37.0,41.0,13.384926083719396,12.930982508681918,1499.974,-4.347155980963951
202408,188.0,0.0,7.0,9.886951583896028,9.778321076243234,90.549,-6.2918148135823255
202301,264.0,71.0,74.0,13.951354399815951,13.553130993379737,1718.322,-3.1532866614913364
202406,20.0,9.0,1.0,12.16798129440745,11.995487407463337,1821.671,-5.122626337567269
202307,345.0,59.0,38.0,11.41705312718471,11.391221000552598,228.677,-4.296617231916073
202301,37.0,4.0,11.0,12.976416950467517,10.417537971057733,758.234,-6.226718030557788
202401,13.0,0.0,1.0,15.824422869991695,13.67069632423185,4318.752,-4.2193046727611385
202311,180.0,14.0,46.0,12.501283803152411,12.267609792045743,1000.177,-5.972137184479387
202309,109.0,19.0,14.0,11.039395625947934,9.953419921284338,297.135,-0.4221810371089276
202303,763.0,136.0,210.0,14.60079744313396,13.20304157541879,3772.475,38.14529331186209
202303,100.0,32.0,49.0,13.95679047806284,13.244230506231387,1663.086,0.20244577342257486
202406,98.0,29.0,35.0,13.069879901347269,12.73234731585041,1733.633,0.07898009596090105
202307,375.0,139.0,71.0,11.343547773732098,10.918138354023364,891.705,-1.1104901029334506
202210,68.0,18.0,45.0,11.66517433750789,11.665182925216303,569.793,-5.319485397273138
202401,168.0,62.0,35.0,15.243485105252603,15.091260992734183,5047.065,-3.149395835963297
202408,34.0,4.0,10.0,13.786856935923494,13.709341938100401,2553.865,-5.20629483214387
202306,164.0,73.0,33.0,10.843885359753516,10.68482874383199,203.565,-2.934637171888246
202404,212.0,40.0,17.0,12.551734669267585,12.36056469565539,395.234,1.3029192553388693
202307,152.0,34.0,30.0,11.499080058148175,11.499090197513755,519.743,4.951992948269529
202301,49.0,7.0,21.0,14.117216830003729,13.897226019650555,5795.029,1.740348252305619
202211,4.0,1.0,3.0,11.484289336933893,11.484299627381786,256.019,-6.2918148135823255
202404,74.0,11.0,21.0,11.62334814622032,11.623357100735857,149.489,-6.2918148135823255
202303,63.0,19.0,29.0,12.531288913609876,12.23729511165888,1317.091,-6.258381774551138
202210,264.0,20.0,57.0,11.418504889350736,11.41851587950905,813.168,-6.250263197204988
202212,498.0,13.0,18.0,12.522484293014484,12.068143023430444,1032.193,-5.099390700889879
202210,4.0,1.0,3.0,11.261845294962995,11.261858149011701,293.981,-6.2918148135823255
202301,24.0,9.0,12.0,12.186854147597215,12.04071439485465,955.784,-6.2918148135823255
202404,54.0,23.0,19.0,10.776035361462364,10.742746040739314,131.769,-6.2918148135823255
202303,36.0,24.0,8.0,10.967870649653577,10.967887896534048,550.717,-6.2918148135823255
202308,8.0,0.0,2.0,10.406986400915658,7.440733707389261,132.118,-6.275982941585651
202303,88.0,5.0,6.0,10.202220834799924,10.20225792197333,249.779,-6.2918148135823255
202303,107.0,12.0,8.0,9.825634113331263,9.435481925953065,293.294,-3.3646623698514615
202410,10.0,0.0,0.0,11.223361623100429,0.6931471805599453,192.648,-6.2918148135823255
202405,314.0,96.0,88.0,11.943661879981525,11.943668380262661,383.034,17.382996047448003
202211,126.0,28.0,58.0,13.333282109175958,13.14319292821441,832.343,-6.2867327161806745
202301,45.0,14.0,16.0,13.35883846753304,12.38263598892178,772.795,-4.283230326862545
202402,219.0,42.0,85.0,14.216273293896759,13.939023811186681,2267.57,4.864773966773923
202208,73.0,3.0,18.0,14.30438684790754,13.248096945870058,5272.653,-3.2135422174207635
202403,62.0,8.0,17.0,12.907542595559761,12.901492242195783,281.45,16.189896262850247
202212,82.0,19.0,37.0,12.570337215257172,12.524682728061553,417.233,-6.2918148135823255
202309,78.0,14.0,8.0,12.045698473219044,10.283121900609771,626.787,-6.237605966362469
202301,210.0,23.0,75.0,14.814207479210452,13.796876008199835,2584.24,-0.17381796524253623
202210,18.0,3.0,0.0,12.732840513716917,12.294522986714059,1456.851,-6.0682030417823185
202310,138.0,25.0,62.0,12.616259919973666,12.551224958199004,567.489,-6.261101471156047
202401,18.0,3.0,0.0,14.036570339737937,13.20584570127146,2346.186,-6.0682030417823185
202303,85.0,13.0,16.0,13.228775340097933,13.228777138204707,596.875,32.89616510643222
202210,73.0,12.0,6.0,11.750555577523064,11.508144052213199,487.107,-6.2918148135823255
202303,109.0,16.0,42.0,13.763921430348704,13.042308836327445,1927.594,-6.271039005393656
202407,265.0,49.0,65.0,13.908426054620442,13.370438342062034,4141.222,-1.0229307828288094
202301,181.0,122.0,26.0,14.136214119950628,14.018827657698509,1458.985,-5.999504516991357
202211,29.0,5.0,15.0,12.3040746536571,12.304079186882241,581.755,0.734585796965245
202207,489.0,137.0,88.0,9.44549154241467,9.385301574363845,1162.493,3.159282693807498
202208,40.0,9.0,10.0,13.179950921376992,13.063040033558348,1861.899,-5.260056291441973
202406,43.0,16.0,20.0,12.57476311307542,12.488669309182068,871.865,-6.258381774551138
202303,38.0,14.0,9.0,11.481011591724698,11.396470297306788,243.918,-6.271039005393656
202405,310.0,131.0,33.0,11.628920235967385,11.229182291527088,440.165,-3.8281594636664225
202401,104.0,15.0,49.0,14.162666943822558,12.964258222269342,2128.181,-5.319485397273138
202403,645.0,106.0,149.0,14.590166294394072,14.532607636345858,1590.772,-4.284828556397944
202207,14.0,9.0,0.0,10.099054336080103,10.099095453655817,3798.944,-6.227889159480919
202307,251.0,22.0,88.0,14.010473540836253,13.799654512658272,4499.051,41.19067926259531
202407,53.0,8.0,16.0,10.87210504458805,10.312247227593723,208.808,-6.237605966362469
202402,252.0,13.0,25.0,12.86092328575755,12.738772279209114,971.107,4.48851022810881
202312,247.0,97.0,60.0,9.268892258925797,9.268986567408916,466.23,-3.119074589653231
202405,46.0,25.0,8.0,12.717539063943414,10.873508606831251,511.322,-2.402497148345576
202307,356.0,49.0,37.0,14.702513766797354,14.676146497933399,3151.434,-6.057721343735703
202301,63.0,9.0,26.0,14.22395522278143,13.444732343070381,1646.215,0.5942486266800664
202405,49.0,7.0,25.0,12.967261578740251,12.536824983246412,878.217,-5.109886540578346
202409,93.0,37.0,5.0,11.543939518499398,11.540044399951023,422.564,-2.166228145703051
202408,192.0,13.0,13.0,12.205787604909956,11.807168467373705,1775.092,-6.227889159480919
202408,531.0,174.0,87.0,12.581339680439983,12.36904572188765,1579.171,-2.8203257914941924
202210,107.0,12.0,8.0,9.353661191420406,8.738414897167749,309.408,-3.3646623698514615
202303,48.0,11.0,18.0,13.298209010595945,12.570194790103956,762.012,-6.178624248453057
202401,110.0,22.0,22.0,13.639311420851508,13.300954652005418,1281.433,-6.256157534964052
202306,646.0,211.0,118.0,10.098478512430745,9.988012507605816,960.12,0.03655992425917365
202210,4.0,0.0,0.0,12.306650743637602,12.306655265199803,694.513,-6.036112197176701
202310,12.0,4.0,6.0,11.538895310331938,11.384989815502859,348.33,-6.2918148135823255
202404,341.0,74.0,161.0,12.85486555876647,12.853178505386333,892.017,-6.039817603102448
202403,76.0,9.0,7.0,12.849343947746297,12.48953959682749,1015.309,-6.2425499025544635
202309,406.0,114.0,204.0,14.33030111099935,13.9188024354648,5884.595,-5.778879866539942
202407,482.0,119.0,84.0,10.827627399353682,8.997270906233448,1657.574,81.60180558106921
202303,38.0,3.0,3.0,13.967440774386302,13.52383786690864,5512.182,-5.969246119114326
202309,7.0,2.0,1.0,12.80847968772048,12.731753383691915,639.986,-6.22494873551995
202404,153.0,34.0,31.0,11.801497141606843,11.801504634909703,435.09,4.951992948269529
202301,58.0,7.0,3.0,10.82037810448225,10.82039809228969,38.881,-6.275982941585651
202405,275.0,9.0,1.0,10.734743135213703,9.265775078864284,277.217,-6.256157534964052
202207,1.0,1.0,0.0,12.631317504855868,12.631320772899144,5000.573,-6.2918148135823255
202307,227.0,74.0,41.0,10.128988323424016,10.125270178210997,315.936,-2.8305867621847476
202311,12.0,4.0,6.0,11.749545795171562,11.60186082325361,319.58,-6.2918148135823255
202404,70.0,12.0,22.0,13.69770289700469,13.242245541681175,2772.196,-4.165908065898695
202312,9.0,0.0,0.0,15.107097457608651,14.556649488808,4127.467,-6.163963505379513
202408,558.0,85.0,176.0,14.577041357788055,14.197052440761086,6892.597,-3.261415272169434
202309,143.0,33.0,66.0,14.620855874286566,13.08458466406939,5037.286,-3.1547318682715044
202311,522.0,187.0,169.0,13.811780610350436,13.560433775181256,2650.99,22.66765500065197
202306,516.0,232.0,96.0,10.723575706537222,10.53297582498551,1883.781,20.656971435937876
202210,68.0,12.0,26.0,11.657467269927302,11.657475924077184,339.802,6.026219188993528
202207,161.0,36.0,55.0,12.48576664813477,12.458114586887032,535.99,-5.2860523582419505
202301,187.0,45.0,19.0,13.347319684683184,12.024011054942077,786.012,-3.2950690385566825
202303,222.0,42.0,49.0,12.502663665199202,12.100873228006458,618.283,1.238768548433999
202307,646.0,107.0,148.0,13.6932864252189,13.628266103569818,1736.098,-4.284828556397944
202301,15.0,1.0,6.0,12.181041975804927,11.488950344920513,1055.517,-6.2918148135823255
202404,296.0,30.0,113.0,13.918447940204153,13.759455417647152,2391.57,13.384995358681413
202408,106.0,12.0,21.0,12.811641925019659,12.747376066608082,1073.729,-6.158798841831459
202210,571.0,131.0,273.0,14.232843629040485,14.150800667577167,4432.116,19.131526467754497
202410,74.0,5.0,33.0,12.254724704925485,11.463819250862276,637.542,-6.2918148135823255
202410,13.0,1.0,1.0,11.650258372671328,8.534443544822764,345.557,-6.2918148135823255
202208,99.0,14.0,26.0,11.900620279192905,11.854903942953882,1467.194,-6.2918148135823255
202312,583.0,283.0,96.0,12.193341953051355,12.116312038322551,1003.812,29.348991490363325
202208,185.0,13.0,47.0,14.985767310649713,12.691103424470969,7175.399,-6.240325662967377
202207,56.0,18.0,10.0,12.827229609907398,12.781466165002298,1125.679,-6.1222737277925185
202407,16.0,6.0,4.0,13.28568388555208,13.003656415059101,2409.518,-6.258381774551138
202309,124.0,51.0,23.0,12.81024652578695,12.694008281001919,965.699,-4.347155980963951
202207,189.0,1.0,0.0,8.599694412927981,7.238496840894365,1.814,-6.250263197204988
202210,477.0,61.0,58.0,12.35793499483942,12.296621508232787,711.901,-4.718011657272621
202301,17.0,4.0,7.0,13.062326707710165,12.719859879396317,1857.763,-6.275982941585651
202211,419.0,17.0,23.0,11.163041694437393,10.807746188186444,843.461,6.568562294820367
202207,702.0,387.0,117.0,13.990189652060783,13.829303003383897,5742.586,42.26661034620328
202311,183.0,35.0,96.0,11.78660242202973,11.131430757500643,1616.523,16.664095550055492
202211,300.0,88.0,98.0,12.977963998724151,12.59360118417275,987.037,7.366944453122665
202303,25.0,2.0,3.0,12.957733987156,11.43373073099868,2005.388,-6.258381774551138
202301,97.0,17.0,45.0,13.355484189902151,13.255319604652954,1397.455,-5.319485397273138
202408,88.0,28.0,24.0,11.482785794057138,11.442127393661513,468.497,-6.2918148135823255
202303,266.0,60.0,66.0,9.958733026762106,9.736724334658026,365.128,-4.574499845833286
202401,71.0,13.0,11.0,12.193443229130033,12.193448292664733,668.447,8.108932412098886
202405,92.0,16.0,25.0,11.234824018075338,11.010001871100092,314.187,-6.152904504072394
202405,163.0,46.0,71.0,12.36321313712687,12.172826051736537,679.68,-5.2050209941238545
202403,102.0,12.0,42.0,14.640732821244052,14.53196353627273,4575.109,10.852479396135548
202309,14.0,0.0,5.0,9.769155839740836,9.69873632077599,25.264,-6.271039005393656
202409,215.0,26.0,22.0,9.307013259236443,9.307104040408491,114.631,-1.962307755579058
202309,174.0,26.0,33.0,11.154735087627833,10.7869037913362,293.152,-6.196823581602277
202303,557.0,69.0,97.0,12.988347295908559,12.836807043967564,2091.143,-5.007106295252184
202311,2.0,0.0,0.0,13.43705878212637,13.379619231517974,851.219,-6.2867327161806745
202310,381.0,6.0,20.0,11.713136054599923,11.241812037957988,621.947,-5.772818296284798
202303,542.0,92.0,172.0,13.260177336735378,12.956802177833472,970.175,25.578284785656017
202312,627.0,193.0,223.0,13.911812972613477,13.886516867789844,1684.157,26.38113924733682
202212,544.0,91.0,175.0,13.748164900503662,13.42460198751468,1155.945,27.52294361827439
202311,205.0,49.0,40.0,12.810678187938795,12.564928210186427,734.448,11.497075454428684
202311,202.0,6.0,26.0,11.714477590040962,11.272839192925707,386.193,-6.256157534964052
202303,104.0,14.0,60.0,14.229823739498013,14.102392560445415,3197.508,5.294384953705569
202303,192.0,54.0,66.0,11.652556964055423,11.454459137360308,782.059,-2.4380640509106932
202211,122.0,10.0,13.0,11.957040610606798,11.66772165069943,430.422,-6.2918148135823255
202408,1141.0,534.0,184.0,13.301407903928418,13.143339825307383,4533.227,30.69131686072498
202406,182.0,122.0,21.0,11.574735266536543,11.547008000267386,1029.222,-5.908260888973889
202303,259.0,57.0,144.0,11.918437238656205,11.918443904989555,764.136,-6.271039005393656
202210,17.0,1.0,1.0,7.049254841255837,6.846943139585379,89.407,-6.2918148135823255
202311,32.0,8.0,7.0,5.176149732573829,5.181783550292085,21.682,-6.2918148135823255
202404,30.0,8.0,10.0,10.841852838728594,10.841872401883348,93.958,-6.2918148135823255
202311,188.0,18.0,49.0,12.882808392192196,12.79056778820045,622.977,-6.256157534964052
202409,43.0,9.0,9.0,8.749256840105007,8.749415406663651,112.439,-3.325561653626901
202306,79.0,7.0,18.0,13.857471743360135,13.853068350770071,891.017,-6.00779446309766
202301,114.0,10.0,46.0,12.14851238625528,12.148517682486746,698.598,-6.227889159480919
202303,316.0,82.0,72.0,13.850526288711867,13.797715154845136,1469.136,58.793278658899546
202405,10.0,4.0,3.0,12.691629690869311,12.151104184932377,1146.51,-6.2918148135823255
202403,76.0,42.0,18.0,14.272161688039843,14.087401605871001,5086.649,-5.183611567707706
202301,110.0,20.0,40.0,12.511290071071015,12.028434106272599,612.525,-6.140109112020218
202403,41.0,8.0,21.0,13.358893724394575,13.047042670184613,811.241,-3.3748265646547635
202310,56.0,18.0,10.0,12.469374931456407,12.391618166429065,839.589,-6.1222737277925185
202309,1.0,0.0,0.0,11.998020888037434,0.6931471805599453,309.385,-6.2918148135823255
202301,316.0,23.0,102.0,16.307513635110666,14.603505993475867,10445.012,-1.0619548661165972
202404,9.0,0.0,2.0,10.947097923982511,10.947115532871479,443.316,-6.163963505379513
202207,186.0,0.0,1.0,13.21567519818228,12.516076229048636,4359.523,-6.19812621862171
202407,163.0,39.0,57.0,12.524940836203026,12.521357725407926,515.953,-6.258381774551138
202401,51.0,18.0,16.0,13.552761719557704,12.464363239241052,650.938,-6.2918148135823255
202404,86.0,28.0,27.0,13.046080426313171,12.648136442544894,1030.498,-5.303653525276463
202401,84.0,6.0,12.0,13.181678907439782,12.664632923672485,1737.424,-6.2867327161806745
202409,36.0,1.0,3.0,5.5093883366279774,5.5134287461649825,8.231,-6.276933343152721
202301,376.0,251.0,54.0,11.87806845359979,11.770037499053517,564.925,-3.325561653626901
202401,52.0,18.0,14.0,12.557387751164015,12.557391269967622,267.48,-5.319485397273138
202403,423.0,142.0,74.0,10.337604903217455,10.245728830477256,314.904,-0.1664290621073956
202301,255.0,50.0,93.0,14.337872976256467,14.203035024204976,2967.488,-5.1969984727612335
202210,149.0,55.0,23.0,10.05573642507379,10.024288252681833,344.921,4.3250920173408804
202207,766.0,150.0,330.0,13.581440024027783,13.563567503567938,3880.052,-6.12830622676124
202406,98.0,21.0,49.0,13.124177730469915,12.490853012102507,1659.722,-6.271039005393656
202303,94.0,15.0,28.0,13.411194289686845,12.053061316396342,1702.717,15.483328385828434
202401,27.0,6.0,12.0,13.67153279147759,13.481075045810925,2541.265,-3.359945094225159
202210,93.0,9.0,39.0,11.969457508515356,10.97361462912515,419.523,-6.2918148135823255
202312,32.0,12.0,12.0,13.777829458996585,13.596334127211176,3847.496,-6.161023081418544
202402,62.0,11.0,37.0,14.507426480837475,14.497823762371514,2338.748,0.5503917780086462
202306,367.0,74.0,70.0,11.49290641425619,11.473123783087292,485.584,8.973407295587013
202312,33.0,0.0,4.0,13.387486908514973,12.183990622383972,3743.544,-2.33857149424417
202402,173.0,35.0,27.0,13.635790414558489,13.289611904700763,1014.468,-5.092051156350646
202404,301.0,59.0,61.0,11.764119886050558,11.750177028622645,468.215,3.2472853305529483
202404,88.0,18.0,41.0,13.094190214720735,12.949960467793304,1359.882,-6.19812621862171
202402,45.0,17.0,13.0,10.221504824783981,10.221541203633324,287.421,-5.319485397273138
202308,143.0,28.0,15.0,11.47651041226818,11.435115263399407,690.362,-6.221240387862371
202211,2.0,0.0,0.0,12.26688077991891,12.056249256128673,1022.445,-6.163963505379513
202301,49.0,7.0,26.0,14.113872150791456,13.102330043497425,1178.511,-5.191561980229505
202303,204.0,18.0,46.0,14.696359794437129,11.814710126794795,1519.701,-4.26834885643294
202301,213.0,32.0,102.0,14.705680287585093,14.11790955329514,3363.914,19.454797308813383
202301,105.0,36.0,45.0,11.935667136743618,11.935673689200952,926.669,-5.099390700889879
202210,71.0,13.0,11.0,11.599653468480053,11.59966263770264,531.622,8.108932412098886
202406,104.0,28.0,34.0,13.857671176127983,13.457284411532806,4061.754,-4.971539392687067
202310,94.0,17.0,14.0,10.995192708456269,10.995209490499484,427.911,-6.2918148135823255
202401,300.0,47.0,59.0,13.052535157110695,12.606227009903087,607.981,-4.296617231916073
202408,410.0,115.0,63.0,10.98145485922695,10.981471873408271,834.105,2.098817624200281
202211,176.0,21.0,25.0,12.786756366367483,12.464780232494121,1314.921,-6.227889159480919
202210,63.0,11.0,37.0,13.96254771083123,13.957021404896524,2681.548,1.5227211943178336
202309,247.0,18.0,20.0,9.710327470561179,9.701126540404447,68.706,-6.250263197204988
202408,129.0,15.0,64.0,11.612662196757764,11.569749934167982,1021.28,6.356636056593318
202301,34.0,11.0,9.0,13.809234907196602,13.620400374162768,3110.434,-0.07645927210994241
202207,73.0,14.0,40.0,13.00357083236477,12.425830471740175,1242.38,-6.275982941585651
202408,36.0,24.0,8.0,10.882922083374908,10.882940859367924,874.606,-6.2918148135823255
202311,17.0,5.0,5.0,12.825600196216355,12.075183473450261,594.841,-4.347155980963951
202210,17.0,7.0,5.0,10.949928968875328,10.50457426724686,664.1,-6.163963505379513
202408,460.0,57.0,158.0,13.827721697598886,13.76860027570908,3931.955,-6.2867327161806745
202212,36.0,24.0,7.0,10.988710604085222,10.988727495263804,693.955,-6.2918148135823255
202409,122.0,0.0,9.0,8.648221453822641,8.648396877031582,93.079,-6.250263197204988
202301,179.0,8.0,35.0,10.402867928617377,10.40289827348682,418.227,-4.604992460903505
202207,175.0,34.0,46.0,11.154062414585958,10.329310689232171,635.12,-6.258381774551138
202406,904.0,393.0,172.0,11.971912382480758,11.515502142483678,1612.136,21.00997528848415
202212,343.0,59.0,36.0,12.301650971198365,12.205362393360806,196.918,-4.296617231916073
202404,482.0,120.0,84.0,12.148845994067974,10.900104028948183,1992.578,81.60180558106921
202408,231.0,8.0,13.0,9.718241724224926,9.643680016850327,181.744,-6.2918148135823255
202210,124.0,26.0,27.0,11.049587570271592,10.593028237501962,244.455,1.0334876178795147
202303,265.0,53.0,41.0,13.94188855092439,13.588389105280841,2849.203,20.03089373869583
202402,6.0,3.0,2.0,10.481784891417131,10.481812933648735,474.966,-6.2918148135823255
202408,536.0,160.0,189.0,12.83658349464207,12.834179845909642,2734.7,-4.053854132642224
202211,339.0,116.0,53.0,11.752430435291636,11.612653145960163,581.845,0.910225478562376
202211,265.0,48.0,63.0,13.98156976328368,13.350922637259458,2505.968,-1.0660806287415472
202312,14.0,6.0,2.0,13.221584082944554,13.095327170741452,1369.661,-6.079262043089438
202306,44.0,12.0,7.0,9.75655244441243,9.756610356675369,96.149,-5.943868808996254
202308,63.0,4.0,6.0,11.16896929343927,10.386870034471961,65.091,-6.186337543103582
202408,137.0,53.0,58.0,13.61014798394515,13.555607063317712,5191.629,-4.1700397617332765
202210,45.0,7.0,36.0,10.616437360392252,10.616461869895815,208.402,-6.2918148135823255
202309,65.0,3.0,7.0,12.269967209371744,0.6931471805599453,371.069,-6.250263197204988
202407,167.0,60.0,57.0,12.767016123124057,12.192059924331623,1467.448,13.903332454424996
202408,66.0,10.0,22.0,13.324067538656697,12.941860166417158,1758.951,-5.265138388843624
202404,418.0,68.0,153.0,13.575336558312644,13.401448602630591,1640.447,-5.214820367151807
202408,1.0,0.0,0.0,4.68213122712422,4.6913478822291435,107.23,-6.227889159480919
202208,27.0,11.0,2.0,12.866502917275504,12.70628413817634,2510.747,-5.04596088647694
202408,300.0,47.0,59.0,11.565859412749665,11.376796415640765,739.618,-4.296617231916073
202207,150.0,55.0,23.0,10.17041829781828,10.141913727381494,415.741,4.3250920173408804
202303,1.0,1.0,0.0,13.154820886952864,13.154822823078154,1964.164,-6.2918148135823255
202410,265.0,23.0,48.0,12.461826648742662,12.22580174071117,542.805,-4.085509668203354
202307,192.0,54.0,66.0,11.390509212522387,11.230443183476446,1026.529,-2.4380640509106932
202306,454.0,130.0,71.0,11.006307642644416,10.930120371412073,674.081,0.5145814766351418
202403,169.0,16.0,73.0,13.785828368110792,13.62944359588856,1900.88,-6.163963505379513
202403,17.0,5.0,5.0,12.972070579704273,12.090835740729869,672.611,-4.347155980963951
202208,32.0,7.0,13.0,10.066371415437608,9.962652285704099,262.929,-1.1942411636564554
202211,187.0,0.0,6.0,10.196754003281809,9.884202791124261,58.157,-6.2918148135823255
202407,81.0,15.0,33.0,11.834284063781393,11.834291315386718,654.722,-5.139428754081495
202303,138.0,5.0,44.0,12.167882601055407,11.468754117624824,341.098,-6.123224129359589
202402,88.0,32.0,19.0,11.044185037549019,11.044201017222873,516.992,1.8350592788815394
202308,71.0,6.0,11.0,10.216179260491938,10.02260303342629,120.425,-6.2918148135823255
202402,263.0,43.0,106.0,13.36929532775297,13.111132547061512,1378.312,11.697191721435113
202301,571.0,131.0,273.0,14.636340058626415,14.443503561242624,5056.542,19.131526467754497
202312,225.0,86.0,76.0,14.035982543823316,13.738926445781502,1928.253,10.257255902989138
202308,158.0,14.0,27.0,12.853147091362587,11.295763985333567,856.461,-6.235381726775383
202309,32.0,4.0,15.0,12.488492144903201,11.881899464495978,767.052,-4.042359822290617
202301,52.0,15.0,16.0,13.071985453411122,12.07318104819299,713.828,-6.2918148135823255
202306,67.0,20.0,10.0,10.044205559475007,10.018956802342242,62.483,-6.271039005393656
202301,473.0,182.0,90.0,12.277467297099491,12.263954686377824,1230.769,11.848983662786301
202404,229.0,14.0,92.0,12.511407978219273,12.400960744872751,812.84,7.807344037147072
202309,18.0,1.0,0.0,9.241257474610904,5.521460917862246,529.258,-6.271039005393656
202303,50.0,9.0,29.0,12.359977580879017,12.330606178556733,242.791,-5.319485397273138
202406,28.0,3.0,7.0,13.873497350825783,13.49400003461316,3274.34,-5.892429016977214
202402,109.0,12.0,34.0,13.70569345981172,12.912691178587576,1519.6,10.132691126652565
202308,82.0,14.0,19.0,12.843498320579226,11.698782431498422,1346.289,-6.2918148135823255
202402,168.0,62.0,35.0,15.064735560948328,14.908132942924166,4608.701,-3.149395835963297
202211,262.0,102.0,49.0,11.245725527459099,11.189312196300184,349.04,-3.9969992266279197
202207,430.0,7.0,31.0,9.510741216835738,9.412791300065303,214.695,-6.271039005393656
202211,120.0,16.0,39.0,13.031004381382315,12.804936618768988,661.458,-5.319485397273138
202402,203.0,8.0,16.0,11.38876715034044,10.857131870951632,323.738,-6.275982941585651
202301,127.0,26.0,26.0,12.009881347017314,11.729624293600416,374.459,-6.201948687744196
202403,130.0,38.0,45.0,13.052698137070953,12.309296880965427,756.202,-3.1212988292403168
202410,89.0,12.0,9.0,11.523677454607132,11.392778387166894,168.874,-6.256157534964052
202301,47.0,18.0,8.0,13.402760982429294,12.138371796165913,781.908,-4.216292139959348
202303,260.0,27.0,37.0,12.01827210648796,11.858067155895288,498.848,-4.2266590788459455
202308,19.0,1.0,1.0,13.410398387566268,11.504036071124311,6919.431,-5.319485397273138
202409,16.0,2.0,1.0,9.876886870738948,6.4457198193855785,107.51,-6.2918148135823255
202409,23.0,2.0,5.0,9.541297427909285,9.54136924893133,66.279,-6.271039005393656
202303,4.0,0.0,0.0,13.512580828569998,11.276671344505923,4855.429,-6.275982941585651
202310,481.0,111.0,133.0,13.921408129381835,13.749661311534823,5586.245,62.39706832412114
202407,93.0,9.0,24.0,14.072564594247597,13.07665236776915,3301.782,-4.347155980963951
202303,92.0,34.0,13.0,11.721207123433715,11.542940473813326,210.817,-1.3662420779349826
202212,114.0,4.0,13.0,10.55045989597546,10.550486077070094,123.86,-6.2918148135823255
202308,69.0,5.0,2.0,10.381366341153338,9.694616660508636,165.915,-6.2918148135823255
202211,216.0,97.0,47.0,12.618814546775708,12.595906215243469,609.389,-0.9199376200533393
202309,137.0,32.0,32.0,11.09486132128555,10.55268284556689,208.727,-5.2860523582419505
202404,40.0,6.0,18.0,13.271121256471254,12.862156384352696,722.111,-0.14038492621134857
202301,80.0,12.0,35.0,14.342273702055888,13.98850205816187,1526.853,10.271290411545868
202306,114.0,29.0,24.0,12.20600264308006,12.201903968657954,642.993,-3.3747544558139424
202403,624.0,240.0,144.0,14.068969130368833,13.695656629488795,3414.851,26.477386508550794
202402,189.0,1.0,0.0,9.93663215112843,9.936680519891892,1.947,-6.250263197204988
202403,419.0,13.0,40.0,11.438665173524205,11.406953651396787,1046.044,3.9823106763028644
202208,180.0,21.0,61.0,13.891322791325221,13.120858245261024,2827.432,-3.256692063333501
202404,236.0,85.0,41.0,11.78445528937704,11.754623806532171,533.05,-5.914105868137046
202307,50.0,27.0,13.0,10.113140513667839,9.704914655156124,394.256,-6.276933343152721
202403,2.0,0.0,0.0,13.787639750258007,13.787640778520311,624.48,-6.163963505379513
202211,36.0,12.0,11.0,13.632569209138914,13.24062452097113,2209.73,-6.084935653492442
202207,83.0,34.0,25.0,13.578744642125866,12.990172799771216,3245.599,-6.073381195167499
202311,374.0,110.0,74.0,9.843153513496429,9.843206621651198,680.317,2.634311467564011
202405,419.0,13.0,40.0,10.648942512719419,10.638807814487269,744.486,3.9823106763028644
202407,49.0,21.0,21.0,13.434220855547318,13.384799946950052,3184.403,-6.158082657457575
202308,9.0,3.0,4.0,12.059363376268513,9.0918946167697,349.948,-6.271039005393656
202401,114.0,4.0,13.0,10.57321256315158,10.573238155289678,112.147,-6.2918148135823255
202403,43.0,0.0,0.0,14.452252981789865,0.6931471805599453,6981.574,-6.2918148135823255
202406,163.0,7.0,41.0,12.877975760420624,12.794059290434959,1564.393,-0.3455981521650031
202212,130.0,36.0,12.0,11.23617014420737,11.236183332556783,180.474,-5.255559743171732
202410,2.0,0.0,0.0,10.33237617558788,0.6931471805599453,0.165,-6.2918148135823255
202303,110.0,49.0,40.0,13.039903083055057,13.039259990627468,585.477,-6.2918148135823255
202303,90.0,22.0,15.0,12.534069784035683,12.37592089978616,377.962,-2.3690641093143885
202303,171.0,47.0,29.0,11.053236456651618,10.72961284769053,520.38,-0.31870727886120864
202307,187.0,73.0,56.0,12.666609733127869,12.544439514772389,925.925,-5.319485397273138
202409,13.0,2.0,2.0,9.8085173149449,9.808572294739841,67.771,-2.402497148345576
202312,371.0,249.0,54.0,11.451475502654006,11.261819586369898,392.186,-3.325561653626901
202309,36.0,7.0,12.0,9.934210725178968,8.684231891345675,454.557,-6.163963505379513
202207,108.0,13.0,22.0,12.776662285603772,12.775361498161283,550.388,9.329381501466077
202403,259.0,53.0,97.0,14.048438881873185,13.958330428802453,2301.783,-5.1969984727612335
202211,172.0,46.0,46.0,11.388336823625233,11.300808397921598,284.825,-4.375180957638697
202405,41.0,11.0,10.0,12.380714790980258,12.136947622454443,1116.404,-5.260056291441973
202210,28.0,2.0,3.0,14.928036599868767,10.471638242921388,13880.706,-6.2918148135823255
202303,1.0,0.0,0.0,14.304655443888064,14.304656057038361,7623.796,-6.227889159480919
202210,295.0,43.0,68.0,11.734948388615734,11.73495639755371,489.607,-6.2918148135823255
202406,436.0,238.0,96.0,11.932983575381293,11.899778436866411,932.149,-3.303245858364916
202207,57.0,10.0,20.0,13.238099875886926,11.823178388472382,2792.624,-6.276933343152721
202407,2.0,0.0,0.0,12.815174953762268,12.693526259326173,0.0,-6.227889159480919
202308,166.0,56.0,30.0,10.100779820259904,8.251663923605589,860.027,-4.725504224567084
202306,5.0,1.0,0.0,14.387639161645103,14.387639725967883,3527.817,-6.100037851278107
202210,94.0,36.0,37.0,11.324883578241367,11.223802354722043,634.786,-1.8471271680558905
202406,56.0,5.0,23.0,13.677971143942212,13.261500776967132,2205.042,3.8436437656013194
202308,99.0,28.0,23.0,12.398686883809555,12.398691007801496,577.916,-6.227889159480919
202303,302.0,58.0,61.0,11.23421634820631,11.222372609093426,588.355,3.2472853305529483
202409,5.0,0.0,1.0,12.324224502052667,0.6931471805599453,102.05,-6.276933343152721
202409,108.0,51.0,24.0,5.308267697401205,5.313205979041787,409.307,-5.12770843496892
202403,253.0,90.0,36.0,14.371703351275215,13.019171619401678,1452.252,-1.6575115969057244
202404,72.0,15.0,20.0,11.421204835016438,11.416513678620158,424.352,-6.222586334723208
202303,230.0,19.0,31.0,12.602412915305779,11.987114074955274,306.147,-6.271039005393656
202310,82.0,9.0,6.0,12.725059872616795,12.285027068929448,863.022,-6.271039005393656
202312,223.0,42.0,146.0,11.777464286450805,11.777471962019852,667.072,-6.250125035995331
202403,36.0,24.0,8.0,11.061217445687326,11.061233155495746,574.701,-6.2918148135823255
202307,503.0,192.0,119.0,13.951813481346768,13.556025843610042,2412.962,11.364541954847182
202306,8.0,0.0,2.0,10.533215585226419,10.533242221705077,938.022,-6.163963505379513
202210,110.0,21.0,37.0,13.19877982583232,12.721897751034426,2175.766,-6.2918148135823255
202401,192.0,39.0,70.0,15.177705087014699,15.061229633535103,2708.903,15.199551434152157
202303,375.0,124.0,144.0,13.472976586092456,13.150834209380022,1067.963,9.427032952002968
202210,487.0,189.0,111.0,12.554229916870634,12.403984538995218,1006.556,6.589566640271851
202301,167.0,62.0,35.0,15.264462531797015,15.121060590332114,1581.558,-3.149395835963297
202212,35.0,11.0,18.0,12.059658627074638,11.475348200614862,161.379,-4.347155980963951
202404,50.0,6.0,23.0,13.77807449138154,13.063721039564156,1858.097,-6.179574650020127
202404,53.0,10.0,35.0,13.121565058832838,12.96801567817002,574.967,-6.258381774551138
202301,277.0,57.0,33.0,13.76651987369203,13.690467607786827,623.737,-5.205668822092183
202307,194.0,46.0,23.0,8.570923513837204,8.528133131454572,182.669,-3.3057362470053024
202301,503.0,170.0,264.0,15.26085960331088,14.919600152103238,9196.378,-4.777110945824491
202407,12.0,0.0,0.0,13.921462998400058,0.6931471805599453,5458.449,-6.2918148135823255
202303,181.0,121.0,20.0,11.990177759051875,11.366546176173244,920.597,-5.972186543075295
202303,16.0,2.0,4.0,12.055104396394215,11.557592856465387,593.037,-4.246856863870388
202405,86.0,20.0,39.0,13.642149535405698,13.371584727836392,2277.603,1.6866200005580119
202210,340.0,169.0,36.0,12.509257673747932,12.329417960765497,1315.969,-5.201350895951876
202408,119.0,24.0,33.0,13.77824577074015,13.130309721418502,3207.585,1.3204483923251482
202405,168.0,62.0,35.0,14.348166751360681,14.264776260157346,4439.61,-3.149395835963297
202402,62.0,10.0,11.0,12.974716833088115,12.485377224571236,638.96,-3.055148935551825
202212,177.0,8.0,8.0,14.27802307375143,12.351129242105351,936.341,7.320797014746297
202403,81.0,7.0,18.0,13.027241379892606,13.027243579476224,680.64,-6.00779446309766
202210,483.0,11.0,19.0,9.646270020888167,9.502338118495565,101.448,-6.241276064534448
202312,83.0,14.0,33.0,13.966179755888877,13.780874598746344,3059.34,2.9364608091749673
202208,46.0,18.0,2.0,8.934982049213234,8.935113740791747,174.784,-6.227889159480919
202301,67.0,6.0,30.0,13.566238613820369,12.962049074753445,2520.158,-6.271039005393656
202207,195.0,63.0,53.0,12.04332427794879,11.855919247153082,742.149,0.38078647207735816
202303,43.0,15.0,21.0,12.67107315501853,12.596346278619697,790.324,-6.258381774551138
202401,174.0,66.0,91.0,14.079802962374654,14.059727301613963,2580.161,3.5161808117996234
202410,76.0,15.0,14.0,10.686635387740004,10.669048413605118,222.237,-6.276933343152721
202207,169.0,30.0,109.0,14.27146597148395,13.333999370015206,3412.561,-0.9899783392698707
202301,101.0,10.0,50.0,13.450302164635874,13.446298783922405,1186.82,19.779825831770104
202309,8.0,0.0,2.0,11.705881936718022,8.602820277383675,1694.848,-6.2918148135823255
202303,235.0,36.0,99.0,14.262359422774768,13.966323387648256,2789.076,21.567585947895616
202308,104.0,23.0,16.0,9.622118842140939,9.522812613235182,182.32,-6.258381774551138
202409,294.0,5.0,16.0,11.643120046628056,11.635682775051302,419.544,5.887642132130988
202402,143.0,69.0,28.0,12.823329111949636,12.823331809057661,1228.563,0.255875587835515
202403,207.0,13.0,85.0,15.641088192058094,14.349789783160784,6703.775,1.1906070617284366
202310,333.0,76.0,76.0,13.593567535726566,13.345665316174584,2099.648,7.535137108019555
202211,249.0,13.0,65.0,12.095213707884097,12.07941471927739,432.173,-6.2918148135823255
202312,171.0,8.0,42.0,11.737364177201327,11.737372166814831,263.898,-6.2918148135823255
202301,84.0,7.0,10.0,13.207261356073463,12.360376170818826,1675.781,-6.2867327161806745
202404,29.0,5.0,15.0,12.195981904820004,12.195986955516368,628.211,0.734585796965245
202404,46.0,10.0,7.0,13.464408627327028,11.753468758964308,1720.491,-5.304603926843534
202406,105.0,14.0,59.0,13.682082017193176,13.543364507439144,3729.434,6.266714370014755
202301,24.0,5.0,7.0,12.132905000361195,12.052023627201876,639.781,-6.227889159480919
202212,344.0,30.0,113.0,13.83939113362481,13.798075445890914,1156.572,-3.184647831885944
202307,682.0,215.0,208.0,14.37616295129577,14.078431590484586,5247.342,11.924607616352679
202303,205.0,71.0,40.0,12.863975994649541,12.801915659615057,1057.698,-6.235381726775383
202407,208.0,13.0,85.0,15.039539486865005,13.810101957820489,8863.836,1.1906070617284366
202407,239.0,10.0,75.0,13.919088285399138,12.368344544518425,3524.909,-4.375180957638697
202303,106.0,36.0,46.0,11.50459082818017,11.504600911823996,600.381,-5.099390700889879
202410,122.0,14.0,12.0,6.892641641172089,6.893656354602635,91.914,-0.895987170710514
202404,22.0,5.0,14.0,12.07689177564291,11.858831633221174,467.042,-6.2918148135823255
202311,70.0,18.0,45.0,12.51501583998099,12.262892390917324,1123.501,-6.2918148135823255
202303,156.0,73.0,35.0,12.804961343058817,12.72050874368236,707.528,-1.2478148192094247
202306,488.0,185.0,114.0,11.796358523132595,11.584427186658939,1078.873,7.561896056581039
202210,289.0,77.0,113.0,13.524965725054553,12.95294541006165,1487.919,-5.216507096043242
202310,168.0,16.0,72.0,13.275988776438641,13.161611013272113,1885.548,-6.163963505379513
202303,100.0,22.0,21.0,11.982210085791348,11.8161732605261,356.316,-6.227889159480919
202303,62.0,9.0,4.0,12.016448489545876,11.668072790837929,353.496,-6.2918148135823255
202308,7.0,0.0,0.0,13.03985964388943,11.045510482285986,1479.057,-6.276933343152721
202405,55.0,15.0,19.0,11.92806363777408,11.922316191080865,559.602,-6.160479637513261
202401,73.0,23.0,39.0,12.354815874268134,12.354820183210697,569.129,-6.271039005393656
202310,344.0,30.0,113.0,13.194350960263582,13.192544076478018,1025.657,-3.184647831885944
202210,82.0,9.0,23.0,11.12558510672061,10.725093908749692,191.436,-6.271039005393656
202301,1108.0,389.0,203.0,13.98727828516966,13.422764222263885,3603.85,56.34459515546639
202307,68.0,18.0,45.0,11.658885550413762,11.658894192298385,715.381,-5.319485397273138
202207,101.0,10.0,50.0,12.74379917352208,12.743802093890922,862.586,19.779825831770104
202303,138.0,54.0,58.0,13.570612074847036,13.5608260286956,2774.566,-4.1700397617332765
202312,67.0,7.0,20.0,14.986663329010888,13.785519282219544,2605.465,6.412393252538516
202207,556.0,235.0,161.0,13.648733162291906,13.423159582487356,7908.591,16.622141613227726
202306,114.0,4.0,13.0,10.061174828371723,10.061217533302013,121.252,-6.2918148135823255
202405,82.0,10.0,22.0,11.174525371226087,10.912758479179157,156.713,-6.271039005393656
202405,6.0,3.0,2.0,10.195186546345843,10.19522389531595,327.818,-6.2918148135823255
202404,18.0,7.0,5.0,11.204605216248426,10.550564616241545,617.958,-6.163963505379513
202207,7.0,1.0,3.0,14.936437349206484,14.874677334880458,3389.616,-6.227889159480919
202211,563.0,247.0,213.0,14.130507411870871,13.97106025870524,2853.75,-0.0641371561697408
202208,163.0,46.0,69.0,13.378622891900367,12.493617208527963,1112.652,-5.2050209941238545
202303,112.0,28.0,30.0,12.765053946507026,12.529104969784685,851.366,-6.258381774551138
202401,345.0,30.0,113.0,14.041252330975265,14.036295329543588,1170.223,-3.184647831885944
202208,421.0,188.0,95.0,13.29511091586401,13.28302027439507,1319.294,-2.7072522895616618
202208,279.0,26.0,27.0,12.282102697875137,12.278858315255821,971.584,-5.947218290822283
202208,203.0,7.0,26.0,12.277132046939204,11.242795122431682,506.726,-6.256157534964052
202303,34.0,5.0,13.0,12.915243262407964,12.3505971419628,918.301,-4.313722941932763
202308,394.0,160.0,104.0,13.059108298968374,13.04379841066696,3929.315,27.430349454692696
202405,258.0,64.0,78.0,13.48320064683511,13.392309595312977,1290.544,-3.1532866614913364
202207,264.0,54.0,41.0,13.57176881297486,13.503222902468274,4021.579,20.03089373869583
202306,28.0,3.0,6.0,14.005867246451112,13.6391396608237,3311.019,-5.828503362875808
202301,13.0,5.0,0.0,12.800865266861855,12.135591166616763,1019.657,-6.258381774551138
202301,268.0,45.0,36.0,12.43125411886995,11.969343476206078,649.71,-4.221715142653951
202311,53.0,8.0,16.0,11.929330513116728,10.69559732562212,185.246,-6.237605966362469
202409,18.0,3.0,3.0,6.8885724595653635,5.10594547390058,46.066,-4.347155980963951
202408,262.0,110.0,113.0,11.910123158659966,11.89762308044933,1478.458,0.36590500164775364
202309,420.0,26.0,31.0,11.656766034945901,11.642601936926496,686.067,12.5919052850869
202307,367.0,71.0,105.0,9.949846191514146,9.930859499331978,332.539,1.2817470255865828
202312,67.0,32.0,6.0,12.541093829884073,12.534800687417956,246.229,-6.100037851278107
202308,154.0,9.0,5.0,8.27308133366583,8.273336598504486,24.144,-5.319485397273138
202407,43.0,9.0,19.0,12.032016833153252,11.971242319115738,2916.173,-3.2950690385566825
202303,46.0,17.0,20.0,12.75722125933439,12.677425364345204,1667.837,-4.1062854763920225
202303,758.0,249.0,132.0,14.092780107768714,13.765781302987067,2602.322,22.59851849060356
202301,85.0,20.0,39.0,14.472273797924263,14.057800050415262,2818.223,1.6866200005580119
202310,187.0,33.0,99.0,13.994116052075285,13.898530061351023,4245.001,-5.623970452537256
202301,85.0,27.0,22.0,12.832339899333828,12.734421830905747,541.385,-6.2918148135823255
202404,243.0,93.0,71.0,14.306475456746448,14.067209690014973,2154.379,2.830510753130728
202407,392.0,129.0,126.0,14.013392915076219,13.971802942703393,3736.779,2.5677199985905794
202408,116.0,24.0,29.0,12.554621663376835,12.420784751899777,1815.186,-6.258381774551138
202303,146.0,0.0,10.0,8.256866848974312,8.238536930171769,65.139,-6.256157534964052
202303,30.0,14.0,10.0,11.624395280792232,11.624404225936138,229.881,-2.182402451962317
202210,53.0,10.0,35.0,12.547312072450136,12.46372969457621,516.048,-6.258381774551138
202306,212.0,32.0,101.0,13.82628035494354,13.433840098421827,2962.805,21.399456141431756
202306,21.0,5.0,7.0,12.81312257661314,12.492971911669025,1258.752,-5.158201050039138
202210,1.0,0.0,0.0,15.54366973244936,15.543669910060405,7938.075,-6.0717201171990665
202404,201.0,88.0,30.0,9.469622969906265,9.469700127423375,221.942,-5.2860523582419505
202408,217.0,58.0,63.0,11.432712742845053,11.352181430003084,891.586,-5.047950908870839
202303,728.0,257.0,164.0,15.654252367756762,13.416347052983015,6045.62,-0.12878104364854792
202403,314.0,86.0,57.0,11.728633440781817,11.728641500455641,432.576,-1.287434953403972
202301,161.0,14.0,34.0,12.571857468231238,12.48043388837411,638.466,0.5144911005819859
202308,80.0,14.0,16.0,11.779005892864248,10.02189261691475,621.588,-6.27185124575107
202401,81.0,13.0,35.0,14.242943920560565,13.954284186030742,1662.02,10.271290411545868
202210,51.0,5.0,12.0,11.824943989033613,11.361893251003275,751.02,-6.2918148135823255
202407,338.0,115.0,55.0,11.41612817997289,11.410959182380418,751.06,0.910225478562376
202212,120.0,16.0,40.0,13.25390028236,13.014637845075761,923.449,-5.319485397273138
202409,18.0,2.0,0.0,8.42639282708974,8.426611813185,14.506,-6.2918148135823255
202311,40.0,6.0,20.0,12.726311822446588,12.363533554783341,725.031,-0.3939126616257953
202311,325.0,77.0,57.0,12.957972107936229,12.949261587637062,610.509,-6.164693179590523
202401,117.0,44.0,19.0,14.187064459177732,12.923805115848431,2166.524,-3.244034832490982
202212,49.0,17.0,21.0,13.924234012598706,12.927418480448798,1051.773,-4.292947133744094
202306,32.0,8.0,7.0,4.0943445622221,4.110873864173311,20.502,-6.2918148135823255
202311,29.0,9.0,15.0,12.69711282185241,12.410599985478411,670.085,-6.258381774551138
202409,91.0,12.0,12.0,4.663439094112067,4.672828834461906,85.616,-6.2918148135823255
202208,404.0,35.0,167.0,13.482960818283487,13.444603386064323,4599.75,-6.165341007558852
202406,158.0,39.0,63.0,12.796500264485603,12.644388864905734,1423.135,-6.276933343152721
202309,31.0,11.0,7.0,9.081028635495842,6.023447592961033,275.945,-6.2918148135823255
202303,134.0,44.0,40.0,12.876230075307253,11.888817570736027,466.416,-4.283230326862545
202402,57.0,10.0,20.0,13.30289166057719,12.132205413626961,2257.714,-6.276933343152721
202311,110.0,23.0,47.0,11.397783937457296,11.397795157716597,432.717,-2.7145424755049867
202212,107.0,21.0,14.0,11.27731704901094,11.27732970571678,143.959,-6.2918148135823255
202406,375.0,71.0,157.0,14.734246298367514,14.623922049298978,5522.068,-3.261415272169434
202301,131.0,22.0,42.0,15.517507232157557,14.60074089891591,7072.243,9.46017323362986
202210,215.0,43.0,73.0,11.862941286084004,11.776389124881021,657.435,-6.221774094365794
202406,36.0,5.0,15.0,12.268493300571738,12.128051642833219,1027.485,-4.313722941932763
202210,99.0,14.0,26.0,11.96328107996657,11.922302909898308,1086.121,-6.2918148135823255
202210,420.0,187.0,96.0,12.346473514183243,12.291020227692874,754.641,-2.7072522895616618
202208,105.0,26.0,17.0,11.196034262467789,10.122984462930141,267.345,-3.359945094225159
202212,141.0,16.0,43.0,12.807688248368734,12.573721653554088,1465.135,-0.5883429704170613
202406,131.0,37.0,12.0,9.756031083068253,9.756089025531404,131.9,-5.255559743171732
202303,325.0,125.0,93.0,12.85197097348951,12.211259172217474,1737.481,-2.3875435690751505
202211,55.0,16.0,2.0,10.262175469085363,10.262210398092162,184.333,2.492582972231549
202410,2.0,0.0,0.0,11.512735446917942,0.6931471805599453,170.935,-6.2918148135823255
202402,153.0,5.0,35.0,11.965534939220483,11.965541298864725,405.222,-6.2918148135823255
202401,71.0,7.0,47.0,12.815128726391578,12.815131445707832,834.433,4.403808765818736
202208,261.0,64.0,93.0,13.67298800861768,13.024203541183203,3185.823,-4.347155980963951
202210,132.0,26.0,28.0,9.549523217290366,9.549594449971952,101.954,-5.298709589084469
202310,66.0,20.0,23.0,14.445561376974423,14.14515093908678,8238.309,-5.158201050039138
202303,6.0,1.0,2.0,12.495737750472696,12.495741493036688,1357.854,-6.148131633382839
202405,104.0,28.0,34.0,13.881713006506516,13.499317893706387,3324.002,-4.971539392687067
202310,374.0,110.0,74.0,8.885302512980633,8.885440911707585,587.641,2.634311467564011
202207,225.0,77.0,38.0,10.345156005604505,10.345188153226388,400.792,2.7850645382767176
202207,200.0,62.0,71.0,13.065337895904955,12.920621664162894,2966.294,9.597790707310129
202310,45.0,1.0,10.0,12.299704144410486,12.299708697491441,458.618,-2.3275124929370503
202409,119.0,22.0,14.0,11.349464915817192,10.215410916235928,219.079,-2.3866652763489014
202410,43.0,8.0,6.0,7.291656209174461,7.292337176173877,19.586,-6.271039005393656
202308,110.0,19.0,22.0,11.684800984735674,11.650022991374335,442.646,2.743170283685025
202207,102.0,22.0,21.0,11.588209174245527,11.358888112054567,471.831,-6.227889159480919
202303,45.0,7.0,36.0,10.709494558505451,10.709516890152745,177.566,-6.2918148135823255
202401,286.0,50.0,146.0,14.301903520349649,14.141588243652617,3525.144,-5.271170887812346
202406,91.0,34.0,12.0,10.888333726905788,10.888352401565209,239.067,-1.3662420779349826
202404,233.0,46.0,73.0,12.838585672978262,12.826315744354046,655.203,-6.101636080813506
202303,75.0,14.0,16.0,12.018772717183136,11.947904066850159,634.753,-6.036112197176701
202408,622.0,240.0,145.0,13.604247404418274,13.396802143104246,5643.707,25.26913052386167
202311,91.0,38.0,17.0,12.204957023455222,11.224803295690043,561.992,-6.023405607738274
202308,234.0,8.0,14.0,13.888787971013539,11.255513915536694,4033.597,-6.256157534964052
202310,50.0,18.0,19.0,14.714628274081269,14.43270444943538,4776.064,-3.1042424778195348
202401,303.0,72.0,99.0,14.915649347603374,14.471260601644568,4015.774,23.099900336261015
202301,257.0,41.0,16.0,13.592108223168507,13.017942420223168,2678.457,-6.256157534964052
202210,1170.0,546.0,184.0,13.181477211496674,13.13467724952561,3079.557,34.580634525961734
202403,97.0,26.0,36.0,12.979464820994522,12.584420036190135,521.965,-4.265408432471971
202408,191.0,48.0,30.0,9.9281801651265,9.845381631129095,307.327,-2.2694811765947094
202409,463.0,118.0,83.0,10.91637854079876,10.63979000341,1199.038,2.9215603409357147
202308,216.0,10.0,28.0,12.250180435905877,10.377607697293703,1068.101,-6.250263197204988
202407,169.0,16.0,73.0,13.273251025042073,13.161714851238829,2554.583,-6.163963505379513
202310,110.0,22.0,33.0,12.439558530062504,12.439562488898527,529.568,-6.235381726775383
202310,544.0,168.0,88.0,12.750264377647651,12.2100298056343,1168.347,36.01560806221079
202309,226.0,59.0,70.0,12.230296855754355,12.204921983772778,658.114,41.13981483253222
202207,391.0,69.0,80.0,12.587473860029426,12.413033967989671,1793.359,-1.8771256978167346
202306,17.0,7.0,9.0,10.432113800927626,10.107855948524003,277.984,-6.2918148135823255
202409,106.0,0.0,0.0,12.339672160834294,0.6931471805599453,334.284,-6.2918148135823255
202408,48.0,11.0,17.0,13.008361185342562,12.720353293819112,1075.504,-6.178624248453057
202303,98.0,7.0,66.0,12.40595985232704,12.365505066657832,552.591,-6.271039005393656
202408,104.0,14.0,50.0,12.945232326597358,12.208210358991721,2224.262,-5.319485397273138
202404,295.0,44.0,67.0,12.424436793671058,12.424440812826353,418.589,-6.2918148135823255
202210,63.0,4.0,52.0,11.675945269009405,11.6097889831741,224.367,-6.271039005393656
202308,158.0,10.0,27.0,11.420678588457784,9.563739957780994,423.945,-6.271039005393656
202212,62.0,14.0,2.0,8.826734598220911,8.826881344130634,208.358,-6.271039005393656
202301,458.0,98.0,108.0,14.97816374397577,14.764521690896947,3603.07,46.19891702469078
202301,301.0,103.0,50.0,11.752154941270083,11.44374686195053,888.879,2.1954191155017426
202408,49.0,21.0,21.0,13.234952503590604,13.182701840634241,3721.276,-6.158082657457575
202210,114.0,56.0,46.0,13.014501959317604,12.888770420719979,1378.128,-4.292947133744094
202303,110.0,22.0,33.0,12.703128905210166,12.703131946799335,486.036,-6.235381726775383
202207,329.0,84.0,69.0,13.87784101812847,13.54638065811336,2928.574,8.507466524328743
202404,54.0,13.0,19.0,11.675069824325366,11.675078327473656,319.77,-6.163742778023453
202307,47.0,18.0,8.0,11.824138499948374,11.351617566584054,894.517,-4.216292139959348
202208,59.0,12.0,16.0,11.837845517026814,11.837852742851911,378.896,3.431479349509548
202410,57.0,2.0,14.0,12.54372275960986,10.350158581455416,885.666,-6.271039005393656
202402,20.0,5.0,4.0,9.077037524661762,9.077151777732437,271.956,-0.45783831572720146
202311,485.0,36.0,184.0,13.716249182457037,13.251229655282716,2248.346,-6.2918148135823255
202404,32.0,8.0,7.0,6.311734809152915,6.313548046277095,26.2,-6.2918148135823255
202310,105.0,21.0,14.0,11.088323407952855,11.088338697654477,161.485,-6.2918148135823255
202212,163.0,5.0,5.0,9.66097003203872,8.782783017393202,141.18,-6.2620518727231165
202409,29.0,1.0,3.0,5.236441962829949,5.241747015059643,30.593,-6.2918148135823255
202407,64.0,3.0,9.0,13.20000011613134,12.515797481357502,1974.839,10.711407695471562
202310,210.0,35.0,57.0,12.756543892162526,12.651969271932673,1001.372,1.743522893459776
202309,330.0,62.0,38.0,9.5302475917227,9.521861033907806,463.43,-2.6011311830196573
202210,66.0,20.0,23.0,14.364417207224678,14.028336262899758,8142.576,-5.158201050039138
202303,29.0,8.0,10.0,10.91018555548575,10.9102038264997,91.492,-6.2918148135823255
202208,113.0,27.0,56.0,14.028216627786708,13.922169730002752,2666.694,-5.95730507264569
202210,192.0,41.0,68.0,14.152878821604782,14.115277315577071,1904.77,14.447316714226227
202409,361.0,167.0,78.0,13.576156320602083,12.604862188216249,2960.202,3.048813483023819
202303,14.0,5.0,6.0,11.403936150958323,11.272902758846767,425.167,-6.291742704741504
202402,113.0,9.0,13.0,12.289563248529156,11.449389108164857,398.862,-6.250263197204988
202303,219.0,21.0,106.0,13.627439705598313,12.884948473052548,1234.61,-6.156574602244373
202405,253.0,90.0,36.0,13.581448870124031,12.592840714953775,1307.738,-1.6575115969057244
202409,17.0,5.0,4.0,8.686260632531775,8.686429508661536,115.566,-6.2918148135823255
202408,188.0,0.0,0.0,13.300683606218772,12.618255141385863,5789.348,-6.19812621862171
202408,167.0,44.0,47.0,10.75541041537748,9.554568170613157,352.764,-4.595275654021956
202307,155.0,39.0,60.0,12.872521578557949,12.658297286041345,1684.107,-6.276933343152721
202303,52.0,15.0,16.0,11.65725089183604,10.61430273074948,362.101,-6.2918148135823255
202308,7.0,0.0,2.0,12.748693404032558,12.617364080915328,870.296,-6.163963505379513
202212,36.0,7.0,17.0,12.430407486976437,12.351003813105569,447.929,-6.234431325208313
202402,195.0,62.0,54.0,13.114542876851534,12.942219447858148,739.359,1.3531158883865455
202312,142.0,9.0,31.0,13.512682359865076,13.355530128203853,2530.733,-4.313722941932763
202410,9.0,1.0,1.0,10.713550726313105,0.6931471805599453,889.674,-6.2918148135823255
202406,92.0,37.0,30.0,10.602268831713166,10.082470208064567,1447.618,-1.5729061905991797
202406,213.0,97.0,48.0,12.326820171628345,12.325316835402846,654.52,-0.9199376200533393
202310,203.0,49.0,38.0,12.117285146715043,11.930523339168184,787.387,11.497075454428684
202407,249.0,78.0,45.0,10.128669025875903,10.126831083853004,294.747,-3.831843771579251
202404,35.0,11.0,10.0,13.630892766841004,13.391286088169066,2300.331,-0.07645927210994241
202312,405.0,33.0,172.0,14.41261203829105,14.357408595165769,3842.645,-6.165341007558852
202306,51.0,5.0,12.0,11.959602891412397,11.532071013692459,774.813,-6.2918148135823255
202207,116.0,3.0,2.0,10.004915345166241,10.004960521466762,107.313,-6.271039005393656
202301,170.0,15.0,69.0,14.6159629620114,14.391258941538702,2702.298,12.740767990380013
202403,13.0,3.0,7.0,12.09905520237026,12.099060767123117,1013.861,-6.227889159480919
202310,284.0,76.0,58.0,11.374100083884596,11.370347561495587,359.147,-5.219902464553458
202403,383.0,109.0,70.0,12.497241133366726,12.493778467699928,566.53,16.10836944171433
202303,287.0,76.0,113.0,13.86566645576149,13.477996578917793,1579.532,-5.216507096043242
202405,38.0,3.0,19.0,11.498207687883278,11.163977731947233,396.872,-6.094955753876456
202208,345.0,184.0,41.0,11.84645050573026,11.019792400735156,745.978,-0.9845702769134288
202301,160.0,35.0,45.0,13.049203263583241,12.38468315824347,891.915,0.6230611659722047
202208,113.0,10.0,13.0,10.772938217564464,10.261371765014845,408.178,-6.271039005393656
202312,198.0,48.0,40.0,14.658478055851,13.857144702601325,1602.757,-5.271170887812346
202301,344.0,30.0,113.0,13.989587386870348,13.946098372510566,1155.288,-3.184647831885944
202403,191.0,48.0,51.0,13.818347529951028,13.601054163797519,1129.403,17.815260599823134
202408,216.0,40.0,74.0,12.010246308305057,11.986061682533759,973.658,-6.2425499025544635
202210,357.0,151.0,66.0,12.314402249080977,12.089960088846555,905.189,7.775859536803759
202306,346.0,119.0,81.0,11.83416803094397,11.178431270732643,844.825,-2.679289547254068
202404,377.0,56.0,86.0,14.024321486193973,13.130865134828955,1000.853,-6.000710953668257
202301,182.0,34.0,95.0,12.244057017805863,11.431476769358715,2304.21,16.884190246438756
202408,397.0,213.0,65.0,12.20990529155035,12.206667468587858,1120.376,3.1714757984855684
202307,453.0,182.0,127.0,14.875942845084202,13.57505679570211,3917.249,3.833854928671535
202210,136.0,59.0,34.0,11.289769413577893,11.289194241010271,398.813,-1.8983821014776519
202303,310.0,177.0,75.0,13.844771257525203,13.626488200869224,1938.195,-1.5450280345351386
202401,18.0,6.0,1.0,14.991091603788126,14.092012869122902,3343.131,-4.2193046727611385
202303,152.0,34.0,30.0,11.643400943040573,11.643409719782207,403.278,4.951992948269529
202404,165.0,73.0,33.0,11.39800831872689,11.362846484513025,208.122,-2.934637171888246
202307,52.0,12.0,9.0,9.054388070202297,9.054504940418054,155.459,-3.3748265646547635
202307,117.0,18.0,58.0,11.916829355011439,11.909706307093426,837.592,-6.2867327161806745
202406,43.0,0.0,0.0,13.880778500509356,0.6931471805599453,7196.039,-6.2918148135823255
202208,122.0,7.0,75.0,12.615894914079748,12.503224735483329,1549.782,-6.2918148135823255
202311,236.0,29.0,55.0,11.847696254951684,11.418186122207434,531.348,-1.1951915652235252
202303,64.0,18.0,15.0,11.842754254110268,11.692927667473606,303.108,-5.266088790410695
202408,118.0,28.0,29.0,11.741120237359931,11.192596226186202,703.208,-3.3540507564660946
202301,100.0,22.0,21.0,12.261034203604147,12.131365262996708,447.83,-6.227889159480919
202308,26.0,3.0,5.0,10.292823278714408,10.292857153479407,62.799,-5.319485397273138
202303,176.0,28.0,80.0,11.615626447202148,11.61563547112909,1021.965,-1.32159766664617
202406,295.0,44.0,67.0,12.052379361081698,12.052385191730504,463.472,-6.2918148135823255
202303,80.0,21.0,30.0,11.208517626825055,10.751113930384133,129.988,-6.271039005393656
202210,8.0,2.0,1.0,12.679395759186251,0.6931471805599453,1653.667,-6.2918148135823255
202311,74.0,3.0,17.0,13.949765188988842,12.549921181668651,3695.537,-3.2135422174207635
202212,38.0,12.0,6.0,12.451153798362284,11.496704615442678,631.133,-6.2918148135823255
202208,74.0,26.0,20.0,9.59947282546345,9.589872098057842,187.56,-5.319485397273138
202308,57.0,2.0,16.0,10.762127984908533,10.140415658820954,71.219,-6.2918148135823255
202306,409.0,115.0,63.0,10.525058169606785,10.495985324946144,583.448,2.034891970098874
202303,2.0,0.0,0.0,12.070052444103062,11.903967052412668,1038.323,-6.163963505379513
202310,45.0,7.0,36.0,10.232539469410996,10.232575449046527,225.546,-6.2918148135823255
202403,341.0,184.0,41.0,12.194060791196929,11.627307167088944,683.035,-1.2380980123278755
202401,88.0,32.0,19.0,10.906506287920108,10.90652462628121,503.083,1.8350592788815394
202212,171.0,8.0,41.0,11.768311592621188,11.768319338764577,255.987,-6.271039005393656
202208,84.0,12.0,24.0,11.610396943847789,11.511083770090858,540.351,-5.158201050039138
202401,104.0,26.0,14.0,14.043283377662146,13.708523164101907,804.854,-3.3748265646547635
202207,39.0,13.0,14.0,10.32551474894327,10.30534616505018,260.904,-6.2918148135823255
202406,326.0,44.0,81.0,12.006633413727524,11.553952238521827,1491.623,-6.194456120449732
202407,123.0,19.0,32.0,12.356705717250458,11.925478725996777,1057.897,12.906653839543415
202407,259.0,65.0,98.0,12.469601616079515,12.42352804996671,1133.723,-6.121565151594428
202210,135.0,39.0,47.0,11.74938003034411,11.647106646436248,497.442,-5.319485397273138
202312,56.0,1.0,1.0,11.97333951078562,11.973345820988902,1828.125,-5.780409580771076
202211,194.0,46.0,23.0,9.371948887172596,9.28618968425962,176.571,-3.3057362470053024
202307,105.0,18.0,26.0,11.67066398650333,11.440956741453137,270.895,0.7680188359964326
202303,39.0,6.0,10.0,13.389019955162281,13.002732635790156,3041.789,-6.213007689051315
202309,2.0,0.0,0.0,8.953381472167242,0.6931471805599453,3.516,-6.2918148135823255
202405,332.0,116.0,132.0,12.89593192686846,12.863652232164052,1635.178,13.950469181849302
202210,34.0,11.0,11.0,12.206872325700738,12.08549132331937,967.418,-0.13530282880969757
202309,57.0,8.0,10.0,10.698310970126737,10.348461793739006,256.205,-5.304603926843534
202409,92.0,37.0,23.0,12.449520658984705,10.3469546827773,715.437,-5.255559743171732
202404,202.0,22.0,78.0,14.903889329018963,14.475122671409006,2939.581,15.263233689445178
202210,88.0,26.0,25.0,11.434196061202137,11.434206880258824,1565.536,-2.2878945839866356
202303,57.0,7.0,37.0,13.833352440727218,13.791536462178868,1840.375,-2.113361492908764
202410,199.0,9.0,10.0,10.106918072540317,9.139917907679637,337.587,-5.224846400745453
202312,148.0,23.0,40.0,14.327477530144291,13.280981207499048,1390.196,23.408659350510625
202207,556.0,210.0,154.0,12.509715415685454,12.266287771750024,2238.977,13.925384629135527
202303,203.0,8.0,16.0,11.059849746745142,10.71274971165176,260.099,-6.275982941585651
202407,217.0,46.0,87.0,14.912312876290526,12.905644145886003,6432.963,-5.2070245063548795
202303,119.0,27.0,32.0,14.605237112560689,13.599037211291119,1980.576,1.3204483923251482
202303,32.0,8.0,7.0,4.867534450455582,4.875197323201151,20.125,-6.2918148135823255
202210,91.0,17.0,10.0,10.854778565594904,10.80196048603731,119.378,-6.2918148135823255
202210,82.0,19.0,37.0,12.136036372746506,12.107500150156337,322.923,-6.2918148135823255
202403,252.0,13.0,25.0,12.706514544541426,12.58853180117007,806.53,4.48851022810881
202403,202.0,6.0,26.0,12.708162220903553,11.853354150230556,445.445,-6.256157534964052
202310,102.0,19.0,31.0,12.10170608018448,12.10171163020543,569.335,-1.7422130591957998
202407,6.0,2.0,4.0,12.944773807081946,12.944776195749153,2067.379,-6.2918148135823255
202307,758.0,249.0,132.0,13.303844581200591,13.08097247108444,2688.006,22.619294298792227
202408,85.0,13.0,16.0,12.278142112772446,12.278146765092908,637.932,32.583827021868515
202310,11.0,0.0,0.0,14.69308125132668,12.933411085796376,4012.545,-6.227889159480919
202312,89.0,28.0,23.0,11.856550629724486,11.426212225351417,1494.708,-2.2878945839866356
202301,17.0,5.0,6.0,13.131051525901759,11.273144272502995,505.885,-3.3748265646547635
202406,61.0,4.0,26.0,13.767110967510996,13.521572960449976,2816.484,1.7541048009794729
202408,37.0,8.0,15.0,13.288452227147346,13.21389369524992,2389.969,-3.5353043514617237
202403,107.0,13.0,22.0,12.177112314169202,12.148962465821059,493.23,9.329381501466077
202303,276.0,39.0,94.0,15.246523950283382,14.244483186474477,6435.845,-1.3967346930052011
202210,88.0,35.0,31.0,12.803864645273263,12.712968558085315,811.909,-3.3748265646547635
202211,428.0,144.0,74.0,9.461410325931231,9.247732491193245,260.951,-0.18720487029606492
202410,241.0,56.0,43.0,11.032370364222485,10.866814530411713,526.675,3.163601974430774
202310,35.0,12.0,7.0,13.624946726757864,13.4135034640274,668.297,-2.33857149424417
202309,80.0,6.0,9.0,12.377413298946808,11.1588328981095,653.779,-0.43706250753853215
202208,122.0,58.0,45.0,12.43777149568678,12.334725281351387,1179.899,-2.6433266354602556
202210,150.0,12.0,9.0,11.96646301943254,10.778977123006351,102.626,-6.2620518727231165
202208,301.0,88.0,98.0,13.763898265333772,13.272777943786277,1557.973,7.366944453122665
202311,250.0,13.0,25.0,12.0613647420295,11.923198994070697,781.21,4.48851022810881
202312,68.0,6.0,30.0,13.16751072408739,12.677141332400627,2100.11,-6.271039005393656
202407,8.0,2.0,1.0,13.175062083737691,0.6931471805599453,3040.378,-6.2918148135823255
202306,74.0,21.0,33.0,12.660953119154069,12.648833538382036,682.343,-6.276933343152721
202403,86.0,20.0,39.0,14.308259172698106,13.9182747059748,2466.683,1.6866200005580119
202212,46.0,18.0,2.0,10.97409466479416,10.954781093969759,144.945,-6.227889159480919
202308,33.0,8.0,20.0,11.087895201367225,11.01552597264265,598.609,-6.258381774551138
202404,748.0,466.0,135.0,12.966492886215608,12.966495223562557,1662.853,15.39030596484107
202301,200.0,78.0,80.0,11.295652150054389,10.993462647808574,489.083,-5.035465046788473
202405,321.0,16.0,13.0,13.772097710080093,13.57334217679102,3352.927,-4.091453364558326
202401,760.0,135.0,209.0,15.166636444510829,13.864227386111352,4765.117,37.7531977012003
202408,125.0,27.0,58.0,13.02296726152061,12.868948745238383,1703.53,-6.2867327161806745
202311,60.0,6.0,14.0,15.226631181279615,14.156495454345952,11349.397,-6.227889159480919
202301,26.0,2.0,10.0,13.886691034896637,13.577094726815412,3413.687,-6.1410595135872885
202401,553.0,232.0,161.0,15.085351717556287,14.51162981751867,5808.199,17.04744953556464
202303,575.0,220.0,205.0,14.982601408106834,14.88077183303797,4926.867,29.324729285806562
202405,103.0,14.0,44.0,12.6970546811611,12.47208792921597,1002.696,14.199091803569493
202405,29.0,4.0,11.0,13.683289164059483,13.450145103551037,1364.02,-4.029702591448098
202310,48.0,6.0,22.0,13.953027373230986,13.435077029380942,1954.443,-6.179574650020127
202405,22.0,5.0,1.0,12.85232212009158,12.462503960190542,2034.787,-6.100037851278107
202309,24.0,0.0,1.0,9.029537661151497,6.025865973825314,0.664,-6.271039005393656
202410,139.0,20.0,6.0,10.799779637903594,10.690534828289124,238.116,-3.901884490795782
202303,45.0,16.0,14.0,9.8230364281385,9.8230906154641,230.207,-5.319485397273138
202303,343.0,74.0,161.0,13.013947086506285,12.901614456672364,981.729,-6.039817603102448
202401,264.0,19.0,58.0,12.38404308325336,12.384047268080431,934.423,-6.250263197204988
202404,84.0,6.0,12.0,12.870614569079784,12.511216372043071,1187.553,-6.2867327161806745
202210,200.0,62.0,70.0,13.313314260896338,13.063871604447831,2124.788,9.60287280471178
202407,44.0,11.0,21.0,12.276037044931012,12.276041707055215,3281.631,-4.999857126766107
202303,33.0,8.0,4.0,11.573239450308854,11.573248864953333,132.295,14.127102928910608
202308,13.0,1.0,2.0,12.078398352275762,7.358193752733032,436.693,-6.271039005393656
202402,165.0,40.0,26.0,13.091916540977119,10.741276056255325,2501.129,-3.2418931590503
202303,118.0,26.0,32.0,13.93327048224248,13.187298694807849,1767.729,1.3204483923251482
202208,103.0,16.0,30.0,12.222206787448728,12.220985888262469,766.142,-4.211915769625998
202406,53.0,9.0,33.0,11.977658981535452,11.746344046892183,548.192,-6.232523868960818
202212,158.0,36.0,64.0,12.598175542268105,12.091598504439109,783.947,-3.278197545733179
202303,46.0,10.0,13.0,12.405366029297516,12.004977971312842,507.639,1.5507461709925794
202410,141.0,18.0,21.0,13.261197933367871,12.95211109303917,1593.389,25.08136954867826
202312,226.0,74.0,41.0,11.019759651431075,11.01977602621718,320.897,-2.8305867621847476
202309,515.0,124.0,74.0,11.779978718923852,11.763972079614486,687.783,-2.881207357475306
202303,217.0,29.0,78.0,13.142213062416806,12.989327861812466,914.074,-5.319485397273138
202301,352.0,127.0,88.0,14.186030811725054,13.603388545732994,2843.978,13.524522613159261
202212,145.0,98.0,19.0,12.110711964450681,12.086100340170743,351.047,-3.906966588197433
202310,60.0,2.0,10.0,13.244012707082067,12.521259227141599,1497.249,10.711407695471562
202211,15.0,9.0,0.0,13.67640250175895,0.6931471805599453,2237.382,-6.227889159480919
202410,22.0,7.0,5.0,10.808555544387803,9.992871113670814,345.508,-6.2918148135823255
202208,87.0,15.0,31.0,13.5112708276037,12.622932585252212,4168.584,13.685072430014456
202312,50.0,12.0,38.0,13.000046579763401,13.000048839984972,664.427,-6.2918148135823255
202207,107.0,16.0,41.0,14.134731267606842,13.368437208825059,2611.984,-6.271039005393656
202303,76.0,41.0,19.0,13.97028361550291,13.762168851222452,4442.971,-5.183611567707706
202207,190.0,51.0,101.0,11.157678073022682,11.134034125797095,878.666,-6.271039005393656
202401,92.0,34.0,13.0,11.780047623456648,11.780055279222779,281.999,-1.3662420779349826
202404,116.0,24.0,29.0,13.255696000275453,13.173924935805871,1116.536,-6.258381774551138
202303,23.0,8.0,3.0,13.236243696247858,11.041288502561814,102.467,-6.2918148135823255
202212,169.0,10.0,17.0,11.439623321895178,11.43963408239339,190.141,-6.276933343152721
202306,59.0,6.0,19.0,13.440549436338223,12.896130057668039,2094.023,-4.347155980963951
202208,170.0,17.0,73.0,13.226310694967951,13.098781497721708,2783.864,-6.163963505379513
202401,173.0,33.0,28.0,12.603999411600038,12.548285515994452,637.113,-6.2918148135823255
202210,176.0,21.0,63.0,13.187446750083337,12.627332359536979,1588.774,21.201818048918973
202310,13.0,5.0,0.0,12.090392397465493,11.303265598814678,643.294,-6.258381774551138
202303,66.0,20.0,23.0,14.517256165868488,14.137334603188268,7443.453,-5.158201050039138
202310,227.0,86.0,76.0,13.12921584552488,13.022929707688844,1506.039,10.257255902989138
202303,88.0,7.0,15.0,12.432171824670016,11.931990999895294,426.829,-6.2918148135823255
202301,474.0,198.0,93.0,12.99717650083535,12.552615432086297,1828.602,10.461203517475537
202407,293.0,112.0,127.0,13.90063356978082,13.595568127590973,5252.217,-5.935578862889951
202303,253.0,61.0,97.0,13.498017864900698,12.652497338692582,1486.322,13.08523394510152
202408,131.0,19.0,45.0,14.273444136336911,13.887606077922358,8124.453,9.46017323362986
202408,169.0,16.0,73.0,13.309373923684415,13.196986502558241,2950.983,-6.163963505379513
202405,108.0,21.0,42.0,12.01996593406831,11.830869975548897,429.363,-6.14519120942187
202210,1096.0,201.0,163.0,13.522610897542796,13.432891969220595,3344.27,95.85273304677688
202210,143.0,11.0,14.0,11.449857861502654,10.679228031399926,215.57,-6.2918148135823255
202303,103.0,27.0,13.0,11.601805927464103,11.178151784984596,466.062,-3.3748265646547635
202404,186.0,27.0,52.0,14.239141660698062,13.682638376583697,1386.981,13.692321598500532
202403,349.0,127.0,90.0,13.962810108020943,13.321560077978658,2726.623,13.270994877744814
202311,87.0,16.0,21.0,12.32633261106145,11.028482082478357,823.654,0.578416754683392
202402,894.0,189.0,180.0,14.799428162106452,14.713024911768327,5589.474,6.241062330234923
202310,123.0,18.0,34.0,12.275747950772898,11.815212858561026,846.935,12.686559143160155
202407,56.0,5.0,23.0,13.846915228358036,13.484610567502907,2678.76,3.8436437656013194
202303,18.0,3.0,0.0,13.349769829631533,12.316338609777269,1465.041,-6.0682030417823185
202210,39.0,15.0,9.0,11.39910705977001,11.319534871805367,252.183,-6.271039005393656
202207,10.0,4.0,3.0,12.50953825011269,12.035124169376983,1740.739,-6.2918148135823255
202306,121.0,25.0,57.0,13.63906808543749,13.126413165929609,2069.148,-6.11447786699559
202403,35.0,2.0,14.0,14.301527782436871,13.447031938217698,2093.31,-6.143187697190844
202309,67.0,4.0,4.0,8.811503250158239,8.811652248147043,55.068,-6.20711335129225
202409,159.0,17.0,51.0,15.263985506229053,12.64820713799535,7371.312,-4.3263801727752815
202303,92.0,14.0,27.0,12.081812428149489,11.653009094728887,360.477,-6.152904504072394
202303,184.0,44.0,25.0,12.058737851357439,11.563295333130988,367.611,-0.902336453018826
202307,57.0,10.0,20.0,13.27164852541992,11.737907325558078,2768.281,-6.276933343152721
202309,20.0,13.0,5.0,8.326758814511733,8.327000740241713,62.271,-6.2918148135823255
202207,182.0,52.0,49.0,10.293195838031854,10.25969238599024,545.418,-4.5469611445611635
202409,1.0,0.0,0.0,4.418840607796598,0.6931471805599453,247.985,-6.2918148135823255
202212,704.0,215.0,112.0,11.979391594635791,11.510552652074976,1906.719,11.541046640105423
202406,193.0,39.0,70.0,14.3408814840683,14.271305596573976,2275.89,15.199551434152157
202307,5.0,1.0,0.0,14.674922319303505,14.674922742714491,4162.252,-6.100037851278107
202401,171.0,35.0,69.0,15.79681873841074,14.059786831997583,9372.62,-2.053654744498136
202403,43.0,23.0,17.0,8.3654396361887,8.365672383774996,473.876,-6.2918148135823255
202212,25.0,14.0,10.0,13.369179704378796,13.36048696560438,1326.479,-6.2918148135823255
202208,253.0,49.0,64.0,12.237362957551808,11.920847552231567,1595.637,-2.290256984783378
202301,396.0,211.0,64.0,13.539732023126362,13.514075681077824,1332.822,3.1075501443841613
202310,129.0,15.0,64.0,11.794866086792895,11.732205562749716,708.378,5.604401336667392
202310,219.0,30.0,79.0,13.273139226032496,13.09996029184554,1111.274,-5.319485397273138
202309,161.0,24.0,7.0,12.608743854333943,12.303276485772727,2075.387,-6.1883410553346065
202303,345.0,65.0,59.0,13.564286411322144,13.304031387349726,791.048,6.344672656934748
202307,69.0,23.0,19.0,12.417948959250047,8.092239406724211,778.839,-6.0851563808485025
202406,563.0,247.0,213.0,14.219371046024678,14.191926460631052,3605.97,-0.0641371561697408
202211,210.0,27.0,81.0,14.942909830062806,14.025110811443025,7558.453,7.561667519318224
202408,131.0,12.0,24.0,12.938183294620378,9.75927070177572,1265.659,-6.2918148135823255
202301,31.0,0.0,2.0,15.573999310980868,13.465692054822028,3576.562,-3.3748265646547635
202303,52.0,18.0,14.0,11.954581058700477,11.954587488390212,217.202,-5.319485397273138
202303,36.0,12.0,11.0,13.653639653746872,13.256381901361117,2211.704,-6.084935653492442
202310,188.0,18.0,49.0,12.677846581857231,12.649867043951286,672.026,-6.256157534964052
202301,85.0,20.0,39.0,14.637019730289794,14.2161399930288,3057.439,1.6866200005580119
202407,87.0,30.0,12.0,9.194109358865765,9.1942109900463,82.254,-5.287821653279789
202306,277.0,57.0,33.0,12.214506976350616,12.130114501324757,483.386,-5.205668822092183
202405,391.0,71.0,82.0,13.107992610805246,12.66160329464506,1325.841,-2.9133807682273276
202402,48.0,6.0,13.0,13.00121443342878,12.623663933436179,356.921,3.431479349509548
202406,15.0,1.0,1.0,13.493878656809425,13.119627638681315,1653.994,-5.319485397273138
202406,9.0,0.0,2.0,10.714239975170337,10.714262201096881,897.891,-6.163963505379513
202402,99.0,0.0,11.0,11.054739728528418,11.054755540430035,90.565,-6.2620518727231165
202405,36.0,11.0,5.0,11.597165505351557,11.018547172582839,374.618,-6.2918148135823255
202404,231.0,22.0,29.0,13.56478509906399,13.510918311038552,1751.728,5.724084186713993
202301,278.0,6.0,26.0,14.105672552864876,12.428543970951178,961.285,-6.227889159480919
202312,188.0,41.0,21.0,12.193620437590933,12.193625500228416,488.794,-3.190542169645009
202407,251.0,81.0,49.0,12.375270968132712,12.24910339894556,872.302,35.34435347110993
202407,389.0,75.0,83.0,13.349235967203963,12.884405635826965,2338.646,-1.2481075766137195
202403,56.0,4.0,4.0,9.93076219467101,9.737551024991497,67.909,-6.2918148135823255
202303,20.0,1.0,10.0,13.394812007915519,13.172763673187285,3371.303,-5.999738734184544
202301,284.0,89.0,102.0,14.285433558959639,13.811991372890082,2237.932,7.814416221925754
202404,397.0,212.0,65.0,12.798260721108788,12.791345041193628,737.785,3.1714757984855684
202408,43.0,5.0,8.0,11.41394455627644,10.898053276749138,433.491,1.4868205168911732
202303,62.0,17.0,19.0,12.107191095970057,12.107196615632475,500.364,-5.2777956196861435
202408,40.0,4.0,20.0,14.627804732455346,14.482092999598418,3224.568,-5.094275395937732
202303,302.0,58.0,61.0,11.307425348828614,11.297849284733777,576.478,3.2472853305529483
202312,215.0,57.0,62.0,12.152914455410304,12.02452079243831,712.609,-5.047950908870839
202401,86.0,22.0,34.0,11.887800772874387,11.827086358669494,300.161,-6.276933343152721
202408,84.0,9.0,13.0,11.081034242625542,10.816131643490086,432.366,-5.319485397273138
202310,108.0,10.0,15.0,9.794676646677948,9.79473239269909,417.225,-4.682144187396456
202208,193.0,22.0,64.0,12.903418499312444,12.594259337838066,2384.746,-6.088978849970988
202303,420.0,72.0,151.0,13.56744142942554,13.42982601808546,1528.755,-5.214820367151807
202301,293.0,91.0,32.0,13.145204520985692,13.04550393110727,584.472,-0.755002172457008
202405,51.0,10.0,34.0,12.328020330317333,12.302264254943081,681.891,-6.266769148349419
202207,53.0,8.0,16.0,10.682560103927765,10.111923474978063,209.302,-6.237605966362469
202210,157.0,29.0,78.0,10.671742205582879,10.671765396408588,256.227,-4.021584014101947
202301,89.0,31.0,9.0,14.647869964615673,13.376380594303622,4360.109,-4.870834689640164
202306,81.0,17.0,26.0,14.009467493766865,12.786549324132926,4314.61,-4.283230326862545
202403,580.0,248.0,165.0,13.106670891891223,13.08366620717853,1579.56,8.059934435594464
202401,212.0,46.0,83.0,14.783822799013219,14.19098782514029,2633.813,22.07218727016616
202211,473.0,183.0,89.0,11.071423768997114,11.067591033406591,854.215,11.848983662786301
202303,66.0,7.0,19.0,13.908510799186248,13.5937335724735,9557.304,-5.1708582808816566
202410,3.0,1.0,0.0,11.700466708798343,0.6931471805599453,375.094,-6.2918148135823255
202402,109.0,21.0,22.0,13.425157682665171,13.057801389324744,1210.69,-6.256157534964052
202211,1.0,1.0,0.0,13.194622641750346,13.194624502327962,2068.239,-6.2918148135823255
202406,282.0,76.0,58.0,11.604245878047928,11.598983888043474,323.066,-5.219902464553458
202310,88.0,30.0,14.0,11.973579270522276,11.973585579212811,256.077,-6.271039005393656
202212,54.0,22.0,10.0,11.667430367767407,11.667336111003344,405.816,-6.237605966362469
202303,260.0,37.0,35.0,12.618907199114417,12.572997875331072,1482.72,0.17982885910427182
202409,109.0,14.0,32.0,9.666054896487474,9.542589417753089,596.818,-6.227889159480919
202406,413.0,176.0,153.0,13.127983554580116,12.22849927809173,2195.92,7.651948412724895
202410,18.0,2.0,3.0,10.754001663810453,0.6931471805599453,61.074,-6.2918148135823255
202308,32.0,4.0,4.0,10.361418600547594,9.560645068907071,147.1,-6.271039005393656
202303,752.0,144.0,332.0,13.58877807412934,13.55980765726603,2417.076,-6.12830622676124
202301,11.0,3.0,1.0,13.119695822641667,9.473550432503476,498.66,-6.227889159480919
202404,62.0,23.0,21.0,13.026328134805494,12.228856119802002,754.095,-1.4143358600397145
202210,409.0,124.0,189.0,14.398362846608723,13.638455906640688,7098.265,10.187557618035198
202312,36.0,12.0,9.0,12.998293370093123,12.858212918641188,978.442,-6.276933343152721
202306,205.0,71.0,40.0,12.628706195558372,12.568390140295095,1135.582,-6.235381726775383
202303,27.0,17.0,7.0,11.556607366056351,11.556616938594653,110.795,-4.347155980963951
202402,74.0,14.0,40.0,13.274976304066435,12.99586547739165,1186.807,-6.275982941585651
202211,105.0,31.0,36.0,13.494042789194285,13.220397117675693,1722.999,-4.150296921258081
202406,77.0,15.0,10.0,12.984633469048898,11.397682949457952,1641.157,-3.2135422174207635
202404,278.0,20.0,157.0,14.022827120647529,14.01372350837114,1974.779,13.469047419563752
202406,82.0,10.0,22.0,10.878745062174133,10.663288203650593,175.63,-6.271039005393656
202405,51.0,9.0,18.0,11.609171570295956,11.450454139044917,356.782,-6.161023081418544
202406,160.0,15.0,32.0,13.472990671115287,13.384381428100594,2643.031,72.59255214458024
202404,532.0,76.0,50.0,11.516678413839536,11.348828820946935,323.128,9.606859686223348
202303,17.0,4.0,7.0,12.625506402865733,12.411202927691631,1235.244,-6.275982941585651
202303,39.0,5.0,8.0,14.204644366739638,13.887164951124754,2091.54,-3.341393525623576
202208,399.0,130.0,52.0,10.344770153509685,10.333352547467827,804.127,-3.026880560068692
202303,1513.0,221.0,853.0,15.451279350052229,15.265419888879455,9207.109,-0.20718329967289417
202311,111.0,21.0,42.0,11.847724874624848,11.666092804333832,448.336,-6.140109112020218
202312,110.0,22.0,33.0,12.917511508562285,12.91751396324576,559.421,-6.235381726775383
202408,25.0,2.0,4.0,12.372933634628515,10.81335771660736,895.74,-4.3263801727752815
202409,24.0,1.0,6.0,9.232297539328226,9.232395362757014,52.159,-3.3748265646547635
202405,343.0,59.0,38.0,11.733064507264139,11.701154537978644,178.749,-4.296617231916073
202210,50.0,18.0,19.0,14.524146171089937,14.282517827604849,5092.103,-3.1042424778195348
202307,108.0,13.0,8.0,9.141097469234023,8.39773375137891,379.404,-3.3646623698514615
202410,145.0,17.0,67.0,14.150443753726588,13.586733669157681,4944.302,16.719559988596394
202410,212.0,10.0,28.0,12.220709994932903,10.327250888925668,682.411,-6.250263197204988
202404,47.0,11.0,16.0,13.14031134470496,12.531899130978122,706.221,-6.178624248453057
202306,62.0,23.0,21.0,13.439827528140578,13.241539220431825,2276.96,-3.023940136107723
202207,97.0,14.0,32.0,12.601982244832687,12.335753509374625,1125.477,-4.072852437360835
202211,1106.0,389.0,202.0,13.23560991648028,12.725696451532428,2205.107,56.34459515546639
202309,472.0,251.0,150.0,13.41032341122127,13.193986121077296,2680.474,3.700172971619235
202409,159.0,10.0,26.0,11.056524893182312,9.090542808520587,473.88,-6.271039005393656
202308,178.0,15.0,16.0,11.120712162537812,11.107465356849564,151.251,-6.276933343152721
202301,76.0,28.0,28.0,12.269122559241286,12.211552603097957,953.405,-6.153716744429807
202409,56.0,3.0,6.0,11.48586254542054,10.548258233355712,40.142,-6.186337543103582
202310,113.0,28.0,30.0,12.296886367767453,12.280261328712387,810.348,-6.258381774551138
202311,165.0,3.0,9.0,11.677252758391905,11.677261242998707,117.634,-6.271039005393656
202210,110.0,49.0,40.0,13.066939458458037,13.066941572432999,665.146,-6.2918148135823255
202207,141.0,67.0,28.0,12.540664543994545,12.486095460614466,1180.009,0.260957685237166
202309,133.0,9.0,24.0,13.1804643468991,13.1437529800828,1048.078,10.32167448560652
202301,85.0,25.0,19.0,13.3628642156644,13.349747524668519,1321.631,-5.943868808996254
202212,277.0,39.0,58.0,12.805774157004882,12.282158303630348,446.574,5.000014178111876
202307,321.0,16.0,13.0,13.841674283059778,13.685992814150028,4575.123,-4.091453364558326
202307,44.0,11.0,21.0,12.202977861622783,12.202982877108093,3381.818,-5.0637827808675135
202301,203.0,8.0,16.0,11.454087995245734,10.981948152993384,330.248,-6.275982941585651
202301,379.0,25.0,76.0,14.691264254713388,14.470394966398887,3731.004,31.615290969072568
202405,68.0,3.0,15.0,11.959167766595098,11.245986753656346,580.943,-4.3313241089672765
202301,526.0,160.0,191.0,13.370208907118709,13.358871622016357,1970.875,-4.117779786743631
202211,86.0,22.0,34.0,11.257026256916028,11.257039173057976,236.436,-6.276933343152721
202406,236.0,29.0,55.0,11.89913299721469,11.344684312384278,543.348,-1.1951915652235252
202306,30.0,11.0,13.0,11.964274932181018,11.964281299843481,869.152,-6.20711335129225
202210,165.0,13.0,17.0,11.737851426846529,11.68015876434271,714.078,-6.271039005393656
202403,97.0,17.0,26.0,15.368913425343372,12.419965541161446,9277.858,-6.2918148135823255
202311,228.0,13.0,92.0,12.638371162519135,12.515658078368917,659.589,7.807344037147072
202210,25.0,14.0,10.0,12.804755288629497,12.797267385231189,1013.29,-6.2918148135823255
202402,33.0,16.0,13.0,13.905611739919733,13.839830418164276,2429.106,-6.00779446309766
202303,29.0,11.0,7.0,11.755597096091984,11.751603725431506,223.136,-3.0908062141700983
202401,102.0,10.0,50.0,13.383904226034952,13.37133216793782,1190.262,20.75215524807929
202404,580.0,248.0,165.0,12.853759486895012,12.827103331167063,1400.419,8.059934435594464
202211,5.0,1.0,0.0,13.48753412954431,13.487535517699596,2826.861,-6.100037851278107
202401,12.0,0.0,0.0,14.311234320500619,0.6931471805599453,5303.903,-6.2918148135823255
202401,55.0,17.0,34.0,13.014098648599113,12.844716120685613,1182.36,-6.2918148135823255
202310,55.0,14.0,19.0,11.543958907550401,11.54396860193493,346.405,-6.163742778023453
202408,60.0,15.0,19.0,10.581292642796804,10.5798445637886,361.417,-5.099390700889879
202312,337.0,104.0,73.0,12.05781622703088,12.019664751019025,612.785,2.891360483269791
202301,505.0,193.0,120.0,14.497431964639283,13.742195502138529,2416.519,11.39797499387837
202306,560.0,125.0,99.0,11.7090184258481,11.62355407979404,635.998,3.1271340288944938
202303,63.0,10.0,32.0,14.198616212880964,13.988734187172815,3234.442,-6.097097427317138
202208,21.0,7.0,5.0,12.911911445680602,12.83778581430598,863.356,-6.227889159480919
202210,60.0,4.0,26.0,13.508119533828616,13.342898730324311,2540.535,2.726434217288661
202301,48.0,10.0,8.0,14.76195991215194,11.890375112605357,1889.008,-5.304603926843534
202306,169.0,10.0,17.0,10.89293580502801,10.89295439394344,181.132,-6.276933343152721
202404,120.0,38.0,30.0,13.35543666530024,12.467829032970164,1041.114,2.492582972231549
202307,180.0,39.0,81.0,13.256198223982043,12.657867751220945,1934.767,23.917530529825406
202207,178.0,18.0,26.0,11.705114840962533,11.584194410900087,765.328,-6.2867327161806745
202307,267.0,93.0,54.0,11.160498627891927,11.079122608830309,507.833,4.653666403061202
202303,203.0,49.0,37.0,12.446729932114858,12.176690177740795,712.434,11.497075454428684
202303,1.0,0.0,0.0,14.838679932558007,14.83868029201183,8179.099,-6.227889159480919
202308,4.0,0.0,0.0,11.9300226573081,11.858265409845085,1452.944,-6.163963505379513
202312,44.0,11.0,21.0,12.578835482538139,12.578838926675099,3139.455,-4.999857126766107
202308,34.0,5.0,5.0,12.325662936006209,8.769973211858753,695.071,-6.2918148135823255
202402,89.0,29.0,24.0,12.545572437334691,12.463006809033175,500.572,-6.2918148135823255
202210,32.0,5.0,2.0,14.541562877278718,14.137157005118329,11138.393,-4.155379018659732
202407,80.0,12.0,36.0,13.19594278131904,12.952658692091829,1390.918,10.271290411545868
202312,28.0,1.0,7.0,16.298639127904806,16.221909300835925,6834.73,-4.075621492561652
202303,93.0,10.0,28.0,12.564019779891394,12.102527148395907,664.459,-5.319485397273138
202306,194.0,22.0,63.0,12.904756967787085,12.61376527087869,1698.654,-6.088978849970988
202404,63.0,15.0,2.0,9.244161920451694,9.244258590179644,177.109,-6.271039005393656
202306,35.0,7.0,11.0,12.903535500157721,12.150797750871419,2167.472,0.5144911005819859
202401,29.0,8.0,10.0,11.194440483363403,11.194454233698567,135.872,-6.2918148135823255
202410,81.0,3.0,7.0,9.685953239986429,9.68601538845915,67.141,-6.2918148135823255
202401,254.0,57.0,29.0,13.82956039513902,13.749670924079835,844.805,26.84236999633857
202208,161.0,26.0,40.0,11.97461336417467,11.593002018224842,496.147,-4.311360541136021
202208,182.0,51.0,50.0,10.360437603332802,10.334587918236123,595.342,-4.5469611445611635
202402,174.0,33.0,46.0,12.905557202432728,11.64022749534341,597.337,-6.258381774551138
202303,160.0,35.0,44.0,12.484537368432346,11.983891131309846,609.477,1.595390582281393
202401,944.0,142.0,199.0,14.989873896765303,14.500396205848318,4794.838,80.4863232418864
202303,104.0,33.0,19.0,9.969836933077662,9.96988372217581,87.298,-5.287821653279789
202303,278.0,6.0,26.0,13.682846217912436,12.319160230346219,833.598,-6.227889159480919
202311,118.0,16.0,75.0,12.281314617320337,12.214521850257075,428.037,-6.255207133396982
202408,106.0,14.0,23.0,13.24776355108786,12.465154606049968,1945.193,11.274040334084452
202312,228.0,19.0,57.0,13.459917885301506,13.01685618432323,1492.504,-4.296617231916073
202311,115.0,2.0,4.0,13.326289857950668,10.22886272963353,699.807,-6.20711335129225
202210,68.0,8.0,27.0,12.891671408332789,11.540608723070166,798.554,-6.2918148135823255
202303,13.0,3.0,6.0,11.991795917494668,11.9918021123028,920.554,-6.163963505379513
202312,108.0,13.0,32.0,13.42020615461874,12.696482273928243,1261.174,10.132691126652565
202410,1165.0,151.0,101.0,12.69235862000631,11.852820408868944,2257.383,19.302012875437427
202309,22.0,4.0,7.0,10.492245967358542,8.715388097366482,167.639,-6.2918148135823255
202407,258.0,37.0,34.0,12.476237177884242,12.461969889982447,1964.662,0.17982885910427182
202403,68.0,11.0,27.0,12.162992895864491,12.162998115956626,419.829,6.026219188993528
202410,205.0,18.0,28.0,12.067373638039522,9.14686794902061,332.658,-6.204668384349104
202212,134.0,44.0,40.0,13.152044502261244,12.138751590065427,544.007,-4.283230326862545
202210,288.0,53.0,143.0,13.552816339067807,13.4870162131672,2401.117,-5.051076191429087
202407,150.0,11.0,9.0,10.631494991732007,9.748528212497986,110.651,-6.2620518727231165
202303,144.0,41.0,47.0,12.561429721462213,11.893004386687977,780.958,0.6267312641441842
202408,121.0,39.0,31.0,12.244740321171012,11.14998809577284,1836.758,2.492582972231549
202210,116.0,23.0,69.0,12.651540212430909,12.549414092156487,493.463,-6.2918148135823255
202403,135.0,1.0,2.0,9.014690384970896,9.014811987694946,24.242,-6.2918148135823255
202310,29.0,5.0,15.0,11.852749221824956,11.8527563407574,536.239,0.734585796965245
202405,417.0,111.0,41.0,8.378850241794492,8.379079889286603,244.223,-1.2226533802796187
202401,167.0,60.0,57.0,14.300053600809889,13.55952868265091,1720.049,13.903332454424996
202306,150.0,15.0,21.0,13.288669028214585,13.278648919647441,1378.832,-5.224846400745453
202408,215.0,35.0,82.0,9.574080300037034,0.6931471805599453,863.492,8.768923743844367
202303,50.0,6.0,22.0,13.79054140714073,13.534015970153646,4199.696,1.740348252305619
202307,14.0,5.0,2.0,11.903060329746765,11.559885383833507,490.895,-3.296019440123753
202303,494.0,15.0,11.0,12.597584187186085,12.424472965487189,1526.184,-1.5809287119617998
202404,18.0,6.0,1.0,14.668519791649702,13.820987531922517,2392.449,-4.2193046727611385
202406,333.0,113.0,74.0,13.620345677646377,13.600044955617864,2137.682,-2.6820414920359474
202303,42.0,0.0,0.0,13.894059227040835,0.6931471805599453,5825.786,-6.2918148135823255
202301,182.0,43.0,54.0,13.962428573591897,13.565686732468551,1382.351,20.104104962802445
202303,311.0,135.0,30.0,11.698043109066184,11.292677716768043,459.568,-2.855830047357235
202409,21.0,6.0,3.0,14.532721860973105,14.445333413285708,2713.468,-6.173680312261062
202308,57.0,2.0,14.0,12.743988979759683,10.276808185095502,921.481,-6.271039005393656
202406,101.0,10.0,50.0,12.774687817262397,12.751218533299603,798.285,20.75215524807929
202408,201.0,40.0,56.0,12.973872649785278,12.683920428798958,1701.162,-3.3748265646547635
202410,126.0,4.0,4.0,9.427868184504756,9.427948631791715,82.526,-6.2918148135823255
202303,106.0,24.0,24.0,13.579837590313296,12.77402784938709,1010.473,12.264191644784214
202212,88.0,7.0,15.0,12.717512080875288,12.256214277008503,527.005,-6.2918148135823255
202207,79.0,21.0,29.0,11.514544154185685,10.376143910184616,180.56,-6.271039005393656
202301,3.0,0.0,0.0,13.688403059308571,12.725351440360757,1226.026,-6.227889159480919
202301,1.0,1.0,0.0,14.32830663910339,14.3283072379221,1911.965,-6.2918148135823255
202404,252.0,23.0,89.0,14.497801522480934,14.136526095761248,3535.291,41.19067926259531
202405,105.0,25.0,40.0,11.690360100190789,11.690368474313075,357.086,-1.2682573747507027
202410,54.0,9.0,3.0,10.870091098283872,10.669397157549227,659.755,-6.2918148135823255
202406,101.0,10.0,19.0,12.44247984447737,12.143228687808671,624.02,7.335678485175901
202312,84.0,9.0,13.0,12.288127174287721,12.176077247994773,372.251,-5.319485397273138
202308,56.0,6.0,29.0,11.241077370820976,11.241090494611127,883.571,-5.908260888973889
202210,99.0,14.0,26.0,11.96328107996657,11.922302909898308,1086.121,-6.2918148135823255
202208,96.0,21.0,25.0,11.57756085641572,11.530706442265316,347.853,-4.1062854763920225
202210,88.0,26.0,25.0,11.434196061202137,11.434206880258824,1565.536,-2.2878945839866356
202207,105.0,23.0,22.0,12.865013917757821,12.353194394485389,1197.41,12.264191644784214
202403,341.0,170.0,36.0,12.654673868515474,12.622510663789269,1261.334,-5.158201050039138
202211,581.0,99.0,87.0,12.76297905211881,12.48965633105579,862.606,12.093734456788097
202410,394.0,66.0,30.0,9.03145291191651,9.031572493381526,253.654,-6.250191088364167
202210,102.0,43.0,12.0,11.706772019768783,11.589062092296585,359.36,-6.227889159480919
202405,193.0,45.0,22.0,10.702952290643179,9.347751727799142,153.456,-3.2849604388166336
202303,216.0,57.0,63.0,11.67069814884277,11.547916090056782,654.137,-5.047950908870839
202312,66.0,20.0,23.0,14.578409521964632,14.182868039874629,8661.186,-5.158201050039138
202312,210.0,23.0,75.0,14.778581435272995,13.739732576736715,2039.482,-0.17381796524253623
202404,1.0,0.0,0.0,13.426948288591145,0.6931471805599453,17.759,-6.2918148135823255
202303,29.0,11.0,7.0,11.730332594432502,11.709905722772842,227.581,-3.0908062141700983
202402,64.0,18.0,29.0,12.797801529664916,12.730715371967658,1450.644,-6.1783150217409615
202405,9.0,0.0,2.0,10.685995431600869,10.68601829423076,586.214,-6.163963505379513
202402,51.0,18.0,16.0,13.538292215906695,12.305306934120564,619.299,-6.2918148135823255
202303,264.0,109.0,116.0,12.632568384798976,12.589837326659,1052.314,0.36590500164775364
202303,51.0,20.0,9.0,10.106060982105628,9.845328638362595,529.926,-4.216364248800169
202301,84.0,11.0,24.0,12.86328431076035,12.446344663522849,453.025,-5.158201050039138
202401,556.0,212.0,153.0,14.140273074056445,13.832088383328369,2504.724,13.060130712840484
202307,34.0,11.0,10.0,12.68706566957551,12.542441305358924,1185.945,0.8370265874994898
202210,126.0,14.0,50.0,14.192307980002248,13.326855670342704,2863.105,16.601872875196882
202301,376.0,139.0,70.0,12.41694116596877,11.875782261821751,1038.926,-1.1104901029334506
202211,86.0,29.0,14.0,12.17695274695632,12.176957894683214,196.484,-6.271039005393656
202303,86.0,22.0,34.0,11.813726111415066,11.813733513640916,229.337,-6.276933343152721
202212,34.0,15.0,9.0,10.351341427136079,10.351373376528244,93.747,-6.194456120449732
202303,275.0,9.0,1.0,11.193092032501362,9.810604425056072,312.563,-6.256157534964052
202410,488.0,76.0,89.0,12.349302480851062,12.11836102342615,484.119,-1.2466130112376437
202210,82.0,15.0,32.0,11.9229800254122,11.922986661530603,513.817,-5.139428754081495
202210,66.0,3.0,16.0,13.247401806699557,12.713814519423252,1700.546,13.636451673312243
202404,396.0,18.0,15.0,12.906259985906262,12.554402868933343,1205.142,-6.250263197204988
202405,528.0,336.0,79.0,12.810254723639385,12.803685871250028,750.908,-1.834163689971951
202211,209.0,28.0,47.0,13.244195094964935,13.170278873448813,2261.973,-6.076321619128469
202301,310.0,177.0,75.0,14.324909764881292,13.861359257407777,2140.508,-1.5450280345351386
202408,224.0,72.0,41.0,10.436847363606699,10.43687669471087,382.578,-2.8305867621847476
202408,340.0,21.0,35.0,14.047437819300063,13.072311417505384,4528.692,-2.799396960550293
202307,334.0,155.0,81.0,13.400610076389624,12.829762561074897,2446.125,6.824557668630288
202307,311.0,135.0,30.0,11.363125307880228,10.896628208262003,564.022,-2.855830047357235
202211,62.0,9.0,4.0,11.488878643811676,11.135333272776109,326.098,-6.2918148135823255
202404,262.0,36.0,56.0,12.49816000046086,12.098793624049717,450.374,3.055355345493501
